    时间	    开度值	      蜗壳压力	      尾水管压力	    流量	      转速	      出力	  单位转速	  单位流量	  单位力矩	球阀前压力	球阀后压力	蜗壳进口压力	尾水管出口压力
   0.000	   0.600	       534.467	        56.638	   -61.829	  -428.600	  -319.714	   -83.040	    -0.162	    20.856	469.469574	469.817059	534.467365	2323.458992
   0.200	   0.600	       523.343	        61.671	   -60.948	  -419.974	  -301.695	   -83.164	    -0.163	    20.981	455.444607	455.444607	525.623189	2327.097075
   0.400	   0.596	       510.967	        67.375	   -59.718	  -411.682	  -284.087	   -83.166	    -0.163	    20.976	443.573591	443.573591	513.572390	2332.162991
   0.600	   0.592	       499.981	        73.353	   -58.522	  -403.714	  -267.821	   -83.161	    -0.163	    20.966	432.441124	432.441124	502.461012	2337.783493
   0.800	   0.588	       489.302	        78.623	   -57.364	  -396.052	  -252.781	   -83.149	    -0.163	    20.954	421.641584	421.641584	491.641881	2342.836608
   1.000	   0.584	       474.857	        78.364	   -55.894	  -388.687	  -237.998	   -83.032	    -0.161	    20.812	407.506151	407.506151	477.435917	2341.938953
   1.200	   0.580	       458.764	        75.073	   -54.311	  -381.625	  -224.034	   -82.846	    -0.159	    20.607	392.403462	392.403462	462.319108	2338.086625
   1.400	   0.576	       444.492	        72.295	   -52.630	  -374.858	  -210.887	   -82.591	    -0.157	    20.341	377.929951	377.929951	447.749947	2334.755812
   1.600	   0.573	       430.700	        69.401	   -51.111	  -368.367	  -199.002	   -82.348	    -0.154	    20.108	363.969884	363.969884	433.811993	2331.251486
   1.800	   0.569	       420.465	        69.830	   -49.817	  -362.127	  -188.277	   -82.154	    -0.153	    19.931	353.683517	353.683517	423.859521	2331.963122
   2.000	   0.565	       413.079	        72.792	   -48.638	  -356.116	  -178.448	   -81.993	    -0.151	    19.785	345.598750	345.598750	415.359336	2333.897125
   2.200	   0.561	       404.890	        74.497	   -47.434	  -350.322	  -169.234	   -81.839	    -0.150	    19.636	337.510113	337.510113	407.183061	2335.328333
   2.400	   0.557	       397.852	        76.873	   -46.256	  -344.737	  -160.582	   -81.687	    -0.148	    19.481	330.278178	330.278178	399.993005	2337.494791
   2.600	   0.553	       388.902	        76.446	   -44.918	  -339.355	  -152.127	   -81.474	    -0.146	    19.246	323.673702	323.673702	392.428305	2337.086903
   2.800	   0.549	       388.944	        82.610	   -42.294	  -334.215	  -141.803	   -80.956	    -0.138	    18.542	325.704774	325.704774	393.963789	2340.624037
   3.000	   0.545	       388.610	        89.113	   -39.447	  -329.366	  -131.548	   -80.603	    -0.130	    17.816	325.208957	325.208957	393.324370	2346.394356
   3.200	   0.541	       387.249	        95.355	   -36.507	  -324.808	  -121.771	   -80.435	    -0.122	    17.124	323.857043	323.857043	392.003586	2351.796268
   3.400	   0.537	       385.745	       101.867	   -33.865	  -320.520	  -113.516	   -80.417	    -0.115	    16.605	321.290629	321.290629	387.818786	2358.736447
   3.600	   0.533	       378.978	       102.550	   -30.511	  -316.484	  -104.825	   -80.380	    -0.105	    15.914	316.074642	316.074642	384.103757	2357.194424
   3.800	   0.529	       371.674	        99.806	   -27.040	  -312.709	   -96.534	   -79.998	    -0.093	    15.048	308.968722	308.968722	376.616651	2354.658700
   4.000	   0.525	       368.730	        96.597	   -23.747	  -309.228	   -87.325	   -78.991	    -0.082	    13.725	305.879817	305.879817	373.893889	2351.177358
   4.200	   0.522	       363.428	        92.757	   -20.732	  -306.058	   -78.417	   -78.331	    -0.072	    12.500	299.215481	299.215481	367.767888	2347.126247
   4.400	   0.518	       357.561	        90.950	   -18.155	  -303.175	   -70.905	   -78.138	    -0.063	    11.571	292.372472	292.372472	360.699832	2345.648101
   4.600	   0.514	       351.571	        90.172	   -15.775	  -300.543	   -64.224	   -78.192	    -0.055	    10.774	286.123508	286.123508	354.901067	2343.771595
   4.800	   0.510	       345.908	        89.703	   -13.412	  -298.145	   -58.057	   -78.319	    -0.048	    10.008	280.938395	280.938395	349.241541	2343.514208
   5.000	   0.506	       342.411	        90.810	   -11.262	  -295.953	   -52.747	   -78.427	    -0.040	     9.322	277.371230	277.371230	345.468611	2344.276482
   5.200	   0.502	       337.699	        89.972	    -9.184	  -293.950	   -47.747	   -78.482	    -0.033	     8.624	273.069799	273.069799	341.994800	2343.796288
   5.400	   0.498	       338.722	        95.009	    -6.460	  -292.151	   -41.751	   -78.620	    -0.023	     7.709	275.640333	275.640333	343.507309	2347.470673
   5.600	   0.494	       338.271	        98.939	    -3.349	  -290.584	   -36.044	   -78.895	    -0.012	     6.810	275.765811	275.765811	343.227122	2351.017434
   5.800	   0.490	       340.016	       104.123	     0.124	  -289.218	   -31.559	   -79.089	     0.000	     6.078	277.247823	277.247823	344.541536	2356.347476
   6.000	   0.486	       347.778	       107.732	     2.876	  -288.022	   -21.114	   -78.082	     0.011	     4.013	283.309841	283.309841	350.826068	2360.713982
   6.200	   0.482	       344.552	       110.240	     6.798	  -286.888	   -28.375	   -78.741	     0.025	     5.549	284.552810	284.552810	350.972007	2361.128566
   6.400	   0.478	       349.060	       110.362	    10.792	  -285.727	   -30.132	   -77.734	     0.040	     5.814	289.172881	289.172881	355.912878	2361.875070
   6.600	   0.474	       355.007	       107.798	    14.742	  -284.469	   -34.493	   -76.096	     0.053	     6.463	292.388831	292.388831	359.452552	2358.543462
   6.800	   0.470	       360.975	       105.204	    17.610	  -282.935	   -39.313	   -74.447	     0.063	     7.165	297.325422	297.325422	364.362247	2357.937104
   7.000	   0.467	       364.718	        98.489	    20.427	  -281.478	   -45.248	   -72.636	     0.071	     7.973	307.362152	307.362152	368.078478	2354.499493
   7.200	   0.463	       369.580	        92.543	    23.363	  -279.411	   -52.572	   -70.728	     0.080	     8.980	309.303566	309.303566	376.494893	2347.465394
   7.400	   0.459	       377.273	        91.435	    25.385	  -277.032	   -59.551	   -69.069	     0.085	     9.952	314.654480	314.654480	381.595923	2345.285190
   7.600	   0.455	       384.055	        86.264	    27.356	  -274.395	   -67.878	   -67.052	     0.090	    11.002	322.142134	322.142134	388.727757	2333.974499
   7.800	   0.451	       390.721	        84.967	    28.732	  -271.314	   -73.693	   -65.450	     0.094	    11.773	316.657056	316.657056	385.829505	2340.113665
   8.000	   0.447	       400.092	        84.669	    30.176	  -267.957	   -80.381	   -63.661	     0.097	    12.611	336.010568	336.010568	408.800510	2342.497659
   8.200	   0.443	       413.040	        84.872	    31.639	  -264.232	   -88.573	   -61.561	     0.099	    13.552	347.950937	347.950937	417.743556	2341.371926
   8.400	   0.439	       428.015	        86.957	    32.960	  -260.064	   -96.495	   -59.447	     0.102	    14.440	370.268696	370.268696	440.869622	2338.112933
   8.600	   0.435	       437.260	        86.963	    34.084	  -255.517	  -102.232	   -57.644	     0.104	    15.167	374.097806	374.097806	440.712323	2346.650154
   8.800	   0.431	       448.328	        86.134	    35.666	  -250.596	  -109.097	   -55.615	     0.107	    15.971	379.664174	379.664174	445.260486	2343.544840
   9.000	   0.427	       460.493	        87.227	    37.135	  -245.266	  -115.106	   -53.635	     0.110	    16.716	395.516002	395.516002	464.412371	2345.123482
   9.200	   0.423	       468.668	        84.820	    38.576	  -239.547	  -120.486	   -51.672	     0.112	    17.431	395.613058	395.613058	472.467275	2342.373054
   9.400	   0.419	       476.656	        85.451	    39.732	  -233.475	  -123.769	   -49.899	     0.115	    18.036	422.361483	422.361483	487.516106	2345.108416
   9.600	   0.416	       480.287	        83.791	    40.721	  -227.068	  -125.691	   -48.216	     0.117	    18.590	415.840416	415.840416	483.165041	2345.716748
   9.800	   0.412	       483.482	        80.784	    41.746	  -220.396	  -127.451	   -46.449	     0.119	    19.131	415.375567	415.375567	484.642358	2340.934265
  10.000	   0.408	       488.013	        81.353	    42.584	  -213.451	  -127.789	   -44.775	     0.121	    19.621	415.445725	415.445725	489.586015	2341.091169
  10.200	   0.404	       486.687	        78.356	    43.229	  -206.272	  -126.746	   -43.189	     0.122	    20.064	416.805612	416.805612	486.152156	2336.048692
  10.400	   0.400	       485.816	        77.185	    43.724	  -198.950	  -124.713	   -41.647	     0.124	    20.460	415.397787	415.397787	485.879566	2336.850920
  10.600	   0.396	       484.914	        76.350	    43.947	  -191.528	  -121.729	   -40.100	     0.124	    20.751	416.673218	416.673218	486.109321	2338.181265
  10.800	   0.392	       483.758	        75.443	    44.106	  -184.003	  -118.376	   -38.538	     0.125	    21.020	410.561437	410.561437	484.334449	2336.526395
  11.000	   0.388	       484.965	        76.922	    44.221	  -176.360	  -114.728	   -36.952	     0.125	    21.271	415.166674	415.166674	486.422428	2338.720966
  11.200	   0.384	       483.995	        76.325	    44.278	  -168.642	  -110.761	   -35.352	     0.125	    21.496	413.826282	413.826282	482.926640	2337.243139
  11.400	   0.380	       485.673	        75.193	    44.530	  -160.828	  -107.516	   -33.599	     0.126	    21.732	416.407029	416.407029	486.208698	2336.068755
  11.600	   0.376	       488.718	        77.680	    44.611	  -152.910	  -103.305	   -31.924	     0.126	    21.933	418.099107	418.099107	488.192327	2338.559734
  11.800	   0.372	       489.446	        76.845	    44.736	  -144.903	   -99.128	   -30.195	     0.126	    22.126	421.471142	421.471142	491.138385	2336.739229
  12.000	   0.368	       495.206	        78.632	    44.991	  -136.783	   -95.287	   -28.367	     0.126	    22.317	425.649480	425.649480	496.630661	2339.969727
  12.200	   0.365	       496.951	        78.117	    45.039	  -128.548	   -90.529	   -26.587	     0.126	    22.438	427.316993	427.316993	497.485239	2339.750670
  12.400	   0.361	       499.480	        77.026	    45.096	  -120.213	   -85.705	   -24.755	     0.125	    22.518	429.687921	429.687921	500.844430	2338.737258
  12.600	   0.357	       502.188	        77.232	    45.070	  -111.779	   -80.386	   -22.949	     0.125	    22.578	432.692502	432.692502	502.252206	2340.661533
  12.800	   0.353	       503.853	        75.063	    45.115	  -103.246	   -75.119	   -21.101	     0.124	    22.636	434.778030	434.778030	505.328159	2336.953653
  13.000	   0.349	       506.064	        75.108	    45.055	   -94.641	   -69.351	   -19.293	     0.124	    22.681	435.223975	435.223975	505.483003	2335.844962
  13.200	   0.345	       507.878	        76.338	    44.896	   -85.993	   -63.195	   -17.517	     0.123	    22.712	436.645733	436.645733	508.086230	2337.887613
  13.400	   0.341	       508.901	        76.665	    44.726	   -77.332	   -56.970	   -15.739	     0.123	    22.728	441.999140	441.999140	511.128201	2337.083990
  13.600	   0.337	       508.829	        76.308	    44.529	   -68.646	   -50.630	   -13.965	     0.122	    22.737	438.531785	438.531785	509.185545	2337.615260
  13.800	   0.333	       509.431	        77.452	    44.287	   -59.961	   -44.175	   -12.205	     0.122	    22.736	438.318686	438.318686	508.161712	2337.945195
  14.000	   0.329	       507.888	        76.433	    44.116	   -51.295	   -37.702	   -10.447	     0.121	    22.709	437.380183	437.380183	506.870341	2337.302541
  14.200	   0.325	       508.458	        77.660	    43.923	   -42.645	   -31.242	    -8.691	     0.121	    22.667	435.982843	435.982843	506.977599	2338.815481
  14.400	   0.321	       506.491	        76.765	    43.694	   -34.024	   -24.807	    -6.943	     0.120	    22.613	436.729599	436.729599	506.027840	2338.248103
  14.600	   0.317	       507.860	        77.416	    43.537	   -25.439	   -18.522	    -5.186	     0.120	    22.540	438.063529	438.063529	507.115565	2337.473160
  14.800	   0.314	       507.735	        77.717	    43.312	   -16.881	   -12.236	    -3.443	     0.119	    22.460	438.289940	438.289940	507.953787	2339.323694
  15.000	   0.310	       508.341	        78.329	    43.082	    -8.363	    -6.035	    -1.706	     0.119	    22.356	440.381109	440.381109	508.076300	2339.048567
  15.200	   0.306	       508.132	        77.675	    42.868	     0.112	     0.080	     0.023	     0.118	    22.247	436.900156	436.900156	506.270448	2337.490210
  15.400	   0.302	       508.560	        78.154	    42.622	     8.549	     6.115	     1.743	     0.117	    22.131	438.390003	438.390003	508.592567	2339.091483
  15.600	   0.298	       507.299	        77.367	    42.427	    16.939	    12.036	     3.454	     0.117	    22.007	436.553015	436.553015	506.978893	2337.931275
  15.800	   0.294	       507.692	        79.022	    42.274	    25.267	    17.816	     5.160	     0.117	    21.903	437.666958	437.666958	506.624963	2339.713457
  16.000	   0.290	       506.243	        78.782	    42.102	    33.533	    23.457	     6.857	     0.116	    21.788	438.168830	438.168830	507.640140	2340.404684
  16.200	   0.286	       506.973	        79.760	    41.948	    41.745	    29.013	     8.539	     0.116	    21.659	436.709327	436.709327	506.385341	2339.937153
  16.400	   0.282	       507.936	        80.841	    41.764	    49.898	    34.435	    10.207	     0.115	    21.509	436.841262	436.841262	507.386576	2341.665130
  16.600	   0.278	       507.567	        80.057	    41.581	    57.995	    39.770	    11.857	     0.115	    21.350	438.722565	438.722565	507.724916	2341.370052
  16.800	   0.274	       508.553	        79.476	    41.416	    66.052	    45.092	    13.479	     0.114	    21.173	438.662402	438.662402	508.418918	2339.705857
  17.000	   0.270	       508.861	        78.812	    41.185	    74.058	    50.217	    15.094	     0.113	    20.980	438.529669	438.529669	509.262759	2339.944803
  17.200	   0.266	       509.374	        78.324	    40.917	    82.009	    55.191	    16.694	     0.112	    20.770	438.256684	438.256684	507.620229	2338.073818
  17.400	   0.262	       511.972	        78.621	    40.475	    89.898	    59.861	    18.248	     0.111	    20.435	441.851914	441.851914	509.578288	2338.818815
  17.600	   0.259	       513.287	        77.566	    40.036	    97.691	    64.362	    19.772	     0.109	    20.102	441.864604	441.864604	513.219215	2338.651348
  17.800	   0.255	       513.836	        77.484	    39.507	   105.385	    68.333	    21.311	     0.108	    19.749	442.986304	442.986304	513.294819	2337.643781
  18.000	   0.251	       515.607	        77.731	    39.019	   112.968	    72.228	    22.801	     0.106	    19.399	445.163197	445.163197	515.122301	2338.075943
  18.200	   0.247	       517.075	        77.676	    38.529	   120.440	    75.861	    24.263	     0.105	    19.039	446.594600	446.594600	516.870029	2338.433297
  18.400	   0.243	       519.595	        78.744	    38.031	   127.806	    79.255	    25.700	     0.103	    18.677	448.350765	448.350765	518.198564	2338.366323
  18.600	   0.239	       520.389	        78.747	    37.499	   135.043	    82.264	    27.127	     0.102	    18.308	450.153009	450.153009	519.282579	2338.926842
  18.800	   0.235	       522.235	        79.272	    36.985	   142.158	    85.133	    28.509	     0.100	    17.939	451.515867	451.515867	521.511139	2338.546933
  19.000	   0.231	       522.666	        79.080	    36.437	   149.145	    87.565	    29.885	     0.099	    17.557	452.212850	452.212850	521.791650	2338.673389
  19.200	   0.227	       523.791	        78.581	    35.939	   155.993	    89.938	    31.195	     0.097	    17.173	453.395118	453.395118	523.546460	2338.499722
  19.400	   0.223	       524.575	        78.584	    35.411	   162.714	    91.918	    32.506	     0.095	    16.792	453.638409	453.638409	523.232729	2337.536420
  19.600	   0.219	       525.006	        78.687	    34.871	   169.295	    93.583	    33.804	     0.094	    16.415	454.740680	454.740680	524.223325	2338.088170
  19.800	   0.215	       526.199	        78.940	    34.358	   175.741	    95.181	    35.049	     0.092	    16.045	454.965824	454.965824	525.132751	2338.530390
  20.000	   0.211	       526.023	        79.694	    33.772	   182.038	    96.127	    36.338	     0.091	    15.672	455.177402	455.177402	525.564714	2338.877208
  20.200	   0.208	       525.595	        79.685	    33.203	   188.180	    96.958	    37.576	     0.089	    15.302	455.443568	455.443568	524.823447	2338.546894
  20.400	   0.204	       525.704	        79.858	    32.650	   194.177	    97.691	    38.772	     0.088	    14.940	454.476466	454.476466	524.924567	2338.482643
  20.600	   0.200	       524.981	        79.464	    32.071	   200.027	    98.097	    39.949	     0.086	    14.570	453.177892	453.177892	524.005367	2337.665828
  20.800	   0.196	       525.308	        79.462	    31.459	   205.724	    98.272	    41.066	     0.085	    14.177	453.429428	453.429428	524.023230	2337.962214
  21.000	   0.192	       524.670	        79.104	    30.822	   211.273	    98.085	    42.181	     0.083	    13.784	453.346385	453.346385	523.990724	2337.130375
  21.200	   0.188	       524.757	        78.794	    30.201	   216.664	    97.819	    43.232	     0.081	    13.388	452.977962	452.977962	523.886463	2337.116194
  21.400	   0.184	       525.169	        79.257	    29.562	   221.899	    97.250	    44.273	     0.080	    12.994	453.679855	453.679855	524.192461	2337.374682
  21.600	   0.180	       525.160	        79.716	    28.909	   226.983	    96.395	    45.305	     0.078	    12.602	454.837527	454.837527	524.263351	2337.913085
  21.800	   0.176	       525.901	        80.048	    28.286	   231.909	    95.579	    46.261	     0.076	    12.215	454.107463	454.107463	524.196392	2337.605879
  22.000	   0.172	       526.269	        80.228	    27.651	   236.686	    94.487	    47.198	     0.074	    11.824	454.723165	454.723165	525.380589	2337.858531
  22.200	   0.168	       527.131	        80.325	    27.038	   241.315	    93.404	    48.074	     0.073	    11.442	455.819751	455.819751	526.155311	2337.446684
  22.400	   0.164	       528.207	        80.114	    26.446	   245.804	    92.306	    48.892	     0.071	    11.066	456.482701	456.482701	527.089492	2337.797037
  22.600	   0.160	       529.891	        80.230	    25.864	   250.161	    91.084	    49.666	     0.069	    10.689	458.832683	458.832683	529.126381	2337.442954
  22.800	   0.157	       531.380	        80.058	    25.285	   254.380	    89.689	    50.405	     0.068	    10.311	459.699241	459.699241	530.038963	2337.243650
  23.000	   0.153	       533.558	        80.503	    24.712	   258.465	    88.209	    51.110	     0.066	     9.940	462.189465	462.189465	532.576229	2337.487509
  23.200	   0.149	       534.968	        80.409	    24.134	   262.417	    86.566	    51.800	     0.064	     9.574	463.627264	463.627264	534.887812	2337.916346
  23.400	   0.145	       535.769	        80.550	    23.528	   266.228	    84.498	    52.509	     0.063	     9.196	464.969524	464.969524	534.971136	2337.384265
  23.600	   0.141	       537.004	        80.457	    22.948	   269.899	    82.537	    53.150	     0.061	     8.833	465.565107	465.565107	535.907250	2337.314123
  23.800	   0.137	       536.639	        80.118	    22.327	   273.426	    80.123	    53.841	     0.059	     8.463	465.358016	465.358016	535.725261	2336.775373
  24.000	   0.133	       536.540	        79.587	    21.727	   276.807	    77.784	    54.476	     0.058	     8.106	464.817501	464.817501	534.824872	2336.094520
  24.200	   0.129	       536.327	        79.750	    21.111	   280.044	    75.210	    55.131	     0.056	     7.753	465.386198	465.386198	535.558448	2336.516152
  24.400	   0.125	       535.012	        79.276	    20.487	   283.133	    72.504	    55.785	     0.054	     7.404	463.349575	463.349575	533.743688	2335.571185
  24.600	   0.121	       533.944	        79.521	    19.856	   286.074	    69.674	    56.442	     0.053	     7.061	462.650892	462.650892	532.871434	2336.022247
  24.800	   0.117	       532.506	        79.675	    19.224	   288.869	    66.803	    57.088	     0.051	     6.727	460.995561	460.995561	532.183126	2336.327228
  25.000	   0.113	       530.688	        79.558	    18.596	   291.523	    63.956	    57.717	     0.050	     6.405	459.475161	459.475161	529.654181	2335.851151
  25.200	   0.109	       530.022	        79.683	    18.001	   294.042	    61.347	    58.262	     0.048	     6.101	458.688572	458.688572	529.131032	2336.054653
  25.400	   0.106	       528.928	        79.388	    17.411	   296.434	    58.748	    58.784	     0.047	     5.805	457.497130	457.497130	527.896959	2335.466372
  25.600	   0.102	       529.260	        79.410	    16.856	   298.711	    56.412	    59.211	     0.045	     5.527	457.568201	457.568201	527.888862	2335.040057
  25.800	   0.098	       531.344	        79.446	    16.262	   300.877	    53.893	    59.501	     0.043	     5.218	460.891652	460.891652	530.680254	2336.120996
  26.000	   0.094	       532.855	        78.606	    15.614	   302.925	    51.076	    59.746	     0.042	     4.885	460.861765	460.861765	531.025554	2334.306710
  26.200	   0.090	       535.909	        78.543	    14.985	   304.851	    48.404	    59.916	     0.040	     4.568	464.266972	464.266972	535.009532	2334.615563
  26.400	   0.086	       538.409	        78.028	    14.360	   306.663	    45.723	    60.071	     0.038	     4.261	467.204038	467.204038	537.370406	2334.270113
  26.600	   0.082	       540.791	        77.423	    13.741	   308.364	    43.029	    60.205	     0.036	     3.962	469.232599	469.232599	539.548262	2333.381588
  26.800	   0.078	       543.813	        77.882	    13.116	   309.949	    40.251	    60.344	     0.034	     3.666	472.418065	472.418065	543.280761	2333.905968
  27.000	   0.074	       545.712	        77.667	    12.468	   311.421	    37.341	    60.490	     0.033	     3.369	474.026482	474.026482	544.381928	2333.280568
  27.200	   0.070	       547.302	        77.570	    11.815	   312.775	    34.378	    60.640	     0.031	     3.077	476.025871	476.025871	546.161159	2333.128501
  27.400	   0.066	       548.860	        77.662	    11.149	   314.009	    31.263	    60.782	     0.029	     2.778	477.602012	477.602012	548.283474	2333.848144
  27.600	   0.062	       550.054	        76.050	    10.399	   315.111	    27.520	    60.811	     0.027	     2.423	477.714541	477.714541	548.196603	2331.205154
  27.800	   0.058	       550.611	        75.433	     9.617	   316.063	    23.452	    60.916	     0.025	     2.053	478.616615	478.616615	549.655018	2331.200301
  28.000	   0.055	       549.997	        74.200	     8.825	   316.857	    19.278	    61.026	     0.023	     1.681	478.653746	478.653746	549.037777	2330.309002
  28.200	   0.051	       549.012	        73.227	     8.009	   317.491	    14.878	    61.146	     0.021	     1.295	476.910072	476.910072	547.471067	2328.939026
  28.400	   0.047	       547.439	        73.494	     7.134	   317.957	    10.259	    61.352	     0.019	     0.895	475.652415	475.652415	546.348953	2329.331149
  28.600	   0.043	       546.477	        73.439	     6.251	   318.256	     5.857	    61.466	     0.016	     0.511	473.600123	473.600123	544.647762	2328.794206
  28.800	   0.039	       545.308	        73.217	     5.331	   318.391	     1.493	    61.552	     0.014	     0.131	473.321667	473.321667	543.854683	2328.751201
  29.000	   0.035	       545.408	        73.424	     4.416	   318.369	    -2.627	    61.552	     0.012	    -0.230	474.010550	474.010550	543.988154	2329.370410
  29.200	   0.031	       545.573	        72.073	     3.498	   318.200	    -6.508	    61.420	     0.009	    -0.568	472.879656	472.879656	543.811240	2327.128513
  29.400	   0.027	       546.211	        71.785	     2.590	   317.890	   -10.175	    61.299	     0.007	    -0.886	474.208077	474.208077	544.766794	2327.243310
  29.600	   0.023	       546.971	        71.405	     1.754	   317.453	   -13.326	    61.140	     0.005	    -1.160	475.194361	475.194361	545.209061	2327.079935
  29.800	   0.019	       547.294	        71.057	     0.941	   316.907	   -16.100	    60.992	     0.002	    -1.402	475.791749	475.791749	546.279001	2326.577222
  30.000	   0.015	       547.572	        72.474	     0.234	   316.264	   -18.362	    60.941	     0.001	    -1.606	476.213228	476.213228	546.588322	2327.903980
  30.200	   0.011	       545.456	        74.181	    -0.323	   315.550	   -19.787	    61.049	    -0.001	    -1.748	474.031933	474.031933	544.899479	2328.872670
  30.400	   0.007	       540.161	        76.564	    -0.506	   314.803	   -19.964	    61.407	    -0.001	    -1.797	470.505105	470.505105	540.411150	2330.954001
  30.600	   0.003	       535.076	        80.344	    -0.313	   314.072	   -18.915	    61.859	    -0.001	    -1.740	466.378416	466.378416	535.809965	2335.132502
  30.800	   0.000	       532.209	        82.381	     0.000	   313.400	   -16.491	    62.078	     0.000	    -1.538	461.712762	461.712762	531.996848	2336.723852
  31.000	   0.000	       532.828	        82.749	     0.000	   312.782	   -16.393	    61.933	     0.000	    -1.531	462.618249	462.618249	532.901099	2337.572405
  31.200	   0.000	       529.438	        81.347	     0.000	   312.166	   -16.297	    61.960	     0.000	    -1.532	459.039080	459.039080	529.450796	2335.755801
  31.400	   0.000	       525.680	        79.347	     0.000	   311.552	   -16.201	    61.923	     0.000	    -1.530	456.107213	456.107213	526.298897	2331.603042
  31.600	   0.000	       524.014	        77.347	     0.000	   310.941	   -16.106	    61.829	     0.000	    -1.525	453.501991	453.501991	523.956962	2328.202133
  31.800	   0.000	       521.008	        75.347	     0.000	   310.333	   -16.011	    61.756	     0.000	    -1.522	451.593379	451.593379	521.334911	2326.750316
  32.000	   0.000	       520.929	        73.347	     0.000	   309.726	   -15.918	    61.496	     0.000	    -1.509	450.403275	450.403275	520.498734	2326.605057
  32.200	   0.000	       518.792	        72.876	     0.000	   309.123	   -15.825	    61.495	     0.000	    -1.509	449.562602	449.562602	519.348686	2327.773426
  32.400	   0.000	       519.632	        74.876	     0.000	   308.521	   -15.733	    61.451	     0.000	    -1.507	449.513805	449.513805	519.695754	2329.489892
  32.600	   0.000	       520.771	        75.796	     0.000	   307.922	   -15.641	    61.333	     0.000	    -1.501	450.899742	450.899742	520.508571	2330.541181
  32.800	   0.000	       522.552	        76.093	     0.000	   307.325	   -15.550	    61.141	     0.000	    -1.492	452.989973	452.989973	522.551314	2330.852240
  33.000	   0.000	       527.545	        75.509	     0.000	   306.730	   -15.460	    60.605	     0.000	    -1.466	457.703001	457.703001	527.299651	2330.131511
  33.200	   0.000	       530.168	        73.509	     0.000	   306.138	   -15.371	    60.196	     0.000	    -1.446	459.714721	459.714721	529.913019	2327.754330
  33.400	   0.000	       530.227	        71.509	     0.000	   305.548	   -15.282	    59.931	     0.000	    -1.433	460.229173	460.229173	530.552282	2325.945881
  33.600	   0.000	       528.331	        69.817	     0.000	   304.960	   -15.194	    59.881	     0.000	    -1.431	458.491711	458.491711	528.572630	2324.554861
  33.800	   0.000	       525.342	        69.744	     0.000	   304.375	   -15.107	    59.853	     0.000	    -1.429	455.558380	455.558380	525.353231	2324.396449
  34.000	   0.000	       523.037	        71.125	     0.000	   303.791	   -15.020	    59.992	     0.000	    -1.436	452.753712	452.753712	523.587505	2325.794255
  34.200	   0.000	       517.135	        72.224	     0.000	   303.210	   -14.934	    60.391	     0.000	    -1.455	447.548081	447.548081	517.151491	2326.931453
  34.400	   0.000	       513.594	        73.011	     0.000	   302.631	   -14.849	    60.573	     0.000	    -1.464	443.598809	443.598809	513.778483	2327.752003
  34.600	   0.000	       508.613	        72.405	     0.000	   302.055	   -14.764	    60.705	     0.000	    -1.470	439.018698	439.018698	508.784626	2327.194093
  34.800	   0.000	       506.268	        70.405	     0.000	   301.480	   -14.680	    60.671	     0.000	    -1.469	435.799463	435.799463	506.572533	2325.133456
  35.000	   0.000	       503.344	        68.405	     0.000	   300.908	   -14.597	    60.601	     0.000	    -1.465	433.670633	433.670633	503.285822	2323.229427
  35.200	   0.000	       500.760	        66.792	     0.000	   300.338	   -14.514	    60.604	     0.000	    -1.466	430.324492	430.324492	500.825783	2321.607421
  35.400	   0.000	       496.523	        66.725	     0.000	   299.770	   -14.432	    60.736	     0.000	    -1.472	427.155825	427.155825	496.976561	2321.394372
  35.600	   0.000	       495.608	        67.977	     0.000	   299.204	   -14.350	    60.728	     0.000	    -1.472	425.494968	425.494968	495.325801	2322.661725
  35.800	   0.000	       496.148	        69.158	     0.000	   298.641	   -14.269	    60.731	     0.000	    -1.472	426.265578	426.265578	496.396596	2323.851697
  36.000	   0.000	       500.282	        69.991	     0.000	   298.079	   -14.189	    60.424	     0.000	    -1.457	430.210834	430.210834	500.381982	2324.726162
  36.200	   0.000	       498.850	        69.456	     0.000	   297.520	   -14.109	    60.309	     0.000	    -1.451	429.343393	429.343393	499.327190	2324.245379
  36.400	   0.000	       503.572	        67.456	     0.000	   296.963	   -14.030	    59.770	     0.000	    -1.425	433.244470	433.244470	503.195812	2322.283085
  36.600	   0.000	       502.724	        65.533	     0.000	   296.407	   -13.951	    59.582	     0.000	    -1.417	432.610791	432.610791	502.722884	2320.371234
  36.800	   0.000	       502.460	        63.969	     0.000	   295.854	   -13.873	    59.336	     0.000	    -1.405	432.722542	432.722542	503.343537	2318.777844
  37.000	   0.000	       499.957	        63.794	     0.000	   295.303	   -13.796	    59.401	     0.000	    -1.408	429.354147	429.354147	499.200030	2318.522284
  37.200	   0.000	       493.474	        65.074	     0.000	   294.754	   -13.719	    59.769	     0.000	    -1.425	424.285737	424.285737	494.947144	2319.758432
  37.400	   0.000	       488.986	        66.272	     0.000	   294.207	   -13.643	    60.094	     0.000	    -1.441	418.995521	418.995521	489.030827	2320.960280
  37.600	   0.000	       483.822	        67.114	     0.000	   293.662	   -13.567	    60.441	     0.000	    -1.458	413.718888	413.718888	483.998560	2321.834645
  37.800	   0.000	       481.158	        66.591	     0.000	   293.119	   -13.492	    60.424	     0.000	    -1.457	411.567493	411.567493	481.503972	2321.426971
  38.000	   0.000	       477.305	        64.678	     0.000	   292.578	   -13.418	    60.511	     0.000	    -1.461	406.489761	406.489761	477.064843	2319.525440
  38.200	   0.000	       472.058	        62.827	     0.000	   292.039	   -13.344	    60.615	     0.000	    -1.466	402.203349	402.203349	472.464972	2317.665673
  38.400	   0.000	       470.564	        61.310	     0.000	   291.502	   -13.270	    60.581	     0.000	    -1.464	400.046020	400.046020	470.636023	2316.125830
  38.600	   0.000	       468.662	        61.151	     0.000	   290.967	   -13.197	    60.587	     0.000	    -1.465	398.844709	398.844709	468.403668	2315.852885
  38.800	   0.000	       469.631	        62.392	     0.000	   290.434	   -13.125	    60.416	     0.000	    -1.456	399.563003	399.563003	469.907419	2317.081663
  39.000	   0.000	       469.025	        63.577	     0.000	   289.903	   -13.053	    60.494	     0.000	    -1.460	399.297799	399.297799	469.187863	2318.274975
  39.200	   0.000	       473.324	        64.422	     0.000	   289.374	   -12.982	    60.109	     0.000	    -1.442	403.091634	403.091634	472.912240	2319.149452
  39.400	   0.000	       478.133	        63.988	     0.000	   288.847	   -12.911	    59.578	     0.000	    -1.416	408.331287	408.331287	477.873282	2318.809940
  39.600	   0.000	       481.869	        62.135	     0.000	   288.321	   -12.840	    59.181	     0.000	    -1.398	411.737593	411.737593	481.275088	2316.974864
  39.800	   0.000	       488.279	        60.351	     0.000	   287.798	   -12.771	    58.466	     0.000	    -1.364	418.286370	418.286370	488.287977	2315.183001
  40.000	   0.000	       489.135	        58.894	     0.000	   287.276	   -12.701	    58.205	     0.000	    -1.352	419.393340	419.393340	488.804663	2313.705275
  40.200	   0.000	       489.314	        58.682	     0.000	   286.757	   -12.632	    58.018	     0.000	    -1.343	418.664057	418.664057	488.967861	2313.417941
  40.400	   0.000	       489.406	        59.964	     0.000	   286.239	   -12.564	    58.065	     0.000	    -1.345	419.872857	419.872857	489.805264	2314.647629
  40.600	   0.000	       489.852	        61.143	     0.000	   285.723	   -12.496	    57.918	     0.000	    -1.339	419.420121	419.420121	489.605993	2315.837420
  40.800	   0.000	       488.285	        61.990	     0.000	   285.209	   -12.429	    58.054	     0.000	    -1.345	418.321098	418.321098	488.876758	2316.717142
  41.000	   0.000	       487.310	        61.649	     0.000	   284.697	   -12.362	    57.933	     0.000	    -1.339	417.406201	417.406201	487.528841	2316.455992
  41.200	   0.000	       486.860	        59.851	     0.000	   284.187	   -12.296	    57.815	     0.000	    -1.334	417.227078	417.227078	486.968411	2314.681521
  41.400	   0.000	       489.498	        58.133	     0.000	   283.678	   -12.230	    57.375	     0.000	    -1.314	419.015029	419.015029	489.221745	2312.957295
  41.600	   0.000	       487.587	        56.741	     0.000	   283.171	   -12.165	    57.331	     0.000	    -1.312	417.785249	417.785249	487.708921	2311.542147
  41.800	   0.000	       489.889	        56.493	     0.000	   282.666	   -12.100	    57.033	     0.000	    -1.298	419.577791	419.577791	489.321945	2311.253555
  42.000	   0.000	       490.208	        57.797	     0.000	   282.163	   -12.035	    57.046	     0.000	    -1.299	419.951872	419.951872	489.546013	2312.491165
  42.200	   0.000	       493.127	        58.989	     0.000	   281.662	   -11.971	    56.781	     0.000	    -1.287	423.238032	423.238032	493.344842	2313.681651
  42.400	   0.000	       496.076	        59.854	     0.000	   281.163	   -11.907	    56.586	     0.000	    -1.278	426.173683	426.173683	495.657512	2314.577648
  42.600	   0.000	       501.673	        59.602	     0.000	   280.665	   -11.844	    56.033	     0.000	    -1.253	432.192691	432.192691	502.052245	2314.389750
  42.800	   0.000	       507.561	        57.839	     0.000	   280.169	   -11.782	    55.537	     0.000	    -1.231	437.730771	437.730771	507.386504	2312.678870
  43.000	   0.000	       510.367	        56.196	     0.000	   279.674	   -11.719	    55.153	     0.000	    -1.214	440.277540	440.277540	510.137833	2311.022392
  43.200	   0.000	       514.962	        54.868	     0.000	   279.182	   -11.658	    54.683	     0.000	    -1.193	445.088199	445.088199	514.664719	2309.665876
  43.400	   0.000	       517.731	        54.612	     0.000	   278.691	   -11.596	    54.443	     0.000	    -1.183	446.961467	446.961467	517.170450	2309.390359
  43.600	   0.000	       517.197	        55.956	     0.000	   278.202	   -11.535	    54.419	     0.000	    -1.182	447.918715	447.918715	517.508776	2310.631033
  43.800	   0.000	       517.281	        57.139	     0.000	   277.715	   -11.475	    54.384	     0.000	    -1.180	447.028598	447.028598	517.278245	2311.833458
  44.000	   0.000	       516.379	        58.030	     0.000	   277.229	   -11.415	    54.394	     0.000	    -1.181	446.787770	446.787770	516.673227	2312.750228
  44.200	   0.000	       519.073	        57.853	     0.000	   276.745	   -11.355	    54.106	     0.000	    -1.168	448.819659	448.819659	518.823644	2312.622442
  44.400	   0.000	       516.808	        56.153	     0.000	   276.263	   -11.296	    54.064	     0.000	    -1.166	447.247062	447.247062	516.937488	2310.984343
  44.600	   0.000	       518.628	        54.570	     0.000	   275.782	   -11.237	    53.794	     0.000	    -1.155	448.388581	448.388581	518.672660	2309.393440
  44.800	   0.000	       518.374	        53.297	     0.000	   275.303	   -11.178	    53.603	     0.000	    -1.147	448.582239	448.582239	518.252597	2308.091469
  45.000	   0.000	       515.942	        53.059	     0.000	   274.826	   -11.120	    53.622	     0.000	    -1.147	445.809589	445.809589	515.679800	2307.841254
  45.200	   0.000	       516.804	        54.403	     0.000	   274.351	   -11.063	    53.615	     0.000	    -1.147	446.498173	446.498173	516.639851	2309.077197
  45.400	   0.000	       514.465	        55.616	     0.000	   273.877	   -11.006	    53.745	     0.000	    -1.153	444.895406	444.895406	515.050934	2310.300522
  45.600	   0.000	       516.324	        56.522	     0.000	   273.404	   -10.949	    53.542	     0.000	    -1.144	446.235644	446.235644	516.189293	2311.245437
  45.800	   0.000	       516.482	        56.401	     0.000	   272.934	   -10.892	    53.479	     0.000	    -1.141	446.404173	446.404173	516.398807	2311.169357
  46.000	   0.000	       518.599	        54.783	     0.000	   272.464	   -10.836	    53.150	     0.000	    -1.127	448.772406	448.772406	518.788884	2309.613886
  46.200	   0.000	       521.471	        53.267	     0.000	   271.997	   -10.781	    52.841	     0.000	    -1.114	451.135559	451.135559	521.203836	2308.079945
  46.400	   0.000	       522.010	        52.038	     0.000	   271.531	   -10.725	    52.616	     0.000	    -1.105	452.124505	452.124505	521.882642	2306.827201
  46.600	   0.000	       521.045	        51.837	     0.000	   271.067	   -10.670	    52.550	     0.000	    -1.102	451.356074	451.356074	521.360917	2306.610210
  46.800	   0.000	       522.407	        53.165	     0.000	   270.604	   -10.616	    52.457	     0.000	    -1.098	452.119132	452.119132	522.039321	2307.842917
  47.000	   0.000	       520.642	        54.395	     0.000	   270.143	   -10.562	    52.550	     0.000	    -1.102	450.197259	450.197259	520.999824	2309.094694
  47.200	   0.000	       520.801	        55.353	     0.000	   269.684	   -10.508	    52.492	     0.000	    -1.099	451.175712	451.175712	520.673267	2310.070459
  47.400	   0.000	       520.077	        55.279	     0.000	   269.226	   -10.454	    52.456	     0.000	    -1.098	449.996394	449.996394	519.789612	2310.043819
  47.600	   0.000	       522.046	        53.745	     0.000	   268.769	   -10.401	    52.159	     0.000	    -1.086	452.163143	452.163143	522.419602	2308.569290
  47.800	   0.000	       521.459	        52.270	     0.000	   268.314	   -10.349	    52.076	     0.000	    -1.082	450.644011	450.644011	521.355937	2307.082982
  48.000	   0.000	       521.990	        51.092	     0.000	   267.861	   -10.296	    51.822	     0.000	    -1.072	452.596307	452.596307	522.483221	2305.876363
  48.200	   0.000	       521.558	        50.934	     0.000	   267.409	   -10.244	    51.778	     0.000	    -1.070	451.656231	451.656231	521.454927	2305.693420
  48.400	   0.000	       519.772	        52.242	     0.000	   266.959	   -10.192	    51.854	     0.000	    -1.073	449.856965	449.856965	520.039615	2306.931112
  48.600	   0.000	       519.549	        53.529	     0.000	   266.510	   -10.141	    51.852	     0.000	    -1.073	449.365719	449.365719	519.210578	2308.219532
  48.800	   0.000	       518.721	        54.508	     0.000	   266.063	   -10.090	    51.847	     0.000	    -1.073	448.527559	448.527559	518.263644	2309.230176
  49.000	   0.000	       519.422	        54.490	     0.000	   265.617	   -10.040	    51.758	     0.000	    -1.069	449.181026	449.181026	519.233105	2309.249606
  49.200	   0.000	       521.211	        53.035	     0.000	   265.173	    -9.989	    51.470	     0.000	    -1.057	451.079479	451.079479	520.993028	2307.848297
  49.400	   0.000	       520.771	        51.594	     0.000	   264.730	    -9.939	    51.345	     0.000	    -1.052	450.760308	450.760308	520.972967	2306.406500
  49.600	   0.000	       524.241	        50.454	     0.000	   264.288	    -9.890	    51.016	     0.000	    -1.039	453.812008	453.812008	523.841934	2305.245860
  49.800	   0.000	       522.437	        50.343	     0.000	   263.849	    -9.840	    50.988	     0.000	    -1.037	452.881584	452.881584	522.507100	2305.094509
  50.000	   0.000	       523.089	        51.654	     0.000	   263.410	    -9.791	    50.935	     0.000	    -1.035	453.073586	453.073586	522.734812	2306.349624
  50.200	   0.000	       522.628	        52.989	     0.000	   262.973	    -9.743	    51.002	     0.000	    -1.038	452.201887	452.201887	522.448382	2307.671774
  50.400	   0.000	       521.113	        54.017	     0.000	   262.538	    -9.694	    50.982	     0.000	    -1.037	451.760253	451.760253	521.696384	2308.721451
  50.600	   0.000	       522.868	        54.025	     0.000	   262.104	    -9.646	    50.869	     0.000	    -1.033	452.258567	452.258567	522.494102	2308.790493
  50.800	   0.000	       522.291	        52.640	     0.000	   261.671	    -9.599	    50.724	     0.000	    -1.027	452.536712	452.536712	522.668348	2307.451533
  51.000	   0.000	       525.201	        51.243	     0.000	   261.240	    -9.551	    50.430	     0.000	    -1.015	454.908143	454.908143	524.930839	2306.056176
  51.200	   0.000	       524.186	        50.151	     0.000	   260.810	    -9.504	    50.320	     0.000	    -1.010	454.223763	454.223763	523.727390	2304.936860
  51.400	   0.000	       524.912	        50.070	     0.000	   260.382	    -9.458	    50.179	     0.000	    -1.005	454.558481	454.558481	524.870541	2304.812360
  51.600	   0.000	       523.590	        51.396	     0.000	   259.955	    -9.411	    50.242	     0.000	    -1.007	453.496977	453.496977	523.706626	2306.098784
  51.800	   0.000	       522.584	        52.778	     0.000	   259.529	    -9.365	    50.294	     0.000	    -1.009	452.701735	452.701735	522.598764	2307.450201
  52.000	   0.000	       522.021	        53.833	     0.000	   259.105	    -9.319	    50.282	     0.000	    -1.009	452.221284	452.221284	522.735538	2308.541998
  52.200	   0.000	       522.813	        53.908	     0.000	   258.682	    -9.274	    50.222	     0.000	    -1.006	452.860620	452.860620	522.026749	2308.664423
  52.400	   0.000	       522.773	        52.565	     0.000	   258.261	    -9.228	    49.978	     0.000	    -0.997	453.000166	453.000166	523.066094	2307.380686
  52.600	   0.000	       525.462	        51.218	     0.000	   257.841	    -9.183	    49.762	     0.000	    -0.988	455.401293	455.401293	525.183125	2306.034463
  52.800	   0.000	       525.959	        50.172	     0.000	   257.422	    -9.139	    49.620	     0.000	    -0.982	455.529623	455.529623	525.466359	2304.955052
  53.000	   0.000	       527.916	        50.135	     0.000	   257.005	    -9.094	    49.396	     0.000	    -0.974	458.394922	458.394922	528.054406	2304.860373
  53.200	   0.000	       525.561	        51.501	     0.000	   256.589	    -9.050	    49.493	     0.000	    -0.977	455.211927	455.211927	525.379835	2306.194918
  53.400	   0.000	       526.779	        52.910	     0.000	   256.174	    -9.006	    49.431	     0.000	    -0.975	456.965045	456.965045	527.430428	2307.583808
  53.600	   0.000	       525.917	        54.025	     0.000	   255.761	    -8.963	    49.424	     0.000	    -0.975	456.446589	456.446589	525.979879	2308.734675
  53.800	   0.000	       526.852	        54.153	     0.000	   255.349	    -8.920	    49.333	     0.000	    -0.971	456.652303	456.652303	526.521614	2308.920984
  54.000	   0.000	       527.865	        52.886	     0.000	   254.938	    -8.877	    49.108	     0.000	    -0.962	457.880384	457.880384	527.754009	2307.697264
  54.200	   0.000	       529.232	        51.607	     0.000	   254.529	    -8.834	    48.938	     0.000	    -0.956	459.137584	459.137584	528.703435	2306.416966
  54.400	   0.000	       530.539	        50.601	     0.000	   254.121	    -8.792	    48.752	     0.000	    -0.948	460.225615	460.225615	530.196136	2305.382857
  54.600	   0.000	       531.242	        50.597	     0.000	   253.714	    -8.749	    48.625	     0.000	    -0.943	461.022741	461.022741	531.396158	2305.321495
  54.800	   0.000	       529.083	        52.025	     0.000	   253.309	    -8.708	    48.692	     0.000	    -0.946	459.404087	459.404087	529.596981	2306.702195
  55.000	   0.000	       530.323	        53.450	     0.000	   252.905	    -8.666	    48.625	     0.000	    -0.943	460.271169	460.271169	530.350067	2308.123965
  55.200	   0.000	       527.523	        54.623	     0.000	   252.502	    -8.625	    48.760	     0.000	    -0.949	458.235026	458.235026	528.328195	2309.331252
  55.400	   0.000	       529.042	        54.827	     0.000	   252.100	    -8.584	    48.627	     0.000	    -0.944	459.224308	459.224308	528.667556	2309.583512
  55.600	   0.000	       529.808	        53.599	     0.000	   251.700	    -8.543	    48.457	     0.000	    -0.937	459.464069	459.464069	529.209192	2308.421137
  55.800	   0.000	       531.033	        52.407	     0.000	   251.301	    -8.502	    48.279	     0.000	    -0.930	461.088737	461.088737	531.069560	2307.205855
  56.000	   0.000	       531.909	        51.441	     0.000	   250.903	    -8.462	    48.101	     0.000	    -0.923	461.556345	461.556345	531.543626	2306.219537
  56.200	   0.000	       532.242	        51.470	     0.000	   250.507	    -8.422	    47.984	     0.000	    -0.919	462.381581	462.381581	532.474699	2306.192117
  56.400	   0.000	       533.988	        52.948	     0.000	   250.112	    -8.382	    47.918	     0.000	    -0.916	463.197146	463.197146	533.740525	2307.609667
  56.600	   0.000	       532.448	        54.381	     0.000	   249.718	    -8.342	    47.989	     0.000	    -0.919	462.889733	462.889733	532.781045	2309.066457
  56.800	   0.000	       533.639	        55.625	     0.000	   249.325	    -8.303	    47.846	     0.000	    -0.913	464.069142	464.069142	533.744527	2310.321380
  57.000	   0.000	       534.473	        55.883	     0.000	   248.934	    -8.264	    47.799	     0.000	    -0.912	464.363417	464.363417	534.483574	2310.634397
  57.200	   0.000	       536.612	        54.713	     0.000	   248.543	    -8.225	    47.561	     0.000	    -0.903	466.393228	466.393228	536.409579	2309.542381
  57.400	   0.000	       538.999	        53.586	     0.000	   248.154	    -8.187	    47.311	     0.000	    -0.893	469.221344	469.221344	539.040688	2308.386232
  57.600	   0.000	       540.172	        52.670	     0.000	   247.766	    -8.148	    47.141	     0.000	    -0.887	470.066993	470.066993	540.094576	2307.452304
  57.800	   0.000	       542.843	        52.740	     0.000	   247.380	    -8.110	    46.960	     0.000	    -0.880	472.538303	472.538303	542.680210	2307.457754
  58.000	   0.000	       542.869	        54.241	     0.000	   246.994	    -8.072	    46.903	     0.000	    -0.878	472.905635	472.905635	542.535097	2308.893249
  58.200	   0.000	       541.123	        55.702	     0.000	   246.610	    -8.035	    46.990	     0.000	    -0.881	471.437135	471.437135	541.159293	2310.393434
  58.400	   0.000	       543.136	        56.993	     0.000	   246.227	    -7.998	    46.917	     0.000	    -0.878	472.790070	472.790070	543.075013	2311.682184
  58.600	   0.000	       540.043	        57.304	     0.000	   245.845	    -7.960	    46.973	     0.000	    -0.880	470.354569	470.354569	540.229950	2312.051300
  58.800	   0.000	       541.885	        56.205	     0.000	   245.465	    -7.923	    46.779	     0.000	    -0.873	471.330452	471.330452	541.787302	2311.035851
  59.000	   0.000	       541.224	        55.141	     0.000	   245.085	    -7.887	    46.726	     0.000	    -0.871	471.182520	471.182520	541.324224	2309.931531
  59.200	   0.000	       541.097	        54.271	     0.000	   244.707	    -7.850	    46.573	     0.000	    -0.866	471.256096	471.256096	541.158920	2309.056153
  59.400	   0.000	       539.711	        54.373	     0.000	   244.330	    -7.814	    46.539	     0.000	    -0.864	469.893487	469.893487	539.414804	2309.088528
  59.600	   0.000	       538.233	        55.879	     0.000	   243.954	    -7.778	    46.639	     0.000	    -0.868	467.945740	467.945740	537.955548	2310.528444
  59.800	   0.000	       536.768	        57.380	     0.000	   243.579	    -7.742	    46.740	     0.000	    -0.872	466.781049	466.781049	536.426570	2312.070599
  60.000	   0.000	       534.848	        58.694	     0.000	   243.205	    -7.707	    46.825	     0.000	    -0.875	464.460311	464.460311	534.361798	2313.377555
  60.200	   0.000	       532.058	        59.047	     0.000	   242.833	    -7.671	    46.886	     0.000	    -0.877	462.306412	462.306412	533.034920	2313.802212
  60.400	   0.000	       532.516	        58.040	     0.000	   242.461	    -7.636	    46.808	     0.000	    -0.874	462.001505	462.001505	532.106380	2312.867004
  60.600	   0.000	       530.713	        57.014	     0.000	   242.091	    -7.601	    46.681	     0.000	    -0.870	461.328089	461.328089	531.145100	2311.805988
  60.800	   0.000	       532.131	        56.214	     0.000	   241.722	    -7.566	    46.520	     0.000	    -0.864	462.502979	462.502979	532.578921	2310.991035
  61.000	   0.000	       531.418	        56.334	     0.000	   241.354	    -7.532	    46.499	     0.000	    -0.863	461.352068	461.352068	530.886946	2311.043122
  61.200	   0.000	       532.242	        57.833	     0.000	   240.987	    -7.498	    46.428	     0.000	    -0.860	462.247487	462.247487	532.042694	2312.480060
  61.400	   0.000	       531.554	        59.378	     0.000	   240.621	    -7.464	    46.510	     0.000	    -0.863	461.189334	461.189334	531.105573	2314.054935
  61.600	   0.000	       531.301	        60.682	     0.000	   240.256	    -7.430	    46.584	     0.000	    -0.866	460.584416	460.584416	531.139544	2315.367024
  61.800	   0.000	       531.538	        61.095	     0.000	   239.893	    -7.396	    46.443	     0.000	    -0.861	461.588145	461.588145	531.713659	2315.844435
  62.000	   0.000	       531.696	        60.162	     0.000	   239.530	    -7.363	    46.350	     0.000	    -0.857	461.870201	461.870201	532.026929	2314.984448
  62.200	   0.000	       534.323	        59.167	     0.000	   239.169	    -7.329	    46.101	     0.000	    -0.848	464.916033	464.916033	535.019135	2313.959630
  62.400	   0.000	       535.406	        58.426	     0.000	   238.809	    -7.296	    45.921	     0.000	    -0.841	465.935171	465.935171	535.376591	2313.200626
  62.600	   0.000	       536.678	        58.562	     0.000	   238.450	    -7.263	    45.739	     0.000	    -0.835	466.921685	466.921685	536.258068	2313.265546
  62.800	   0.000	       539.904	        60.041	     0.000	   238.091	    -7.231	    45.677	     0.000	    -0.833	469.670543	469.670543	539.532908	2314.689962
  63.000	   0.000	       539.741	        61.623	     0.000	   237.734	    -7.198	    45.714	     0.000	    -0.834	469.143102	469.143102	538.556361	2316.285348
  63.200	   0.000	       539.821	        62.907	     0.000	   237.378	    -7.166	    45.646	     0.000	    -0.831	469.663953	469.663953	539.509638	2317.600417
  63.400	   0.000	       539.334	        63.372	     0.000	   237.024	    -7.134	    45.636	     0.000	    -0.831	469.362483	469.362483	539.865114	2318.121606
  63.600	   0.000	       539.721	        62.514	     0.000	   236.670	    -7.102	    45.542	     0.000	    -0.828	469.589653	469.589653	539.936830	2317.329111
  63.800	   0.000	       540.816	        61.533	     0.000	   236.317	    -7.070	    45.299	     0.000	    -0.819	471.641042	471.641042	541.280117	2316.335386
  64.000	   0.000	       541.150	        60.853	     0.000	   235.965	    -7.039	    45.229	     0.000	    -0.816	471.652033	471.652033	541.688623	2315.624444
  64.200	   0.000	       544.408	        60.981	     0.000	   235.614	    -7.007	    45.035	     0.000	    -0.809	473.559283	473.559283	543.401405	2315.696067
  64.400	   0.000	       541.705	        62.448	     0.000	   235.265	    -6.976	    45.112	     0.000	    -0.812	471.865042	471.865042	541.267382	2317.095477
  64.600	   0.000	       541.035	        64.038	     0.000	   234.916	    -6.945	    45.140	     0.000	    -0.813	471.347208	471.347208	541.675961	2318.693558
  64.800	   0.000	       540.912	        65.307	     0.000	   234.569	    -6.914	    45.228	     0.000	    -0.816	470.402822	470.402822	540.593276	2320.011889
  65.000	   0.000	       538.743	        65.820	     0.000	   234.222	    -6.884	    45.162	     0.000	    -0.814	469.356100	469.356100	539.114555	2320.562179
  65.200	   0.000	       538.235	        65.012	     0.000	   233.876	    -6.853	    45.120	     0.000	    -0.812	468.798334	468.798334	538.947079	2319.825119
  65.400	   0.000	       540.411	        64.068	     0.000	   233.532	    -6.823	    45.029	     0.000	    -0.809	469.431086	469.431086	539.516938	2318.866088
  65.600	   0.000	       540.161	        63.423	     0.000	   233.188	    -6.793	    44.843	     0.000	    -0.802	470.409837	470.409837	540.094784	2318.187198
  65.800	   0.000	       540.607	        63.548	     0.000	   232.846	    -6.763	    44.745	     0.000	    -0.799	470.797499	470.797499	540.758395	2318.259206
  66.000	   0.000	       542.131	        64.974	     0.000	   232.504	    -6.733	    44.785	     0.000	    -0.800	471.344096	471.344096	542.170667	2319.623872
  66.200	   0.000	       542.146	        66.558	     0.000	   232.164	    -6.704	    44.716	     0.000	    -0.798	472.106312	472.106312	542.353709	2321.209626
  66.400	   0.000	       538.918	        67.821	     0.000	   231.824	    -6.675	    44.812	     0.000	    -0.801	470.231770	470.231770	539.876242	2322.526803
  66.600	   0.000	       541.698	        68.354	     0.000	   231.486	    -6.645	    44.687	     0.000	    -0.797	471.631271	471.631271	541.718684	2323.088025
  66.800	   0.000	       541.925	        67.590	     0.000	   231.148	    -6.616	    44.613	     0.000	    -0.794	471.312641	471.312641	540.617938	2322.403715
  67.000	   0.000	       542.686	        66.674	     0.000	   230.812	    -6.588	    44.381	     0.000	    -0.786	473.107129	473.107129	542.450125	2321.476980
  67.200	   0.000	       545.542	        66.050	     0.000	   230.476	    -6.559	    44.240	     0.000	    -0.781	475.018242	475.018242	545.412264	2320.811468
  67.400	   0.000	       546.805	        66.167	     0.000	   230.142	    -6.530	    44.169	     0.000	    -0.778	475.542375	475.542375	546.159293	2320.880739
  67.600	   0.000	       546.675	        67.556	     0.000	   229.808	    -6.502	    44.051	     0.000	    -0.774	477.486816	477.486816	547.681861	2322.202931
  67.800	   0.000	       546.144	        69.105	     0.000	   229.475	    -6.474	    44.117	     0.000	    -0.777	477.047632	477.047632	547.713218	2323.765416
  68.000	   0.000	       547.321	        70.375	     0.000	   229.144	    -6.446	    44.108	     0.000	    -0.776	476.719879	476.719879	546.733921	2325.075571
  68.200	   0.000	       545.816	        70.902	     0.000	   228.813	    -6.418	    43.991	     0.000	    -0.772	476.770263	476.770263	545.827293	2325.634028
  68.400	   0.000	       545.126	        70.184	     0.000	   228.483	    -6.390	    43.982	     0.000	    -0.772	475.869859	475.869859	545.203640	2324.997565
  68.600	   0.000	       548.953	        69.297	     0.000	   228.154	    -6.363	    43.842	     0.000	    -0.767	476.945939	476.945939	547.116246	2324.092549
  68.800	   0.000	       547.914	        68.659	     0.000	   227.827	    -6.335	    43.713	     0.000	    -0.762	477.596284	477.596284	547.097866	2323.428846
  69.000	   0.000	       547.525	        68.779	     0.000	   227.500	    -6.308	    43.640	     0.000	    -0.760	478.254943	478.254943	549.033614	2323.491832
  69.200	   0.000	       550.402	        70.107	     0.000	   227.174	    -6.281	    43.640	     0.000	    -0.760	479.237688	479.237688	550.093832	2324.760811
  69.400	   0.000	       547.149	        71.629	     0.000	   226.849	    -6.254	    43.658	     0.000	    -0.761	477.725502	477.725502	548.063046	2326.287707
  69.600	   0.000	       545.520	        72.893	     0.000	   226.524	    -6.227	    43.657	     0.000	    -0.761	477.589222	477.589222	547.102866	2327.581635
  69.800	   0.000	       546.464	        73.396	     0.000	   226.201	    -6.201	    43.721	     0.000	    -0.763	475.755415	475.755415	545.547859	2328.134305
  70.000	   0.000	       547.553	        72.726	     0.000	   225.879	    -6.174	    43.549	     0.000	    -0.757	476.576882	476.576882	545.810069	2327.537199
  70.200	   0.000	       545.023	        71.857	     0.000	   225.557	    -6.148	    43.484	     0.000	    -0.755	476.024927	476.024927	545.419214	2326.642128
  70.400	   0.000	       548.568	        71.206	     0.000	   225.237	    -6.122	    43.359	     0.000	    -0.750	477.674760	477.674760	548.058678	2325.976552
  70.600	   0.000	       550.574	        71.310	     0.000	   224.917	    -6.096	    43.255	     0.000	    -0.747	478.777778	478.777778	548.965489	2326.026509
  70.800	   0.000	       547.309	        72.571	     0.000	   224.599	    -6.070	    43.228	     0.000	    -0.746	478.756990	478.756990	548.843720	2327.234868
  71.000	   0.000	       549.522	        74.049	     0.000	   224.281	    -6.044	    43.215	     0.000	    -0.745	480.140822	480.140822	550.969070	2328.720955
  71.200	   0.000	       551.038	        75.307	     0.000	   223.964	    -6.018	    43.212	     0.000	    -0.745	479.425305	479.425305	549.253293	2329.987496
  71.400	   0.000	       546.924	        75.780	     0.000	   223.648	    -5.993	    43.175	     0.000	    -0.744	478.693323	478.693323	548.259690	2330.532469
  71.600	   0.000	       548.607	        75.155	     0.000	   223.333	    -5.968	    43.061	     0.000	    -0.740	479.575572	479.575572	549.652462	2329.963161
  71.800	   0.000	       551.580	        74.289	     0.000	   223.019	    -5.943	    43.004	     0.000	    -0.738	479.035485	479.035485	548.949236	2329.069934
  72.000	   0.000	       551.369	        73.626	     0.000	   222.706	    -5.918	    42.723	     0.000	    -0.728	482.177330	482.177330	551.668633	2328.402270
  72.200	   0.000	       550.514	        73.717	     0.000	   222.393	    -5.893	    42.731	     0.000	    -0.729	482.064739	482.064739	552.133277	2328.426041
  72.400	   0.000	       555.716	        74.900	     0.000	   222.082	    -5.868	    42.645	     0.000	    -0.726	483.681521	483.681521	553.902088	2329.572891
  72.600	   0.000	       553.483	        76.346	     0.000	   221.771	    -5.843	    42.620	     0.000	    -0.725	483.637114	483.637114	553.172744	2331.017134
  72.800	   0.000	       549.890	        77.564	     0.000	   221.461	    -5.819	    42.676	     0.000	    -0.727	482.456868	482.456868	552.850137	2332.245060
  73.000	   0.000	       554.928	        78.025	     0.000	   221.152	    -5.795	    42.665	     0.000	    -0.726	482.657965	482.657965	553.188987	2332.780283
  73.200	   0.000	       552.887	        77.428	     0.000	   220.844	    -5.770	    42.595	     0.000	    -0.724	481.810581	481.810581	551.508476	2332.223256
  73.400	   0.000	       548.936	        76.549	     0.000	   220.537	    -5.746	    42.493	     0.000	    -0.721	481.979076	481.979076	552.379608	2331.326725
  73.600	   0.000	       554.164	        75.878	     0.000	   220.231	    -5.722	    42.377	     0.000	    -0.717	483.068820	483.068820	552.942580	2330.657954
  73.800	   0.000	       554.862	        75.933	     0.000	   219.925	    -5.699	    42.257	     0.000	    -0.713	483.471548	483.471548	552.446594	2330.643865
  74.000	   0.000	       551.726	        77.055	     0.000	   219.620	    -5.675	    42.205	     0.000	    -0.711	484.328350	484.328350	553.858450	2331.732363
  74.200	   0.000	       554.329	        78.455	     0.000	   219.317	    -5.651	    42.266	     0.000	    -0.713	483.712797	483.712797	553.621476	2333.132747
  74.400	   0.000	       556.360	        79.631	     0.000	   219.014	    -5.628	    42.220	     0.000	    -0.711	483.317516	483.317516	553.082773	2334.312813
  74.600	   0.000	       550.411	        80.084	     0.000	   218.711	    -5.605	    42.303	     0.000	    -0.714	482.181384	482.181384	552.631104	2334.840469
  74.800	   0.000	       550.926	        79.497	     0.000	   218.410	    -5.582	    42.253	     0.000	    -0.712	482.029502	482.029502	553.413896	2334.286648
  75.000	   0.000	       555.850	        78.602	     0.000	   218.110	    -5.559	    42.087	     0.000	    -0.707	482.944402	482.944402	552.822940	2333.382478
  75.200	   0.000	       550.212	        77.930	     0.000	   217.810	    -5.536	    41.976	     0.000	    -0.703	482.794500	482.794500	552.527447	2332.707489
  75.400	   0.000	       552.334	        77.935	     0.000	   217.511	    -5.513	    41.831	     0.000	    -0.698	485.097307	485.097307	555.387628	2332.648098
  75.600	   0.000	       558.739	        78.994	     0.000	   217.213	    -5.490	    41.776	     0.000	    -0.696	484.887153	484.887153	553.590896	2333.682642
  75.800	   0.000	       555.708	        80.353	     0.000	   216.916	    -5.468	    41.731	     0.000	    -0.695	485.497543	485.497543	554.651550	2335.035782
  76.000	   0.000	       552.823	        81.471	     0.000	   216.619	    -5.446	    41.807	     0.000	    -0.697	485.685146	485.685146	556.380886	2336.163748
  76.200	   0.000	       559.022	        81.937	     0.000	   216.324	    -5.423	    41.797	     0.000	    -0.697	484.796563	484.796563	554.903218	2336.680876
  76.400	   0.000	       555.817	        81.331	     0.000	   216.029	    -5.401	    41.695	     0.000	    -0.694	484.769829	484.769829	555.369301	2336.123285
  76.600	   0.000	       550.519	        80.427	     0.000	   215.735	    -5.379	    41.707	     0.000	    -0.694	484.784257	484.784257	556.363523	2335.207532
  76.800	   0.000	       557.647	        79.751	     0.000	   215.442	    -5.357	    41.488	     0.000	    -0.687	486.067921	486.067921	555.959763	2334.520462
  77.000	   0.000	       559.605	        79.697	     0.000	   215.150	    -5.335	    41.288	     0.000	    -0.680	487.501103	487.501103	556.010498	2334.413412
  77.200	   0.000	       552.488	        80.707	     0.000	   214.858	    -5.314	    41.355	     0.000	    -0.682	486.864458	486.864458	557.428064	2335.394941
  77.400	   0.000	       560.634	        82.009	     0.000	   214.567	    -5.292	    41.249	     0.000	    -0.679	489.185997	489.185997	558.229777	2336.701611
  77.600	   0.000	       561.809	        83.080	     0.000	   214.277	    -5.271	    41.273	     0.000	    -0.680	486.602615	486.602615	554.956569	2337.778843
  77.800	   0.000	       553.482	        83.536	     0.000	   213.988	    -5.249	    41.340	     0.000	    -0.682	486.740206	486.740206	558.246649	2338.278876
  78.000	   0.000	       555.718	        82.914	     0.000	   213.699	    -5.228	    41.344	     0.000	    -0.682	486.236265	486.236265	557.461613	2337.712691
  78.200	   0.000	       561.239	        81.997	     0.000	   213.412	    -5.207	    41.116	     0.000	    -0.675	486.336809	486.336809	555.215976	2336.778350
  78.400	   0.000	       553.278	        81.309	     0.000	   213.125	    -5.186	    41.101	     0.000	    -0.674	486.327516	486.327516	557.454781	2336.074587
  78.600	   0.000	       554.721	        81.198	     0.000	   212.839	    -5.165	    41.049	     0.000	    -0.672	487.514679	487.514679	558.287900	2335.924486
  78.800	   0.000	       563.954	        82.158	     0.000	   212.553	    -5.145	    40.799	     0.000	    -0.664	488.343625	488.343625	556.148071	2336.849490
  79.000	   0.000	       556.702	        83.418	     0.000	   212.269	    -5.124	    40.887	     0.000	    -0.667	487.496869	487.496869	557.401977	2338.112413
  79.200	   0.000	       553.947	        84.438	     0.000	   211.985	    -5.103	    40.995	     0.000	    -0.671	487.885352	487.885352	559.377129	2339.141871
  79.400	   0.000	       563.582	        84.882	     0.000	   211.702	    -5.083	    40.817	     0.000	    -0.665	487.603768	487.603768	555.351297	2339.616626
  79.600	   0.000	       556.663	        84.234	     0.000	   211.419	    -5.063	    40.867	     0.000	    -0.666	485.279640	485.279640	555.132483	2339.044196
  79.800	   0.000	       552.465	        83.309	     0.000	   211.138	    -5.042	    40.858	     0.000	    -0.666	487.045527	487.045527	559.913365	2338.081432
  80.000	   0.000	       561.618	        82.592	     0.000	   210.857	    -5.022	    40.636	     0.000	    -0.659	487.489784	487.489784	555.639345	2337.354028
