    时间	    开度值	      蜗壳压力	      尾水管压力	    流量	      转速	      出力	  单位转速	  单位流量	  单位力矩	球阀前压力	球阀后压力	蜗壳进口压力	尾水管出口压力
   0.000	   0.600	       534.467	        56.638	   -61.829	  -428.600	  -319.714	   -83.040	    -0.162	    20.856	469.469574	469.817059	534.467365	2323.458992
   0.200	   0.600	       523.343	        61.671	   -60.948	  -419.974	  -301.695	   -83.164	    -0.163	    20.981	455.444566	455.444722	525.623298	2327.097113
   0.400	   0.600	       511.041	        67.347	   -59.723	  -411.681	  -284.122	   -83.157	    -0.163	    20.974	443.623800	443.624053	513.630556	2332.144900
   0.600	   0.600	       500.057	        73.279	   -58.537	  -403.713	  -267.872	   -83.146	    -0.163	    20.963	432.493034	432.493528	502.521716	2337.725669
   0.800	   0.600	       489.360	        78.512	   -57.387	  -396.049	  -252.821	   -83.132	    -0.163	    20.949	421.681379	421.682328	491.689114	2342.741837
   1.000	   0.600	       475.049	        78.163	   -55.935	  -388.681	  -238.156	   -82.990	    -0.161	    20.806	407.666917	407.667939	477.603907	2341.777149
   1.200	   0.600	       459.010	        74.793	   -54.378	  -381.612	  -224.287	   -82.788	    -0.159	    20.603	392.574176	392.575274	462.505709	2337.857665
   1.400	   0.600	       444.480	        72.053	   -52.711	  -374.839	  -210.990	   -82.564	    -0.157	    20.341	377.922345	377.923530	447.746677	2334.536938
   1.600	   0.600	       430.477	        69.319	   -51.175	  -368.348	  -198.868	   -82.362	    -0.154	    20.105	363.815302	363.816599	433.643051	2331.159361
   1.800	   0.600	       420.190	        70.041	   -49.848	  -362.116	  -187.973	   -82.211	    -0.153	    19.928	353.501208	353.502642	423.637118	2332.140500
   2.000	   0.600	       412.878	        73.322	   -48.637	  -356.117	  -177.997	   -82.083	    -0.151	    19.779	345.441598	345.443175	415.187661	2334.398375
   2.200	   0.600	       404.790	        75.144	   -47.415	  -350.341	  -168.624	   -81.937	    -0.150	    19.609	337.430081	337.431834	407.086411	2335.958378
   2.400	   0.600	       397.680	        77.398	   -46.220	  -344.776	  -159.992	   -81.786	    -0.148	    19.449	330.156201	330.158176	399.850883	2338.000752
   2.600	   0.600	       388.593	        76.705	   -44.850	  -339.414	  -151.606	   -81.561	    -0.145	    19.211	323.460842	323.463076	392.183767	2337.311863
   2.800	   0.600	       388.982	        82.551	   -42.199	  -334.287	  -141.820	   -80.957	    -0.138	    18.533	325.809120	325.811559	394.079013	2340.476527
   3.000	   0.600	       388.879	        88.731	   -39.367	  -329.420	  -132.615	   -80.525	    -0.130	    17.917	325.429902	325.432276	393.436748	2346.032430
   3.200	   0.600	       385.948	        95.287	   -36.375	  -324.815	  -123.309	   -80.605	    -0.122	    17.413	322.832487	322.834764	390.906461	2351.686699
   3.400	   0.600	       384.015	       102.877	   -33.547	  -320.476	  -114.632	   -80.792	    -0.114	    16.932	320.050001	320.052181	386.421633	2359.487774
   3.600	   0.600	       376.520	       105.010	   -29.918	  -316.418	  -104.709	   -81.079	    -0.103	    16.184	314.271809	314.273802	381.991141	2359.345790
   3.800	   0.600	       369.249	       104.222	   -26.140	  -312.693	   -94.263	   -81.005	    -0.091	    15.068	308.269672	308.271413	375.921477	2358.006534
   4.000	   0.600	       363.124	       102.688	   -22.303	  -309.317	   -84.481	   -80.747	    -0.079	    13.863	301.166033	301.167499	368.678838	2356.637649
   4.200	   0.600	       364.218	        98.614	   -18.915	  -306.256	   -75.532	   -79.095	    -0.066	    12.253	301.373346	301.374596	369.566853	2352.313430
   4.400	   0.600	       354.834	        95.380	   -16.140	  -303.485	   -67.958	   -79.260	    -0.057	    11.376	291.152456	291.153540	358.940630	2349.086349
   4.600	   0.600	       348.357	        93.337	   -13.334	  -300.979	   -60.695	   -79.247	    -0.047	    10.413	284.855083	284.855979	353.360334	2346.269287
   4.800	   0.600	       341.540	        90.776	   -10.461	  -298.732	   -53.956	   -79.286	    -0.037	     9.477	278.632913	278.633597	347.036812	2344.053104
   5.000	   0.600	       339.789	        92.873	    -7.880	  -296.713	   -48.137	   -79.339	    -0.028	     8.640	275.952551	275.953047	343.525341	2345.557280
   5.200	   0.600	       337.297	        93.895	    -5.557	  -294.894	   -43.108	   -79.404	    -0.020	     7.894	275.052212	275.052531	343.754051	2347.122516
   5.400	   0.600	       338.783	        98.705	    -2.669	  -293.278	   -37.403	   -79.501	    -0.010	     6.980	276.849422	276.849518	344.671940	2350.431165
   5.600	   0.600	       340.439	       102.104	     0.371	  -291.806	   -35.426	   -79.387	     0.001	     6.693	278.575302	278.575301	346.247259	2353.938910
   5.800	   0.600	       340.442	       103.518	     3.711	  -290.419	   -33.247	   -79.252	     0.014	     6.350	277.122359	277.122129	345.587698	2355.796954
   6.000	   0.600	       342.310	       105.674	     6.673	  -289.099	   -31.860	   -78.956	     0.025	     6.123	281.803108	281.802066	348.448213	2357.862152
   6.200	   0.600	       346.621	       106.398	    10.540	  -287.801	   -32.232	   -78.047	     0.039	     6.134	284.598265	284.595021	353.337372	2358.737155
   6.400	   0.600	       351.632	       104.950	    14.012	  -286.426	   -35.195	   -76.691	     0.051	     6.561	289.793276	289.785209	357.095112	2358.209469
   6.600	   0.600	       357.676	       102.270	    17.151	  -284.888	   -39.464	   -75.008	     0.061	     7.152	295.090714	295.073375	362.375624	2356.371510
   6.800	   0.600	       363.408	        99.558	    19.936	  -283.165	   -43.852	   -73.393	     0.070	     7.749	298.489123	298.453502	366.503854	2353.788823
   7.000	   0.600	       365.097	        94.097	    22.528	  -281.260	   -47.801	   -71.973	     0.078	     8.289	294.420235	294.341741	367.220864	2348.080826
   7.200	   0.600	       367.649	        90.218	    24.905	  -279.173	   -52.118	   -70.647	     0.085	     8.905	300.867959	300.734464	370.240416	2344.589575
   7.400	   0.600	       372.943	        88.519	    27.270	  -276.850	   -57.653	   -69.235	     0.092	     9.701	306.436236	306.264225	374.831682	2344.422403
   7.600	   0.600	       380.148	        89.280	    29.292	  -274.259	   -63.469	   -67.859	     0.098	    10.552	313.467574	313.253521	381.137231	2345.822712
   7.800	   0.600	       385.754	        89.769	    30.893	  -271.412	   -68.515	   -66.601	     0.102	    11.322	319.819739	319.563160	385.920666	2347.328030
   8.000	   0.600	       396.914	        92.699	    32.757	  -268.290	   -74.899	   -64.970	     0.107	    12.194	329.742731	329.429105	393.046398	2348.037735
   8.200	   0.600	       406.219	        91.111	    34.817	  -264.813	   -82.432	   -63.043	     0.112	    13.140	341.539241	341.154101	406.468804	2347.937640
   8.400	   0.600	       419.206	        90.427	    37.118	  -260.911	   -91.482	   -60.842	     0.117	    14.201	353.777882	353.307646	421.582188	2348.227020
   8.600	   0.600	       431.807	        92.020	    39.012	  -256.603	   -98.866	   -58.888	     0.121	    15.114	365.140745	364.570481	434.194517	2346.692301
   8.800	   0.600	       444.090	        91.307	    41.081	  -251.835	  -106.889	   -56.747	     0.125	    16.052	382.976287	382.280845	452.776131	2349.910026
   9.000	   0.600	       455.826	        91.465	    42.957	  -246.611	  -113.576	   -54.705	     0.129	    16.879	390.679985	389.841328	457.047366	2350.010081
   9.200	   0.600	       465.816	        89.611	    44.828	  -240.960	  -119.819	   -52.627	     0.132	    17.667	398.560515	397.553826	464.225031	2348.614018
   9.400	   0.600	       472.047	        86.930	    46.388	  -234.920	  -124.102	   -50.730	     0.135	    18.349	416.003618	414.780521	480.215591	2347.980546
   9.600	   0.600	       475.542	        82.768	    47.814	  -228.511	  -127.300	   -48.882	     0.138	    18.987	408.923518	407.503551	478.818863	2343.425730
   9.800	   0.600	       480.706	        80.895	    49.148	  -221.793	  -129.672	   -47.042	     0.141	    19.590	416.913511	415.214612	484.053721	2342.364299
  10.000	   0.600	       483.039	        80.114	    50.127	  -214.790	  -129.866	   -45.395	     0.143	    20.115	417.730321	415.716819	484.838519	2341.082877
  10.200	   0.600	       483.005	        78.172	    50.991	  -207.541	  -129.137	   -43.772	     0.145	    20.616	419.887567	417.493130	485.410138	2339.311214
  10.400	   0.600	       482.260	        78.716	    51.557	  -200.134	  -126.709	   -42.289	     0.147	    21.055	412.111845	409.292774	479.314645	2340.592899
  10.600	   0.600	       479.336	        77.756	    52.061	  -192.636	  -123.781	   -40.815	     0.149	    21.485	413.153568	409.784109	479.497787	2339.240841
  10.800	   0.600	       476.833	        76.352	    52.613	  -185.009	  -120.868	   -39.263	     0.151	    21.915	411.231904	407.603495	478.847071	2338.873186
  11.000	   0.600	       475.896	        76.536	    53.168	  -177.235	  -117.697	   -37.676	     0.153	    22.351	412.306258	408.418642	477.904848	2341.460002
  11.200	   0.600	       475.508	        77.609	    53.662	  -169.353	  -114.071	   -36.076	     0.154	    22.766	412.194227	408.000178	474.368064	2339.845981
  11.400	   0.600	       477.882	        79.305	    54.335	  -161.327	  -110.898	   -34.346	     0.156	    23.207	414.041524	409.539405	478.790904	2342.993528
  11.600	   0.600	       479.338	        80.495	    54.954	  -153.164	  -107.222	   -32.606	     0.158	    23.631	414.869843	410.017068	479.882645	2343.566140
  11.800	   0.600	       480.184	        79.848	    55.661	  -144.841	  -103.561	   -30.785	     0.160	    24.058	420.061635	414.799372	481.901270	2342.733708
  12.000	   0.600	       483.394	        80.353	    56.462	  -136.334	   -99.848	   -28.888	     0.161	    24.491	423.544912	417.855856	487.066370	2345.633567
  12.200	   0.600	       484.086	        79.294	    57.159	  -127.640	   -95.389	   -26.994	     0.163	    24.896	423.597142	417.392394	485.939276	2344.116472
  12.400	   0.600	       486.834	        79.732	    57.897	  -118.749	   -90.655	   -25.049	     0.165	    25.301	425.762280	419.006410	487.106134	2343.993617
  12.600	   0.600	       488.627	        79.797	    58.571	  -109.679	   -85.330	   -23.093	     0.166	    25.689	427.633463	420.309199	489.523851	2347.169041
  12.800	   0.600	       489.968	        78.338	    59.314	  -100.417	   -79.775	   -21.076	     0.168	    26.067	430.510028	422.476435	491.789779	2343.717863
  13.000	   0.600	       491.589	        78.684	    59.928	   -90.983	   -73.479	   -19.071	     0.170	    26.430	432.826119	424.121438	494.281088	2345.712805
  13.200	   0.600	       491.460	        78.161	    60.449	   -81.416	   -66.626	   -17.062	     0.171	    26.768	434.390420	424.889813	492.920485	2344.336798
  13.400	   0.600	       492.011	        78.201	    60.966	   -71.716	   -59.452	   -15.023	     0.172	    27.095	439.524267	429.157820	495.414310	2343.185104
  13.600	   0.600	       491.133	        77.061	    61.452	   -61.892	   -51.915	   -12.964	     0.174	    27.411	434.070163	422.776238	492.763457	2344.065869
  13.800	   0.600	       491.407	        77.622	    61.867	   -51.966	   -43.999	   -10.891	     0.175	    27.700	432.130405	419.800045	489.338860	2342.482916
  14.000	   0.600	       490.102	        77.080	    62.235	   -41.953	   -35.797	    -8.802	     0.176	    27.979	435.854033	422.384831	491.233648	2344.019951
  14.200	   0.600	       487.900	        76.098	    62.547	   -31.877	   -27.360	    -6.700	     0.177	    28.238	433.330992	418.975671	488.047819	2343.690276
  14.400	   0.600	       486.709	        76.209	    62.830	   -21.737	   -18.747	    -4.577	     0.179	    28.476	433.991206	419.287339	486.957158	2343.569748
  14.600	   0.600	       487.298	        77.078	    63.180	   -11.541	   -10.022	    -2.431	     0.180	    28.701	434.827011	419.771510	488.218619	2344.940096
  14.800	   0.600	       487.119	        77.014	    63.519	    -1.281	    -1.120	    -0.270	     0.181	    28.902	433.380026	418.005679	486.758125	2344.140380
  15.000	   0.600	       487.555	        78.052	    63.822	     9.038	     7.939	     1.906	     0.182	    29.104	436.575856	420.844312	488.418385	2345.141547
  15.200	   0.600	       486.579	        76.788	    64.140	    19.396	    17.128	     4.090	     0.183	    29.248	433.013100	417.003797	485.593759	2343.595213
  15.400	   0.600	       486.487	        76.889	    64.414	    29.801	    26.417	     6.287	     0.183	    29.382	434.269440	417.936721	487.677271	2344.542820
  15.600	   0.600	       486.180	        76.957	    64.659	    40.249	    35.777	     8.496	     0.184	    29.498	434.568080	417.889284	487.497173	2345.619983
  15.800	   0.600	       485.614	        76.335	    64.923	    50.730	    45.237	    10.709	     0.185	    29.597	433.183792	416.173112	483.655379	2343.526564
  16.000	   0.600	       485.665	        76.709	    65.130	    61.231	    54.661	    12.932	     0.186	    29.659	434.691848	417.352560	487.741746	2345.366776
  16.200	   0.600	       484.963	        76.331	    65.322	    71.745	    64.078	    15.160	     0.186	    29.705	433.197899	415.547684	485.249344	2344.916511
  16.400	   0.600	       485.497	        76.856	    65.524	    82.261	    73.513	    17.384	     0.187	    29.727	433.486876	415.534995	485.471591	2344.790238
  16.600	   0.600	       485.224	        76.959	    65.666	    92.778	    82.777	    19.618	     0.187	    29.712	436.504821	418.176982	485.966611	2346.076281
  16.800	   0.600	       485.391	        76.701	    65.855	   103.282	    92.115	    21.829	     0.188	    29.675	433.332540	414.733343	484.805130	2344.545739
  17.000	   0.600	       485.963	        77.117	    65.998	   113.769	   101.258	    24.043	     0.188	    29.606	434.567480	415.653363	486.726611	2345.606477
  17.200	   0.600	       486.055	        77.366	    66.088	   124.227	   110.125	    26.259	     0.189	    29.503	434.980294	415.768818	485.406608	2345.459465
  17.400	   0.600	       485.422	        76.311	    66.207	   134.648	   118.989	    28.449	     0.189	    29.383	436.256611	416.708952	483.642371	2343.670226
  17.600	   0.600	       487.675	        76.955	    66.394	   145.043	   128.041	    30.586	     0.189	    29.238	437.877477	418.040676	489.338647	2345.799185
  17.800	   0.600	       487.437	        76.672	    66.434	   155.405	   136.414	    32.770	     0.189	    29.071	437.547674	417.403206	487.387989	2345.274040
  18.000	   0.600	       489.403	        77.585	    66.542	   165.728	   144.964	    34.902	     0.189	    28.896	439.786767	419.332133	489.146972	2345.636137
  18.200	   0.600	       490.507	        77.671	    66.624	   176.009	   153.275	    37.022	     0.189	    28.697	441.773099	421.040262	490.854348	2346.821645
  18.400	   0.600	       491.869	        77.361	    66.754	   186.250	   161.664	    39.096	     0.189	    28.488	441.800777	420.748053	490.678489	2345.369802
  18.600	   0.600	       493.391	        77.716	    66.838	   196.444	   169.650	    41.178	     0.189	    28.264	445.848113	424.486496	493.166017	2346.418318
  18.800	   0.600	       494.090	        77.400	    66.906	   206.584	   177.246	    43.251	     0.189	    28.011	446.796306	425.165031	495.052529	2346.458487
  19.000	   0.600	       494.597	        76.788	    66.972	   216.657	   184.617	    45.298	     0.189	    27.744	446.751207	424.797591	493.770808	2344.462618
  19.200	   0.600	       496.308	        77.369	    67.017	   226.651	   191.597	    47.323	     0.189	    27.448	447.900295	425.674767	496.419225	2345.980994
  19.400	   0.600	       496.720	        76.809	    66.998	   236.554	   197.975	    49.331	     0.189	    27.109	448.646446	426.158729	495.890210	2344.968886
  19.600	   0.600	       496.788	        76.348	    66.914	   246.353	   203.675	    51.338	     0.188	    26.743	450.501726	426.948299	496.297731	2345.070060
  19.800	   0.600	       497.171	        76.063	    66.777	   256.027	   208.810	    53.307	     0.188	    26.334	452.076120	427.491928	497.177813	2345.531862
  20.000	   0.600	       495.560	        75.011	    66.554	   265.549	   213.008	    55.321	     0.187	    25.930	450.365080	424.640260	494.728195	2343.592314
  20.200	   0.600	       495.176	        75.563	    66.317	   274.914	   216.753	    57.331	     0.187	    25.539	452.142489	425.229373	494.841772	2343.970215
  20.400	   0.600	       492.566	        74.949	    66.134	   284.125	   220.441	    59.392	     0.187	    25.251	450.535767	422.331298	492.663914	2343.872640
  20.600	   0.600	       490.577	        75.574	    65.963	   293.187	   223.864	    61.480	     0.187	    25.008	448.928785	419.310367	489.604136	2342.533074
  20.800	   0.600	       488.548	        77.271	    65.784	   302.102	   226.853	    63.640	     0.187	    24.820	449.050451	417.880968	488.303558	2345.484418
  21.000	   0.600	       486.615	        78.075	    65.631	   310.878	   229.833	    65.710	     0.187	    24.602	448.314845	415.424390	486.213041	2345.867285
  21.200	   0.600	       484.693	        78.137	    65.469	   319.518	   232.548	    67.701	     0.187	    24.337	448.961845	414.231554	484.464406	2346.508074
  21.400	   0.600	       484.880	        78.344	    65.274	   328.017	   234.906	    69.496	     0.187	    23.943	450.542512	415.309286	485.010903	2346.720811
  21.600	   0.600	       484.339	        76.322	    65.059	   336.384	   236.965	    71.127	     0.186	    23.459	449.848487	414.071143	483.003651	2344.171622
  21.800	   0.600	       486.014	        76.065	    64.780	   344.604	   238.279	    72.677	     0.184	    22.907	451.602514	415.461132	485.637175	2344.082057
  22.000	   0.600	       486.565	        74.155	    64.385	   352.657	   238.434	    74.131	     0.183	    22.252	452.165548	415.688212	485.470777	2342.547588
  22.200	   0.600	       488.004	        73.784	    63.892	   360.517	   237.425	    75.593	     0.181	    21.566	453.726972	417.043119	486.789086	2340.960242
  22.400	   0.600	       489.642	        73.836	    63.337	   368.164	   235.587	    77.022	     0.179	    20.860	455.403832	418.588329	488.893895	2341.753329
  22.600	   0.600	       491.299	        74.459	    62.769	   375.589	   233.389	    78.453	     0.177	    20.194	456.187607	419.257443	489.524895	2341.601080
  22.800	   0.600	       492.545	        75.034	    62.198	   382.797	   230.868	    79.870	     0.175	    19.556	459.310808	422.233646	491.741677	2342.548661
  23.000	   0.600	       493.888	        76.067	    61.674	   389.800	   228.577	    81.279	     0.174	    18.990	460.782887	423.498314	493.070016	2343.208230
  23.200	   0.600	       494.341	        75.925	    61.219	   396.616	   226.640	    82.622	     0.172	    18.470	460.874571	423.408443	494.098294	2342.633996
  23.400	   0.600	       495.702	        77.436	    60.735	   403.254	   224.231	    84.001	     0.171	    17.971	463.049127	425.252834	495.558844	2344.421070
  23.600	   0.600	       495.739	        77.233	    60.327	   409.722	   222.266	    85.306	     0.170	    17.516	463.478500	425.404399	494.666919	2343.852567
  23.800	   0.600	       495.065	        76.976	    59.885	   416.026	   219.763	    86.645	     0.168	    17.066	463.247157	424.820997	494.580426	2343.418001
  24.000	   0.600	       494.739	        76.896	    59.476	   422.168	   217.350	    87.934	     0.167	    16.637	463.181008	424.379422	493.561411	2342.711367
  24.200	   0.600	       494.087	        76.838	    59.050	   428.149	   214.543	    89.228	     0.166	    16.210	462.116534	423.059141	493.541428	2343.171032
  24.400	   0.600	       493.271	        76.883	    58.567	   433.964	   211.048	    90.515	     0.165	    15.759	462.587136	423.174638	492.689765	2342.919858
  24.600	   0.600	       491.802	        76.250	    58.035	   439.602	   206.936	    91.764	     0.164	    15.278	460.868614	421.226365	490.919540	2342.352036
  24.800	   0.600	       491.131	        75.967	    57.464	   445.050	   202.351	    92.921	     0.162	    14.763	459.555141	419.963934	490.627905	2341.459174
  25.000	   0.600	       490.839	        75.647	    56.781	   450.300	   196.629	    93.985	     0.160	    14.168	458.651724	419.526117	489.751382	2341.755181
  25.200	   0.600	       491.220	        74.890	    56.070	   455.337	   190.587	    94.874	     0.158	    13.534	458.329569	419.800922	489.838881	2340.512214
  25.400	   0.600	       491.415	        73.515	    55.255	   460.149	   183.466	    95.658	     0.155	    12.834	457.743120	419.900007	490.096667	2338.914923
  25.600	   0.600	       493.932	        73.486	    54.364	   464.721	   175.645	    96.272	     0.152	    12.081	458.916731	421.863621	491.888887	2337.626017
  25.800	   0.600	       495.673	        72.701	    53.414	   469.042	   167.115	    96.832	     0.149	    11.310	460.332828	424.163608	494.760194	2337.766748
  26.000	   0.600	       499.198	        73.115	    52.460	   473.113	   158.634	    97.270	     0.146	    10.556	462.737327	427.436433	497.429120	2337.162223
  26.200	   0.600	       501.938	        73.072	    51.502	   476.938	   150.029	    97.694	     0.142	     9.831	464.478780	430.057924	500.456399	2337.282665
  26.400	   0.600	       505.902	        74.368	    50.599	   480.529	   141.988	    98.085	     0.139	     9.170	467.685070	434.102364	503.871926	2337.967336
  26.600	   0.600	       508.654	        74.886	    49.716	   483.898	   134.145	    98.480	     0.137	     8.552	469.235255	436.490709	507.335359	2338.939074
  26.800	   0.600	       511.669	        76.087	    48.885	   487.062	   126.941	    98.883	     0.134	     8.001	472.473631	440.425621	510.480368	2339.337737
  27.000	   0.600	       513.471	        75.992	    48.156	   490.044	   120.476	    99.243	     0.132	     7.510	473.829245	442.402163	512.385472	2339.003107
  27.200	   0.600	       515.749	        76.605	    47.432	   492.860	   114.630	    99.595	     0.129	     7.074	474.737506	443.864443	514.161770	2338.774077
  27.400	   0.600	       517.260	        76.497	    46.757	   495.526	   109.084	    99.924	     0.127	     6.667	476.350454	446.030793	516.517031	2338.890925
  27.600	   0.600	       518.736	        76.573	    46.068	   498.045	   103.415	   100.247	     0.125	     6.266	476.566190	446.805928	517.647729	2338.400612
  27.800	   0.600	       519.620	        75.876	    45.366	   500.425	    98.279	   100.520	     0.123	     5.902	477.428919	448.230301	518.537499	2337.760423
  28.000	   0.600	       520.422	        75.504	    44.592	   502.665	    92.566	   100.809	     0.121	     5.517	477.143681	448.618499	519.272701	2337.450280
  28.200	   0.600	       520.548	        74.828	    43.765	   504.758	    86.407	   101.109	     0.118	     5.116	476.472993	448.675338	519.232131	2336.613983
  28.400	   0.600	       520.362	        73.686	    42.794	   506.699	    80.070	   101.357	     0.116	     4.710	475.180838	447.939742	518.706568	2335.266555
  28.600	   0.600	       519.825	        72.501	    41.794	   508.481	    73.484	   101.608	     0.113	     4.298	474.449519	447.793564	518.381595	2333.701729
  28.800	   0.600	       519.356	        71.601	    40.738	   510.100	    66.654	   101.850	     0.110	     3.880	472.707994	446.597869	517.362052	2332.101156
  29.000	   0.600	       520.097	        71.592	    39.691	   511.565	    60.401	   102.025	     0.107	     3.498	473.421024	447.904101	518.157883	2332.235059
  29.200	   0.600	       520.853	        71.829	    38.646	   512.881	    54.125	   102.198	     0.104	     3.121	472.968597	448.083280	519.639888	2332.412823
  29.400	   0.600	       522.320	        72.848	    37.601	   514.049	    47.980	   102.350	     0.101	     2.756	473.949385	449.621120	519.842723	2332.332740
  29.600	   0.600	       523.563	        73.388	    36.595	   515.083	    42.426	   102.448	     0.098	     2.427	474.941656	451.220745	521.943120	2333.204428
  29.800	   0.600	       524.911	        74.169	    35.656	   515.992	    37.217	   102.538	     0.096	     2.122	476.110398	452.896571	523.278859	2333.646944
  30.000	   0.600	       525.110	        73.916	    34.789	   516.785	    32.387	   102.622	     0.093	     1.841	475.846434	453.079966	523.918004	2333.422391
  30.200	   0.600	       525.890	        74.064	    33.945	   517.471	    27.973	   102.664	     0.091	     1.585	476.750317	454.396944	524.848883	2333.115099
  30.400	   0.600	       525.213	        72.849	    33.044	   518.056	    23.365	   102.697	     0.088	     1.320	474.248466	452.348040	523.318395	2331.313964
  30.600	   0.600	       524.605	        71.965	    31.998	   518.527	    18.030	   102.734	     0.086	     1.017	473.133510	451.932432	522.825245	2331.188326
  30.800	   0.600	       522.574	        69.922	    30.847	   518.871	    12.188	   102.774	     0.082	     0.686	470.030752	449.647524	520.753418	2328.950808
  31.000	   0.600	       521.700	        68.609	    29.575	   519.082	     6.356	   102.738	     0.079	     0.357	467.974442	448.603357	519.124449	2326.312242
  31.200	   0.600	       520.070	        66.857	    28.337	   519.163	     0.619	   102.714	     0.076	     0.035	465.758145	447.358112	518.775414	2325.493476
  31.400	   0.600	       519.718	        66.614	    26.976	   519.107	    -5.657	   102.688	     0.072	    -0.318	463.344378	446.054381	517.114788	2324.668111
  31.600	   0.600	       519.546	        65.827	    25.451	   518.910	   -11.846	   102.550	     0.068	    -0.664	461.756563	445.828905	517.364008	2324.034924
  31.800	   0.600	       520.156	        66.169	    23.794	   518.563	   -18.696	   102.422	     0.063	    -1.048	461.195938	446.840028	517.381608	2323.638250
  32.000	   0.600	       519.121	        64.498	    22.198	   518.068	   -24.720	   102.226	     0.059	    -1.384	458.082604	445.420150	516.232669	2321.659736
  32.200	   0.600	       519.616	        64.410	    20.662	   517.441	   -30.288	   102.013	     0.055	    -1.695	457.081478	445.958868	517.508899	2321.944270
  32.400	   0.600	       519.885	        64.412	    19.225	   516.692	   -35.438	   101.815	     0.051	    -1.984	456.940184	447.137250	517.700479	2321.603584
  32.600	   0.600	       521.423	        65.628	    17.924	   515.825	   -40.514	   101.591	     0.048	    -2.269	457.153338	448.504934	519.157423	2322.059730
  32.800	   0.600	       523.456	        67.713	    16.737	   514.846	   -45.041	   101.389	     0.044	    -2.527	458.976113	451.313542	521.737465	2324.166932
  33.000	   0.600	       525.663	        70.572	    15.852	   513.775	   -48.267	   101.241	     0.042	    -2.717	460.953506	454.004713	524.289271	2326.440231
  33.200	   0.600	       526.999	        73.106	    15.268	   512.644	   -50.209	   101.145	     0.041	    -2.840	462.674139	456.130140	526.220671	2329.080562
  33.400	   0.600	       527.175	        74.789	    14.825	   511.467	   -52.466	   101.076	     0.040	    -2.984	462.514778	456.240472	526.609202	2330.916815
  33.600	   0.600	       525.751	        74.898	    14.320	   510.225	   -55.133	   100.997	     0.038	    -3.154	460.406127	454.435227	524.849765	2330.491207
  33.800	   0.600	       522.747	        73.666	    13.910	   508.924	   -57.124	   100.934	     0.037	    -3.288	458.393727	452.638800	522.867164	2329.430484
  34.000	   0.600	       518.367	        71.286	    13.621	   507.588	   -58.302	   100.891	     0.037	    -3.380	453.758616	448.118922	518.326147	2327.281917
  34.200	   0.600	       514.168	        69.146	    13.342	   506.224	   -59.388	   100.850	     0.036	    -3.468	448.976514	443.427441	513.635328	2324.780837
  34.400	   0.600	       512.000	        68.878	    12.899	   504.817	   -61.482	   100.782	     0.035	    -3.615	446.315551	441.010413	511.260261	2324.780745
  34.600	   0.600	       509.360	        67.989	    12.270	   503.345	   -64.706	   100.681	     0.033	    -3.831	442.811637	437.902901	508.938324	2323.956013
  34.800	   0.600	       507.363	        67.616	    11.552	   501.790	   -67.535	   100.549	     0.031	    -4.025	439.948814	435.503702	506.241365	2323.480137
  35.000	   0.600	       504.665	        66.387	    10.797	   500.181	   -69.339	   100.389	     0.029	    -4.159	437.049178	433.067172	503.705200	2322.348692
  35.200	   0.600	       501.957	        65.362	    10.118	   498.527	   -70.844	   100.245	     0.027	    -4.280	433.838306	430.260673	500.670584	2320.840138
  35.400	   0.600	       499.105	        64.192	     9.402	   496.833	   -72.434	   100.092	     0.026	    -4.407	430.672923	427.512616	498.351496	2320.199020
  35.600	   0.600	       497.564	        64.430	     8.699	   495.093	   -73.941	    99.941	     0.024	    -4.533	429.451080	426.677838	496.943631	2320.113621
  35.800	   0.600	       496.203	        65.358	     8.239	   493.321	   -74.589	    99.845	     0.023	    -4.613	428.380787	425.828323	495.944842	2320.233207
  36.000	   0.600	       496.719	        68.842	     8.138	   491.542	   -74.024	    99.829	     0.022	    -4.627	429.491339	426.967754	497.326543	2323.788259
  36.200	   0.600	       495.913	        71.274	     8.201	   489.778	   -72.923	    99.850	     0.023	    -4.609	429.161406	426.506657	496.211028	2326.256434
  36.400	   0.600	       496.311	        75.233	     8.470	   488.041	   -71.171	    99.918	     0.023	    -4.553	430.007130	427.149146	496.993518	2329.816566
  36.600	   0.600	       494.374	        77.311	     9.037	   486.351	   -68.489	   100.054	     0.025	    -4.439	429.536132	426.201256	496.096112	2331.859852
  36.800	   0.600	       490.938	        78.244	     9.879	   484.733	   -64.994	   100.254	     0.028	    -4.272	426.942142	422.864131	492.433907	2332.335311
  37.000	   0.600	       486.063	        77.877	    10.896	   483.202	   -61.033	   100.496	     0.031	    -4.069	423.740243	418.652819	487.929956	2332.347117
  37.200	   0.600	       480.883	        76.753	    11.905	   481.770	   -55.803	   100.710	     0.034	    -3.770	419.610803	413.406923	483.078956	2331.470923
  37.400	   0.600	       475.060	        74.258	    12.735	   480.472	   -50.362	   100.863	     0.036	    -3.440	414.419593	407.158379	476.838702	2329.055468
  37.600	   0.600	       470.602	        72.754	    13.449	   479.293	   -45.716	   100.997	     0.038	    -3.155	410.325610	401.994401	472.109580	2327.636552
  37.800	   0.600	       465.505	        70.381	    14.140	   478.224	   -41.301	   101.126	     0.040	    -2.876	406.058840	396.551254	466.466915	2325.223875
  38.000	   0.600	       461.848	        69.300	    14.822	   477.247	   -38.342	   101.259	     0.042	    -2.694	404.188859	393.514816	463.585479	2324.701078
  38.200	   0.600	       458.910	        68.416	    15.188	   476.323	   -36.718	   101.333	     0.044	    -2.599	401.013181	389.442079	459.271619	2323.491183
  38.400	   0.600	       456.100	        67.379	    15.389	   475.429	   -35.704	   101.377	     0.044	    -2.543	398.166982	385.979876	456.376028	2322.360254
  38.600	   0.600	       453.828	        66.941	    15.665	   474.558	   -34.439	   101.434	     0.045	    -2.469	397.411115	384.477081	454.510550	2321.965395
  38.800	   0.600	       450.954	        66.077	    16.126	   473.724	   -32.550	   101.527	     0.047	    -2.351	396.713567	382.580035	451.810881	2321.181802
  39.000	   0.600	       449.146	        66.302	    16.671	   472.941	   -30.403	   101.636	     0.048	    -2.211	396.213513	380.844816	450.218282	2321.599159
  39.200	   0.600	       449.599	        68.901	    17.377	   472.214	   -27.730	   101.776	     0.051	    -2.032	397.758305	380.694209	450.800993	2323.722422
  39.400	   0.600	       450.450	        71.839	    18.288	   471.558	   -24.616	   101.929	     0.053	    -1.817	401.907227	382.621716	452.060197	2326.811479
  39.600	   0.600	       450.963	        74.426	    19.400	   470.987	   -20.996	   102.105	     0.057	    -1.560	406.305184	384.103749	453.190442	2329.334218
  39.800	   0.600	       450.990	        76.576	    20.740	   470.516	   -16.728	   102.316	     0.061	    -1.252	409.672073	383.865128	452.702679	2330.930577
  40.000	   0.600	       448.730	        75.812	    22.125	   470.156	   -12.031	   102.469	     0.065	    -0.905	411.964158	382.053992	450.987304	2331.003404
  40.200	   0.600	       445.979	        74.076	    23.414	   469.909	    -7.539	   102.582	     0.069	    -0.569	413.022150	378.978699	448.261244	2329.124938
  40.400	   0.600	       441.383	        70.315	    24.598	   469.769	    -3.489	   102.692	     0.073	    -0.264	412.379417	373.917673	443.566202	2326.432993
  40.600	   0.600	       437.908	        66.886	    25.724	   469.734	     0.779	   102.716	     0.076	     0.059	413.855695	370.752584	440.095993	2323.167453
  40.800	   0.600	       435.125	        63.986	    26.616	   469.800	     4.143	   102.735	     0.079	     0.314	413.766984	366.472153	436.318975	2320.271117
  41.000	   0.600	       433.710	        62.351	    27.139	   469.933	     6.097	   102.746	     0.080	     0.462	414.246100	363.990924	434.504888	2319.178242
  41.200	   0.600	       432.197	        60.565	    27.425	   470.102	     7.147	   102.751	     0.081	     0.541	415.944029	363.330950	432.374613	2317.812557
  41.400	   0.600	       431.687	        59.747	    27.706	   470.293	     8.180	   102.757	     0.082	     0.618	417.517260	362.810849	432.598954	2316.373586
  41.600	   0.600	       430.272	        58.100	    27.911	   470.505	     8.835	   102.776	     0.082	     0.667	417.427885	360.594384	430.779000	2314.978309
  41.800	   0.600	       430.222	        57.678	    27.969	   470.728	     9.031	   102.775	     0.082	     0.681	418.191477	359.764692	430.140265	2314.519545
  42.000	   0.600	       429.743	        56.858	    27.950	   470.953	     8.914	   102.776	     0.082	     0.671	420.163570	360.139643	429.392037	2314.185445
  42.200	   0.600	       429.667	        56.411	    27.991	   471.178	     9.041	   102.775	     0.082	     0.680	421.386629	359.777591	429.973940	2313.749131
  42.400	   0.600	       430.579	        56.884	    28.160	   471.412	     9.696	   102.769	     0.083	     0.728	424.954297	360.983715	430.776159	2314.044796
  42.600	   0.600	       432.534	        58.328	    28.410	   471.666	    10.685	   102.760	     0.084	     0.801	431.073001	364.065423	433.203184	2315.476329
  42.800	   0.600	       433.630	        58.839	    28.726	   471.949	    11.946	   102.749	     0.084	     0.894	435.621692	365.174068	434.318526	2316.135618
  43.000	   0.600	       434.831	        59.423	    29.016	   472.259	    13.094	   102.739	     0.085	     0.977	439.087436	365.031505	434.798848	2316.729862
  43.200	   0.600	       434.750	        58.736	    29.209	   472.590	    13.840	   102.732	     0.086	     1.031	442.661424	365.209355	434.825807	2316.012501
  43.400	   0.600	       433.907	        57.234	    29.434	   472.945	    14.722	   102.724	     0.086	     1.094	445.723745	364.443218	434.784577	2314.825014
  43.600	   0.600	       432.362	        55.041	    29.568	   473.320	    15.216	   102.720	     0.087	     1.128	446.758305	362.129606	432.417649	2312.448559
  43.800	   0.600	       429.927	        52.044	    29.506	   473.697	    14.898	   102.723	     0.086	     1.102	447.087095	359.951855	430.203905	2310.501792
  44.000	   0.600	       429.336	        50.961	    29.337	   474.061	    14.127	   102.731	     0.086	     1.042	448.052747	359.167102	428.561015	2308.272762
  44.200	   0.600	       428.686	        49.847	    29.184	   474.402	    13.428	   102.737	     0.085	     0.989	448.665715	358.087939	428.472250	2307.771523
  44.400	   0.600	       428.911	        49.740	    28.843	   474.714	    11.941	   102.751	     0.084	     0.878	450.511279	358.993255	428.772137	2307.841568
  44.600	   0.600	       429.308	        49.911	    28.406	   474.985	    10.053	   102.768	     0.083	     0.738	449.956942	358.277089	428.647765	2307.808654
  44.800	   0.600	       429.885	        50.124	    27.938	   475.212	     8.217	   102.756	     0.082	     0.602	449.336402	358.104493	429.155880	2307.702142
  45.000	   0.600	       429.209	        49.170	    27.450	   475.393	     6.293	   102.746	     0.080	     0.461	448.354816	357.563657	428.096490	2307.123285
  45.200	   0.600	       428.978	        48.737	    26.961	   475.525	     4.373	   102.735	     0.079	     0.320	447.993669	357.851191	427.835422	2305.795036
  45.400	   0.600	       427.828	        47.452	    26.567	   475.614	     2.831	   102.727	     0.077	     0.207	447.358335	357.383137	427.965545	2305.331618
  45.600	   0.600	       428.399	        47.948	    26.181	   475.664	     1.322	   102.719	     0.076	     0.097	446.984675	356.879757	427.412029	2304.797555
  45.800	   0.600	       428.754	        48.287	    25.779	   475.677	    -0.238	   102.710	     0.075	    -0.017	448.250735	358.141731	428.395198	2305.788363
  46.000	   0.600	       430.146	        49.721	    25.429	   475.652	    -1.591	   102.703	     0.074	    -0.116	450.021428	359.653700	430.100574	2306.946529
  46.200	   0.600	       431.051	        50.709	    25.194	   475.602	    -2.494	   102.698	     0.073	    -0.182	450.899803	359.812785	430.407245	2307.579175
  46.400	   0.600	       431.627	        51.403	    24.953	   475.528	    -3.412	   102.693	     0.073	    -0.249	453.122748	361.163453	431.351491	2308.434289
  46.600	   0.600	       430.810	        50.737	    24.693	   475.435	    -4.397	   102.688	     0.072	    -0.321	452.957977	360.128484	429.792781	2307.469741
  46.800	   0.600	       429.768	        49.633	    24.475	   475.318	    -5.025	   102.649	     0.071	    -0.367	452.721339	359.322430	429.604834	2306.679168
  47.000	   0.600	       428.094	        48.073	    24.258	   475.184	    -5.756	   102.631	     0.071	    -0.421	452.261704	357.970762	428.167056	2305.228916
  47.200	   0.600	       427.005	        47.105	    23.980	   475.028	    -6.697	   102.608	     0.070	    -0.490	451.209804	356.215703	426.586785	2303.890851
  47.400	   0.600	       427.152	        47.416	    23.716	   474.850	    -7.583	   102.587	     0.069	    -0.555	451.818742	356.230938	426.879959	2304.231355
  47.600	   0.600	       427.808	        48.238	    23.386	   474.649	    -8.697	   102.559	     0.068	    -0.637	452.748368	356.671198	427.161561	2305.151625
  47.800	   0.600	       427.796	        48.420	    23.026	   474.423	    -9.904	   102.529	     0.067	    -0.726	452.848649	356.923179	427.107786	2304.765811
  48.000	   0.600	       428.065	        48.964	    22.736	   474.167	   -10.862	   102.505	     0.066	    -0.797	453.135419	357.087796	427.577887	2305.645254
  48.200	   0.600	       427.389	        48.615	    22.468	   473.885	   -11.733	   102.484	     0.066	    -0.862	453.240095	357.074181	426.834910	2305.188065
  48.400	   0.600	       425.963	        47.527	    22.144	   473.579	   -12.793	   102.457	     0.065	    -0.942	452.355067	356.137622	425.803801	2304.252409
  48.600	   0.600	       424.885	        46.834	    21.831	   473.247	   -13.805	   102.432	     0.064	    -1.018	450.097310	353.809479	424.432100	2303.138082
  48.800	   0.600	       423.718	        46.094	    21.525	   472.890	   -14.784	   102.407	     0.063	    -1.092	448.712093	352.008363	423.244546	2302.731696
  49.000	   0.600	       424.141	        46.976	    21.211	   472.511	   -15.783	   102.381	     0.062	    -1.168	450.409729	353.264081	423.163054	2303.072310
  49.200	   0.600	       424.097	        47.315	    20.987	   472.113	   -16.349	   102.343	     0.061	    -1.212	451.365521	353.366986	423.729292	2304.061217
  49.400	   0.600	       424.924	        48.582	    20.748	   471.698	   -16.991	   102.309	     0.061	    -1.262	452.959297	354.334630	423.986353	2304.452271
  49.600	   0.600	       425.061	        49.233	    20.557	   471.268	   -17.476	   102.282	     0.060	    -1.301	454.691633	355.481061	425.090883	2305.358168
  49.800	   0.600	       424.260	        48.974	    20.376	   470.825	   -17.930	   102.257	     0.060	    -1.338	453.964268	353.799146	423.820900	2304.951443
  50.000	   0.600	       422.439	        47.717	    20.195	   470.369	   -18.376	   102.232	     0.059	    -1.375	453.260165	352.005110	422.298401	2304.105549
  50.200	   0.600	       421.580	        47.417	    19.989	   469.901	   -18.893	   102.203	     0.059	    -1.417	453.766702	351.709297	421.894102	2303.551291
  50.400	   0.600	       419.829	        46.242	    19.787	   469.424	   -19.397	   102.175	     0.058	    -1.458	452.196647	349.375984	420.050851	2302.358285
  50.600	   0.600	       419.771	        46.818	    19.623	   468.935	   -19.778	   102.153	     0.058	    -1.491	452.506812	348.903977	419.397652	2302.909961
  50.800	   0.600	       419.536	        47.237	    19.462	   468.434	   -20.145	   102.131	     0.057	    -1.523	454.286092	349.862023	419.330882	2303.497692
  51.000	   0.600	       419.778	        48.151	    19.302	   467.923	   -20.503	   102.109	     0.057	    -1.554	455.512400	350.029699	419.070663	2303.585188
  51.200	   0.600	       419.304	        48.427	    19.206	   467.404	   -20.664	   102.097	     0.057	    -1.571	455.338378	349.083739	419.804387	2304.557369
  51.400	   0.600	       419.059	        48.828	    18.991	   466.873	   -21.182	   102.067	     0.056	    -1.615	455.945807	348.982405	418.915123	2304.728795
  51.600	   0.600	       416.793	        47.192	    18.745	   466.333	   -21.794	   102.032	     0.055	    -1.666	454.714060	346.947914	416.904513	2303.466694
  51.800	   0.600	       415.312	        46.468	    18.606	   465.781	   -22.072	   102.014	     0.055	    -1.693	452.953272	344.387566	415.126063	2302.619510
  52.000	   0.600	       413.727	        45.611	    18.421	   465.218	   -22.485	   101.989	     0.055	    -1.730	452.574043	342.931799	413.116924	2301.754433
  52.200	   0.600	       413.298	        45.875	    18.182	   464.642	   -23.057	   101.955	     0.054	    -1.780	455.229553	344.438030	412.928479	2301.676765
  52.400	   0.600	       412.889	        46.301	    18.066	   464.054	   -23.251	   101.940	     0.054	    -1.801	454.997170	343.170704	412.824935	2301.937039
  52.600	   0.600	       412.895	        47.077	    17.869	   463.455	   -23.685	   101.913	     0.053	    -1.841	455.226628	342.338484	412.713593	2303.201016
  52.800	   0.600	       413.269	        48.206	    17.641	   462.845	   -24.209	   101.881	     0.052	    -1.888	457.449248	343.318053	413.067246	2304.052535
  53.000	   0.600	       412.609	        48.380	    17.474	   462.225	   -24.544	   101.858	     0.052	    -1.921	456.912571	341.279510	412.247112	2303.952233
  53.200	   0.600	       410.730	        47.377	    17.337	   461.597	   -24.781	   101.840	     0.052	    -1.946	456.687491	339.701688	410.478256	2303.543684
  53.400	   0.600	       409.368	        46.756	    17.083	   460.958	   -25.401	   101.800	     0.051	    -2.002	457.900948	339.594846	408.803041	2302.615793
  53.600	   0.600	       407.543	        45.812	    16.951	   460.310	   -25.648	   101.779	     0.051	    -2.029	457.684582	338.122716	407.365322	2301.623240
  53.800	   0.600	       406.428	        45.713	    16.914	   459.652	   -25.581	   101.776	     0.051	    -2.032	457.420603	336.311990	406.791070	2301.765441
  54.000	   0.600	       406.592	        46.710	    16.724	   458.986	   -26.008	   101.743	     0.050	    -2.074	459.602533	337.098455	406.332171	2302.139515
  54.200	   0.600	       406.097	        47.049	    16.524	   458.310	   -26.464	   101.709	     0.049	    -2.118	459.729097	335.871073	406.526956	2302.731185
  54.400	   0.600	       406.822	        48.708	    16.394	   457.627	   -26.689	   101.688	     0.049	    -2.145	459.446544	334.338490	406.210015	2303.859678
  54.600	   0.600	       405.594	        48.339	    16.196	   456.935	   -27.130	   101.654	     0.049	    -2.189	461.280003	334.862621	405.439581	2304.385627
  54.800	   0.600	       403.905	        47.503	    15.982	   456.235	   -27.615	   101.616	     0.048	    -2.236	461.889343	334.670772	403.509489	2303.027388
  55.000	   0.600	       401.636	        46.312	    15.932	   455.524	   -27.568	   101.611	     0.048	    -2.243	459.943192	331.254064	401.602970	2302.061079
  55.200	   0.600	       400.376	        45.997	    15.766	   454.802	   -27.889	   101.583	     0.048	    -2.279	460.852662	330.786399	400.161124	2301.908811
  55.400	   0.600	       398.782	        45.189	    15.461	   454.067	   -28.649	   101.528	     0.047	    -2.350	460.872225	329.790830	399.112757	2300.873195
  55.600	   0.600	       398.611	        46.046	    15.330	   453.320	   -28.848	   101.507	     0.046	    -2.377	459.229239	327.092389	398.614386	2301.179855
  55.800	   0.600	       398.465	        46.894	    15.159	   452.561	   -29.167	   101.478	     0.046	    -2.414	460.184683	326.340056	398.354475	2302.906009
  56.000	   0.600	       398.917	        48.044	    14.742	   451.789	   -30.262	   101.400	     0.045	    -2.513	463.587826	328.197653	397.714609	2303.215093
  56.200	   0.600	       397.937	        48.089	    14.561	   451.000	   -30.596	   101.369	     0.044	    -2.553	463.439612	326.703277	397.178407	2303.555287
  56.400	   0.600	       396.591	        47.805	    14.390	   450.196	   -30.891	   101.340	     0.044	    -2.590	464.917783	326.020041	395.771491	2303.336523
  56.600	   0.600	       394.068	        46.094	    14.003	   449.374	   -31.860	   101.268	     0.043	    -2.682	467.101114	325.524567	393.351984	2301.707302
  56.800	   0.600	       391.615	        44.581	    13.689	   448.528	   -32.588	   101.211	     0.042	    -2.756	464.612259	320.855571	391.675460	2300.219489
  57.000	   0.600	       390.095	        44.123	    13.440	   447.657	   -33.097	   101.166	     0.041	    -2.812	464.230924	317.059512	389.921087	2300.292599
  57.200	   0.600	       390.410	        45.229	    12.928	   446.755	   -35.073	   101.072	     0.039	    -2.993	468.704990	319.242414	389.304047	2300.628605
  57.400	   0.600	       389.986	        45.796	    12.531	   445.819	   -36.685	   101.001	     0.038	    -3.146	470.184849	319.210914	389.289029	2301.233317
  57.600	   0.600	       390.849	        47.934	    12.316	   444.843	   -37.370	   100.965	     0.038	    -3.223	470.138645	317.538754	389.392615	2303.230402
  57.800	   0.600	       391.432	        49.587	    11.892	   443.832	   -39.068	   100.888	     0.036	    -3.388	475.898450	321.580188	389.841820	2304.749210
  58.000	   0.600	       388.843	        48.217	    11.546	   442.785	   -40.352	   100.826	     0.035	    -3.520	475.779713	321.099362	389.643452	2303.348667
  58.200	   0.600	       386.494	        47.527	    11.524	   441.710	   -40.029	   100.828	     0.036	    -3.517	471.470285	314.511818	386.627211	2302.600082
  58.400	   0.600	       384.760	        47.121	    11.204	   440.612	   -41.145	   100.771	     0.035	    -3.638	472.754628	313.415470	384.891777	2303.158866
  58.600	   0.600	       382.626	        46.120	    10.697	   439.488	   -43.150	   100.678	     0.033	    -3.838	473.001879	312.447216	382.333511	2301.528018
  58.800	   0.600	       381.898	        47.053	    10.587	   438.336	   -43.209	   100.662	     0.033	    -3.872	469.900961	308.999912	381.292283	2301.868775
  59.000	   0.600	       382.115	        48.786	    10.334	   437.162	   -43.939	   100.618	     0.032	    -3.966	473.440735	311.466738	381.410574	2304.249545
  59.200	   0.600	       382.125	        49.894	     9.869	   435.974	   -44.730	   100.506	     0.031	    -4.061	475.774097	314.817266	381.342711	2304.689220
  59.400	   0.600	       380.961	        50.615	     9.880	   434.777	   -44.263	   100.516	     0.031	    -4.053	469.853890	311.132294	381.299760	2305.396169
  59.600	   0.600	       379.373	        50.973	     9.927	   433.575	   -43.707	   100.535	     0.031	    -4.037	468.353691	308.091881	379.465279	2306.442843
  59.800	   0.600	       377.705	        50.414	     9.458	   432.368	   -44.469	   100.421	     0.030	    -4.132	468.404633	307.803966	376.886981	2305.222124
  60.000	   0.600	       374.355	        48.763	     9.350	   431.156	   -44.303	   100.400	     0.029	    -4.150	463.169037	302.322402	374.911889	2304.126124
  60.200	   0.600	       373.450	        49.834	     9.416	   429.945	   -43.698	   100.424	     0.030	    -4.130	459.611778	299.186479	372.816123	2305.251277
  60.400	   0.600	       373.608	        51.091	     8.949	   428.741	   -44.440	   100.309	     0.028	    -4.226	465.063990	305.451556	372.345496	2306.220993
  60.600	   0.600	       372.575	        51.941	     8.976	   427.544	   -43.938	   100.323	     0.028	    -4.215	462.899373	305.856631	373.006826	2306.815281
  60.800	   0.600	       372.631	        54.654	     9.498	   426.355	   -42.213	   100.466	     0.030	    -4.095	459.433865	300.954033	372.350924	2309.612671
  61.000	   0.600	       372.755	        56.293	     9.322	   425.177	   -42.236	   100.426	     0.030	    -4.128	464.674895	304.848752	372.178191	2311.372712
  61.200	   0.600	       368.883	        54.115	     9.271	   424.011	   -41.951	   100.420	     0.030	    -4.133	462.033913	301.273861	370.211999	2308.882542
  61.400	   0.600	       365.814	        53.593	     9.773	   422.857	   -40.323	   100.559	     0.031	    -4.017	455.168039	290.666966	366.732714	2308.657766
  61.600	   0.600	       364.531	        53.529	     9.453	   421.716	   -40.709	   100.482	     0.030	    -4.082	460.701261	291.831567	363.799885	2309.084395
  61.800	   0.600	       361.926	        51.940	     9.020	   420.588	   -41.370	   100.373	     0.029	    -4.173	463.149510	294.420635	361.865046	2307.075755
  62.000	   0.600	       359.977	        52.594	     9.604	   419.470	   -39.580	   100.535	     0.031	    -4.037	459.374329	288.523388	360.332358	2307.385904
  62.200	   0.600	       361.716	        56.210	     9.743	   418.364	   -38.874	   100.579	     0.032	    -4.000	466.572290	292.916796	361.007048	2311.005031
  62.400	   0.600	       360.573	        56.158	     9.398	   417.273	   -39.331	   100.493	     0.031	    -4.072	470.263867	296.940230	361.291265	2310.635654
  62.600	   0.600	       358.080	        56.278	    10.107	   416.191	   -36.747	   100.673	     0.033	    -3.848	463.862113	288.258251	360.393230	2310.805058
  62.800	   0.600	       357.700	        57.763	    10.367	   415.132	   -35.232	   100.732	     0.034	    -3.722	466.425070	283.618923	358.102283	2313.031818
  63.000	   0.600	       355.818	        56.382	     9.548	   414.085	   -37.917	   100.553	     0.031	    -4.022	472.344970	287.691821	355.461808	2311.521165
  63.200	   0.600	       351.402	        53.935	     9.859	   413.053	   -36.656	   100.638	     0.032	    -3.924	465.528542	279.805283	352.343417	2309.197440
  63.400	   0.600	       351.337	        55.924	    10.347	   412.035	   -34.202	   100.744	     0.034	    -3.696	467.026328	277.185781	350.255290	2311.025379
  63.600	   0.600	       350.990	        56.197	     9.637	   411.033	   -36.718	   100.597	     0.032	    -3.985	475.947278	285.828081	349.488399	2311.182321
  63.800	   0.600	       348.064	        55.156	     9.994	   410.041	   -34.986	   100.681	     0.033	    -3.831	471.552033	283.267782	349.789966	2309.791708
  64.000	   0.600	       348.711	        58.335	    10.964	   409.060	   -30.571	   100.889	     0.036	    -3.386	467.903265	275.176406	349.328426	2313.415623
  64.200	   0.600	       349.859	        59.971	    10.160	   408.093	   -33.599	   100.726	     0.034	    -3.736	476.595848	280.623237	348.729204	2315.235914
  64.400	   0.600	       345.930	        57.120	     9.889	   407.135	   -34.391	   100.674	     0.033	    -3.847	471.688658	277.827596	347.309285	2312.982910
  64.600	   0.600	       344.291	        57.826	    10.749	   406.186	   -30.499	   100.860	     0.036	    -3.448	464.244972	267.381223	344.376333	2313.283836
  64.800	   0.600	       345.709	        59.801	    10.050	   405.251	   -33.062	   100.717	     0.034	    -3.753	473.705120	274.351984	342.950707	2314.652673
  65.000	   0.600	       341.428	        56.287	     9.553	   404.326	   -34.785	   100.617	     0.032	    -3.968	473.008079	277.455789	341.882629	2311.339028
  65.200	   0.600	       338.941	        56.615	    10.884	   403.407	   -29.030	   100.904	     0.037	    -3.353	464.382520	267.965483	340.431478	2311.680397
  65.400	   0.600	       342.221	        60.984	    10.695	   402.497	   -29.500	   100.869	     0.036	    -3.428	471.132683	270.506094	340.647766	2315.380221
  65.600	   0.600	       340.481	        59.474	     9.753	   401.597	   -33.014	   100.673	     0.033	    -3.848	473.719230	275.368701	341.260124	2314.940236
  65.800	   0.600	       337.346	        58.795	    10.812	   400.702	   -28.443	   100.904	     0.037	    -3.353	463.577415	264.096454	340.529199	2314.736166
  66.000	   0.600	       341.093	        63.767	    10.790	   399.821	   -28.252	   100.904	     0.037	    -3.352	470.752436	265.135797	339.508158	2317.868406
  66.200	   0.600	       338.545	        60.917	     9.414	   398.954	   -33.464	   100.615	     0.032	    -3.974	477.398048	273.516163	338.118016	2316.294656
  66.400	   0.600	       333.678	        58.430	    10.461	   398.095	   -29.005	   100.844	     0.036	    -3.482	468.158909	266.427620	335.853856	2313.567704
  66.600	   0.600	       335.599	        62.508	    11.334	   397.246	   -25.291	   101.037	     0.039	    -3.068	470.666760	263.179399	334.594918	2316.551957
  66.800	   0.600	       335.132	        61.723	     9.977	   396.410	   -30.372	   100.749	     0.034	    -3.686	479.173434	271.663110	334.483347	2316.292447
  67.000	   0.600	       329.730	        58.236	    10.659	   395.582	   -27.427	   100.901	     0.037	    -3.360	469.622782	263.183038	333.697464	2314.614176
  67.200	   0.600	       332.845	        63.740	    11.798	   394.763	   -22.829	   101.154	     0.041	    -2.828	468.081668	254.665345	333.000410	2318.548347
  67.400	   0.600	       335.853	        65.950	    10.038	   393.959	   -29.333	   100.775	     0.035	    -3.629	480.463384	264.111690	332.818209	2320.536838
  67.600	   0.600	       330.167	        61.241	     9.913	   393.162	   -29.560	   100.753	     0.034	    -3.678	475.614519	263.505492	331.542510	2317.634944
  67.800	   0.600	       329.669	        63.823	    11.740	   392.377	   -22.385	   101.157	     0.041	    -2.824	472.949423	255.956230	329.301306	2319.155559
  68.000	   0.600	       333.157	        67.042	    10.501	   391.604	   -26.801	   100.890	     0.037	    -3.383	483.747889	264.432605	328.832185	2320.567472
  68.200	   0.600	       326.344	        60.764	    10.015	   390.837	   -28.423	   100.788	     0.035	    -3.602	479.913382	266.023958	328.512570	2317.364248
  68.400	   0.600	       323.913	        61.762	    12.198	   390.076	   -20.737	   101.278	     0.043	    -2.669	469.413690	251.797440	327.077100	2317.365147
  68.600	   0.600	       329.753	        67.579	    11.227	   389.320	   -23.356	   101.063	     0.039	    -3.011	477.572449	252.941521	326.380662	2320.538510
  68.800	   0.600	       326.282	        63.344	     9.566	   388.574	   -29.415	   100.702	     0.033	    -3.787	477.468653	257.343424	326.528735	2320.051068
  69.000	   0.600	       322.945	        63.152	    11.545	   387.835	   -21.755	   101.143	     0.041	    -2.841	470.146819	249.295690	325.294795	2319.660863
  69.200	   0.600	       329.841	        70.826	    11.334	   387.103	   -22.322	   101.101	     0.040	    -2.930	481.224898	253.608268	325.472163	2323.390153
  69.400	   0.600	       326.686	        66.421	     9.243	   386.379	   -29.927	   100.642	     0.032	    -3.914	485.949168	264.910087	326.213728	2321.779092
  69.600	   0.600	       319.239	        62.296	    11.426	   385.658	   -21.578	   101.131	     0.040	    -2.866	474.071061	256.568888	324.887964	2319.551443
  69.800	   0.600	       324.813	        69.872	    12.357	   384.938	   -19.189	   101.353	     0.044	    -2.574	477.300698	251.059812	323.374644	2321.669428
  70.000	   0.600	       324.171	        67.369	     9.733	   384.234	   -27.425	   100.763	     0.034	    -3.656	481.291543	256.392844	323.137762	2321.868812
  70.200	   0.600	       315.489	        61.019	    11.026	   383.530	   -22.455	   101.056	     0.039	    -3.028	469.507760	248.064345	321.301888	2319.362260
  70.400	   0.600	       322.255	        70.471	    12.631	   382.829	   -18.093	   101.433	     0.045	    -2.471	473.838672	243.275016	320.553048	2323.296425
  70.600	   0.600	       326.268	        72.171	     9.602	   382.142	   -27.265	   100.745	     0.034	    -3.693	484.214074	253.720972	321.153899	2325.080597
  70.800	   0.600	       317.155	        64.517	    10.096	   381.452	   -25.254	   100.860	     0.036	    -3.448	478.419509	256.190923	321.287029	2323.245974
  71.000	   0.600	       319.424	        70.803	    12.999	   380.775	   -16.820	   101.536	     0.047	    -2.339	477.776587	249.171878	320.323750	2324.535184
  71.200	   0.600	       325.021	        74.700	    10.573	   380.107	   -23.139	   100.975	     0.038	    -3.200	485.920538	253.085634	319.339144	2326.227328
  71.400	   0.600	       314.160	        64.070	     9.939	   379.440	   -25.233	   100.836	     0.036	    -3.498	476.239245	250.808827	317.669845	2324.078520
  71.600	   0.600	       312.615	        66.998	    13.314	   378.783	   -15.703	   101.627	     0.048	    -2.223	473.238518	241.234026	315.762124	2323.334034
  71.800	   0.600	       322.548	        75.561	    11.220	   378.126	   -20.243	   101.135	     0.041	    -2.852	482.537152	241.812703	315.354959	2325.749697
  72.000	   0.600	       315.406	        66.931	     8.971	   377.479	   -28.116	   100.629	     0.032	    -3.943	480.727005	248.404193	316.163493	2325.601662
  72.200	   0.600	       311.496	        67.818	    12.708	   376.842	   -16.652	   101.498	     0.046	    -2.388	478.335785	245.284887	315.696061	2325.743592
  72.400	   0.600	       323.367	        79.760	    11.979	   376.204	   -18.127	   101.329	     0.044	    -2.604	487.862002	246.016699	316.243822	2327.703696
  72.600	   0.600	       317.508	        71.478	     8.878	   375.577	   -27.865	   100.618	     0.032	    -3.966	484.691461	250.821712	317.187098	2328.763289
  72.800	   0.600	       306.947	        65.589	    12.536	   374.955	   -16.639	   101.472	     0.046	    -2.421	477.538779	245.659147	315.458872	2326.031889
  73.000	   0.600	       318.220	        78.392	    13.200	   374.327	   -15.062	   101.637	     0.048	    -2.209	484.452468	239.756147	314.199333	2326.847745
  73.200	   0.600	       316.226	        72.487	     8.731	   373.716	   -27.657	   100.588	     0.032	    -3.993	482.154783	241.182531	313.658839	2327.229409
  73.400	   0.600	       303.533	        63.351	    11.340	   373.104	   -18.859	   101.200	     0.042	    -2.770	477.555357	243.433290	312.189060	2325.992565
  73.600	   0.600	       314.962	        78.062	    13.694	   372.493	   -13.640	   101.773	     0.051	    -2.036	486.682734	241.544695	312.062206	2326.624223
  73.800	   0.600	       320.235	        79.288	     9.060	   371.894	   -26.117	   100.680	     0.033	    -3.834	487.882313	244.964224	313.748560	2329.810616
  74.000	   0.600	       304.373	        65.806	    10.597	   371.290	   -20.639	   101.038	     0.039	    -3.066	480.185853	247.822613	313.154101	2329.782861
  74.200	   0.600	       311.403	        77.733	    14.745	   370.694	   -11.247	   102.002	     0.055	    -1.711	487.608805	244.801304	312.752817	2328.740042
  74.400	   0.600	       319.766	        82.294	    10.143	   370.102	   -21.878	   100.940	     0.037	    -3.275	483.163418	235.575402	311.982731	2330.556859
  74.600	   0.600	       303.014	        65.606	     9.449	   369.510	   -24.088	   100.783	     0.035	    -3.612	474.574951	238.070202	309.624981	2331.224321
  74.800	   0.600	       303.615	        72.099	    14.593	   368.930	   -11.243	   101.986	     0.054	    -1.734	484.257004	239.526132	307.147993	2328.612148
  75.000	   0.600	       319.072	        84.560	    10.798	   368.348	   -19.189	   101.104	     0.040	    -2.923	485.824775	233.670561	306.830990	2328.863224
  75.200	   0.600	       305.861	        69.372	     8.267	   367.768	   -26.956	   100.489	     0.030	    -4.076	478.472861	239.881516	307.853878	2333.335672
  75.400	   0.600	       300.936	        71.510	    14.428	   367.199	   -11.268	   101.966	     0.054	    -1.762	490.139591	249.661342	308.491554	2331.080925
  75.600	   0.600	       319.332	        88.985	    12.645	   366.621	   -14.742	   101.568	     0.047	    -2.299	490.051354	236.920550	308.936377	2330.809413
  75.800	   0.600	       309.149	        74.455	     7.939	   366.058	   -27.111	   100.400	     0.029	    -4.150	473.727595	230.446387	308.972359	2335.713168
  76.000	   0.600	       295.728	        67.933	    13.755	   365.503	   -12.252	   101.846	     0.052	    -1.939	484.214671	241.640689	307.076977	2334.066032
  76.200	   0.600	       315.073	        88.038	    13.803	   364.938	   -12.065	   101.860	     0.052	    -1.918	489.067677	230.958150	305.686297	2328.882380
  76.400	   0.600	       311.230	        77.662	     7.166	   364.387	   -28.082	   100.174	     0.027	    -4.338	473.943482	223.181934	305.586195	2333.684156
  76.600	   0.600	       291.769	        64.280	    11.944	   363.841	   -15.657	   101.418	     0.045	    -2.490	486.431454	244.750003	304.886757	2334.036397
  76.800	   0.600	       310.777	        86.815	    15.045	   363.289	    -9.486	   102.121	     0.057	    -1.537	501.670717	246.299714	306.133210	2328.103639
  77.000	   0.600	       315.291	        84.945	     7.958	   362.750	   -26.220	   100.428	     0.030	    -4.126	478.443376	225.320718	307.441075	2334.236392
  77.200	   0.600	       291.942	        65.550	    10.983	   362.212	   -17.310	   101.193	     0.041	    -2.778	484.472013	243.049746	306.534084	2339.032078
  77.400	   0.600	       305.248	        84.382	    16.533	   361.677	    -6.471	   102.415	     0.063	    -1.069	502.507988	246.591347	306.211471	2330.939165
  77.600	   0.600	       318.002	        90.956	     8.970	   361.144	   -23.356	   100.721	     0.034	    -3.747	475.630853	214.971533	305.474046	2332.668992
  77.800	   0.600	       292.271	        65.811	     8.873	   360.611	   -23.525	   100.701	     0.033	    -3.789	475.087273	229.064449	302.988143	2340.943798
  78.000	   0.600	       296.611	        77.641	    16.365	   360.092	    -6.579	   102.404	     0.063	    -1.101	506.952133	252.185822	301.660092	2330.908687
  78.200	   0.600	       317.649	        93.969	    10.321	   359.567	   -18.557	   101.052	     0.039	    -3.036	481.846380	218.904745	301.530557	2330.083577
  78.400	   0.600	       295.501	        69.183	     7.395	   359.045	   -26.276	   100.278	     0.028	    -4.252	470.152890	224.046104	300.604132	2342.668613
  78.600	   0.600	       291.130	        74.148	    16.557	   358.534	    -5.966	   102.434	     0.064	    -1.012	511.464568	260.968350	301.253418	2337.059790
  78.800	   0.600	       318.110	        98.855	    12.743	   358.009	   -12.942	   101.667	     0.049	    -2.171	487.466041	222.690615	301.897859	2329.328885
  79.000	   0.600	       301.766	        75.959	     6.300	   357.494	   -27.804	    99.947	     0.024	    -4.528	460.502356	207.211424	301.095665	2344.675731
  79.200	   0.600	       284.712	        68.685	    15.102	   356.998	    -8.434	   102.186	     0.058	    -1.442	505.922929	254.751768	299.848792	2341.545167
  79.400	   0.600	       314.337	        98.432	    14.428	   356.483	    -9.560	   102.052	     0.056	    -1.637	496.664804	229.068119	298.550565	2326.963370
  79.600	   0.600	       306.251	        81.249	     5.431	   355.976	   -28.987	    99.694	     0.021	    -4.757	452.230626	194.153032	297.738600	2341.272031
  79.800	   0.600	       279.456	        63.803	    13.182	   355.489	   -11.635	   101.802	     0.051	    -1.999	502.682308	254.991635	298.061986	2344.803807
  80.000	   0.600	       308.433	        95.808	    16.594	   354.978	    -5.395	   102.457	     0.065	    -0.943	510.205585	246.439470	299.491853	2325.622101
