  1	  2	  3	  4	  5	 14	 15	 16	 17	 18	 19	 20	 21	以上是沿线管道号
与进水口距离	  最大压力值	 最小压力值
    0.00	     2807.00	     2807.00
   10.77	     2807.26	     2806.67
   21.55	     2807.40	     2806.49
   32.32	     2807.55	     2806.30
   43.10	     2807.70	     2806.11
   53.87	     2807.84	     2805.92
   64.65	     2807.99	     2805.73
   75.42	     2808.12	     2805.54
   86.20	     2808.24	     2805.36
   96.97	     2808.36	     2805.19
  107.75	     2808.49	     2805.01
  118.53	     2808.61	     2804.83
  129.30	     2808.74	     2804.66
  140.08	     2808.76	     2804.63
  151.08	     2809.29	     2804.02
  162.09	     2809.44	     2803.75
  173.09	     2809.64	     2803.49
  184.10	     2809.83	     2803.22
  195.11	     2810.02	     2802.96
  206.11	     2810.24	     2802.70
  217.12	     2810.43	     2802.43
  228.13	     2810.67	     2802.17
  239.13	     2810.83	     2801.91
  250.14	     2811.05	     2801.64
  261.15	     2811.23	     2801.38
  272.15	     2811.47	     2801.11
  283.16	     2811.65	     2800.85
  294.17	     2811.87	     2800.59
  305.17	     2812.06	     2800.32
  316.18	     2812.28	     2800.05
  327.19	     2812.47	     2799.79
  338.19	     2812.67	     2799.52
  349.20	     2812.89	     2799.26
  360.21	     2813.07	     2798.99
  371.21	     2813.29	     2798.73
  382.22	     2813.47	     2798.48
  393.23	     2813.70	     2798.20
  404.23	     2813.88	     2797.90
  415.24	     2814.11	     2797.64
  426.25	     2814.29	     2797.37
  437.25	     2814.53	     2797.12
  448.26	     2814.70	     2796.86
  459.27	     2814.92	     2796.60
  470.27	     2815.11	     2796.33
  481.28	     2815.33	     2796.06
  492.29	     2815.53	     2795.79
  503.29	     2815.74	     2795.53
  514.30	     2815.94	     2795.27
  525.31	     2816.15	     2794.99
  536.31	     2816.37	     2794.72
  547.32	     2816.53	     2794.45
  558.33	     2816.75	     2794.19
  569.33	     2816.94	     2793.92
  580.34	     2817.19	     2793.65
  591.34	     2817.36	     2793.38
  602.35	     2817.60	     2793.11
  613.36	     2817.76	     2792.84
  624.36	     2817.98	     2792.56
  635.37	     2818.18	     2792.29
  646.38	     2818.40	     2792.02
  657.38	     2818.58	     2791.75
  668.39	     2818.81	     2791.48
  679.40	     2819.04	     2791.22
  690.40	     2819.20	     2790.94
  701.41	     2819.40	     2790.67
  712.42	     2819.60	     2790.40
  723.42	     2819.82	     2790.12
  734.43	     2820.00	     2789.84
  745.44	     2820.22	     2789.58
  756.44	     2820.41	     2789.31
  767.45	     2820.64	     2789.02
  778.46	     2820.81	     2788.75
  789.46	     2821.04	     2788.49
  800.47	     2821.21	     2788.22
  811.48	     2821.43	     2787.89
  822.48	     2821.53	     2787.60
  833.49	     2821.75	     2787.33
  844.50	     2821.92	     2787.07
  855.50	     2822.14	     2786.82
  866.51	     2822.31	     2786.56
  877.52	     2822.53	     2786.31
  888.52	     2822.70	     2786.05
  899.53	     2822.92	     2785.79
  910.54	     2823.09	     2785.54
  921.54	     2823.30	     2785.29
  932.55	     2823.48	     2785.02
  943.56	     2823.69	     2784.71
  954.56	     2823.88	     2784.50
  965.57	     2824.08	     2784.26
  976.58	     2824.28	     2784.00
  987.58	     2824.47	     2783.75
  998.59	     2824.68	     2783.53
 1009.59	     2824.87	     2783.26
 1020.60	     2825.08	     2782.98
 1031.61	     2825.27	     2782.72
 1042.61	     2825.49	     2782.46
 1053.62	     2825.68	     2782.23
 1064.63	     2825.90	     2782.00
 1075.63	     2826.09	     2781.73
 1086.64	     2826.32	     2781.45
 1097.65	     2826.50	     2781.20
 1108.65	     2826.71	     2780.96
 1119.66	     2826.90	     2780.69
 1130.67	     2827.11	     2780.44
 1141.67	     2827.31	     2780.18
 1152.68	     2827.52	     2779.92
 1163.69	     2827.73	     2779.66
 1174.69	     2827.92	     2779.39
 1185.70	     2828.14	     2779.12
 1196.71	     2828.34	     2778.87
 1207.71	     2828.57	     2778.61
 1218.72	     2828.76	     2778.35
 1229.73	     2828.97	     2778.08
 1240.73	     2829.22	     2777.82
 1251.74	     2829.43	     2777.56
 1262.75	     2829.63	     2777.29
 1273.75	     2829.82	     2777.03
 1284.76	     2830.04	     2776.77
 1295.77	     2830.23	     2776.50
 1306.77	     2830.45	     2776.24
 1317.78	     2830.64	     2775.97
 1328.79	     2830.89	     2775.71
 1339.79	     2831.06	     2775.44
 1350.80	     2831.29	     2775.18
 1361.81	     2831.48	     2774.93
 1372.81	     2831.73	     2774.66
 1383.82	     2831.90	     2774.39
 1394.83	     2832.14	     2774.10
 1405.83	     2832.33	     2773.85
 1416.84	     2832.57	     2773.60
 1427.85	     2832.74	     2773.33
 1438.85	     2832.98	     2773.05
 1449.86	     2833.18	     2772.81
 1460.86	     2833.39	     2772.54
 1471.87	     2833.59	     2772.26
 1482.88	     2833.80	     2772.46
 1493.54	     2844.78	     2772.28
 1504.21	     2835.77	     2772.43
 1514.88	     2844.66	     2772.46
 1526.03	     2838.45	     2772.41
 1537.17	     2843.43	     2772.37
 1548.32	     2840.47	     2772.33
 1559.47	     2842.17	     2772.36
 1570.61	     2842.08	     2772.38
 1581.76	     2840.71	     2772.28
 1592.91	     2843.45	     2772.18
 1604.06	     2839.17	     2772.21
 1615.20	     2844.53	     2772.23
 1626.35	     2837.05	     2772.20
 1637.50	     2844.91	     2771.87
 1648.65	     2835.24	     2771.42
 1659.79	     2845.23	     2771.27
 1670.94	     2835.64	     2770.78
 1682.09	     2845.23	     2770.55
 1693.24	     2837.51	     2770.16
 1704.38	     2844.45	     2769.70
 1715.53	     2839.68	     2769.44
 1726.68	     2843.24	     2768.99
 1737.82	     2841.30	     2768.70
 1748.97	     2841.97	     2768.34
 1760.12	     2842.90	     2768.03
 1771.27	     2840.43	     2767.60
 1782.41	     2843.99	     2766.68
 1793.56	     2838.75	     2765.37
 1804.71	     2844.70	     2764.28
 1815.86	     2836.65	     2762.84
 1827.00	     2845.03	     2761.45
 1838.15	     2835.59	     2760.09
 1849.30	     2845.28	     2758.74
 1860.45	     2836.80	     2757.73
 1871.59	     2844.50	     2756.50
 1882.74	     2838.70	     2755.24
 1893.89	     2843.60	     2754.15
 1905.04	     2840.39	     2752.42
 1916.02	     2845.85	     2750.83
 1927.01	     2842.48	     2749.62
 1938.00	     2844.21	     2747.80
 1948.99	     2844.17	     2745.78
 1959.98	     2842.27	     2743.57
 1970.97	     2845.52	     2741.58
 1981.96	     2839.87	     2740.83
 1992.95	     2846.70	     2739.49
 2003.94	     2837.24	     2737.53
 2014.93	     2847.37	     2735.97
 2025.92	     2835.30	     2734.35
 2036.91	     2847.20	     2732.39
 2047.90	     2837.23	     2731.41
 2058.89	     2846.47	     2730.16
 2069.88	     2839.73	     2728.23
 2080.87	     2845.61	     2726.30
 2091.86	     2842.01	     2724.91
 2102.85	     2843.97	     2723.43
 2113.84	     2843.67	     2721.96
 2124.83	     2842.21	     2720.47
 2135.82	     2845.19	     2719.03
 2146.81	     2839.83	     2717.44
 2157.80	     2846.49	     2715.80
 2168.79	     2837.96	     2714.18
 2179.78	     2847.53	     2712.53
 2190.77	     2835.62	     2711.05
 2201.76	     2847.35	     2709.54
 2212.75	     2836.30	     2708.01
 2223.74	     2847.08	     2706.49
 2234.73	     2838.76	     2705.03
 2245.72	     2846.23	     2703.49
 2256.71	     2841.12	     2701.94
 2267.70	     2844.78	     2700.36
 2278.69	     2842.90	     2698.81
 2289.68	     2843.01	     2697.28
 2300.67	     2844.42	     2695.80
 2311.66	     2840.81	     2694.25
 2322.65	     2845.79	     2692.72
 2333.64	     2838.47	     2691.18
 2344.63	     2846.83	     2689.69
 2355.62	     2836.17	     2688.14
 2366.61	     2847.27	     2686.64
 2377.59	     2835.27	     2685.11
 2388.58	     2846.99	     2683.45
 2399.57	     2837.55	     2681.92
 2410.56	     2846.15	     2680.35
 2421.55	     2839.91	     2678.78
 2432.54	     2844.90	     2677.29
 2443.53	     2842.01	     2675.74
 2454.52	     2843.45	     2674.37
 2465.51	     2843.80	     2672.82
 2476.50	     2841.23	     2671.32
 2487.49	     2845.25	     2669.75
 2498.48	     2839.24	     2668.26
 2509.47	     2846.63	     2666.71
 2520.46	     2837.35	     2665.21
 2531.45	     2847.18	     2663.69
 2542.44	     2835.18	     2662.22
 2553.43	     2847.62	     2660.71
 2564.42	     2835.77	     2659.20
 2575.41	     2846.77	     2657.73
 2586.40	     2838.14	     2656.17
 2597.39	     2845.81	     2654.73
 2608.38	     2840.19	     2653.49
 2619.37	     2844.55	     2651.90
 2630.36	     2842.21	     2650.44
 2641.35	     2842.96	     2649.07
 2652.34	     2844.01	     2647.67
 2663.33	     2840.61	     2646.33
 2674.32	     2845.22	     2644.84
 2685.31	     2838.44	     2643.54
 2696.30	     2846.09	     2642.30
 2707.29	     2836.10	     2640.96
 2718.28	     2846.65	     2639.61
 2729.27	     2835.10	     2638.48
 2740.26	     2846.56	     2637.18
 2751.25	     2837.04	     2636.00
 2762.24	     2845.81	     2634.81
 2773.23	     2839.35	     2633.43
 2784.22	     2844.76	     2632.13
 2795.21	     2841.26	     2630.95
 2806.71	     2877.88	     2629.07
 2818.21	     2849.51	     2627.13
 2829.72	     2875.10	     2625.29
 2841.22	     2857.71	     2623.51
 2852.73	     2869.47	     2622.30
 2870.11	     2813.04	     2482.00
 2876.64	     2812.74	     2570.01
 2886.20	     2811.93	     2472.25
 2895.76	     2383.83	     2319.24
 2908.52	     2402.46	     2310.45
 2921.28	     2384.76	     2319.47
 2932.15	     2379.47	     2319.48
 2943.01	     2388.36	     2319.69
 2953.88	     2378.03	     2319.85
 2964.74	     2390.97	     2319.72
 2975.61	     2376.59	     2320.01
 2986.48	     2392.17	     2320.00
 2997.34	     2374.78	     2320.29
 3008.21	     2392.35	     2320.33
 3019.07	     2373.21	     2320.52
 3029.94	     2391.59	     2320.37
 3040.80	     2371.33	     2320.80
 3051.67	     2389.17	     2320.76
 3062.54	     2377.17	     2321.13
 3073.40	     2385.25	     2321.01
 3084.27	     2383.41	     2321.16
 3095.13	     2380.12	     2321.20
 3106.00	     2388.51	     2321.35
 3116.86	     2374.35	     2321.51
 3127.73	     2391.12	     2321.58
 3138.60	     2368.47	     2321.88
 3149.46	     2393.36	     2321.17
 3160.33	     2368.63	     2321.96
 3171.19	     2394.02	     2320.18
 3182.06	     2368.54	     2322.33
 3192.92	     2394.20	     2321.94
 3203.79	     2368.24	     2322.46
 3214.66	     2391.76	     2322.49
 3225.52	     2373.76	     2322.88
 3236.39	     2388.26	     2322.83
 3247.25	     2380.27	     2322.98
 3258.12	     2383.63	     2323.02
 3268.98	     2385.38	     2323.10
 3279.85	     2377.82	     2323.24
 3290.71	     2389.25	     2323.27
 3301.58	     2371.92	     2323.59
 3312.45	     2391.49	     2322.29
 3323.31	     2367.85	     2323.82
 3334.18	     2393.26	     2321.29
 3345.04	     2367.04	     2324.31
 3355.07	     2366.93	     2324.54
 3365.09	     2366.58	     2324.91
 3375.12	     2366.22	     2325.30
 3385.14	     2365.90	     2325.66
 3395.16	     2365.54	     2326.04
 3405.19	     2365.18	     2326.43
 3415.21	     2364.84	     2326.79
 3425.24	     2364.50	     2327.15
 3435.26	     2364.15	     2327.54
 3445.28	     2363.82	     2327.90
 3455.31	     2363.49	     2328.27
 3465.33	     2363.15	     2328.66
 3475.36	     2362.78	     2329.03
 3485.38	     2362.46	     2329.38
 3495.41	     2362.13	     2329.76
 3505.43	     2361.77	     2330.14
 3515.45	     2361.44	     2330.49
 3525.48	     2361.14	     2330.82
 3535.50	     2360.77	     2331.24
 3545.53	     2360.40	     2331.61
 3555.55	     2360.08	     2331.97
 3565.57	     2359.76	     2332.34
 3575.60	     2359.38	     2332.73
 3585.62	     2359.05	     2333.08
 3595.65	     2358.73	     2333.45
 3605.67	     2358.37	     2333.82
 3615.69	     2358.01	     2334.18
 3625.72	     2357.71	     2334.54
 3635.74	     2357.34	     2334.91
 3645.77	     2357.01	     2335.26
 3655.79	     2356.70	     2335.61
 3665.82	     2356.37	     2335.95
 3675.84	     2355.99	     2336.32
 3685.86	     2355.68	     2336.66
 3695.89	     2355.35	     2336.99
 3705.91	     2354.76	     2337.50
 3716.05	     2354.49	     2337.71
 3726.19	     2354.11	     2338.01
 3736.32	     2353.72	     2338.31
 3746.46	     2353.33	     2338.61
 3756.59	     2352.94	     2338.91
 3766.73	     2352.55	     2339.20
 3776.87	     2352.16	     2339.50
 3787.00	     2351.77	     2339.80
 3797.14	     2351.38	     2340.10
 3807.28	     2350.99	     2340.39
 3817.41	     2350.61	     2340.69
 3827.55	     2350.22	     2340.99
 3837.69	     2349.83	     2341.30
 3847.82	     2349.44	     2341.60
 3857.96	     2349.04	     2341.90
 3868.10	     2348.65	     2342.20
 3878.23	     2348.26	     2342.50
 3888.37	     2347.87	     2342.81
 3898.51	     2347.48	     2343.11
 3908.64	     2347.09	     2343.41
 3918.78	     2346.69	     2343.71
 3928.92	     2346.30	     2344.01
 3939.05	     2345.91	     2344.32
 3949.19	     2345.52	     2344.62
 3959.33	     2345.00	     2345.00
