    时间	    汇点水头	    大井水位	    升管水位	    大井流量	    升管流量	    底板压差
   0.000	     -0.082	   2344.918	    2344.918	      0.000	      0.000	      0.000
   0.200	     -0.083	   2344.917	    2344.917	     -0.122	      0.000	     -0.000
   0.400	     -0.083	   2344.917	    2344.917	      0.123	      0.000	      0.000
   0.600	     -0.082	   2344.918	    2344.918	      0.021	      0.000	      0.000
   0.800	     -0.082	   2344.918	    2344.918	     -0.020	      0.000	     -0.000
   1.000	     -0.082	   2344.918	    2344.918	     -0.017	      0.000	     -0.000
   1.200	     -0.083	   2344.917	    2344.917	      0.033	      0.000	      0.000
   1.400	     -0.082	   2344.918	    2344.918	      0.147	      0.000	      0.000
   1.600	     -0.082	   2344.918	    2344.918	     -0.077	      0.000	     -0.000
   1.800	     -0.082	   2344.918	    2344.918	      0.050	      0.000	      0.000
   2.000	     -0.081	   2344.919	    2344.919	      0.221	      0.000	      0.000
   2.200	     -0.080	   2344.920	    2344.920	      0.017	      0.000	      0.000
   2.400	     -0.079	   2344.921	    2344.921	      0.164	      0.000	      0.000
   2.600	     -0.077	   2344.923	    2344.923	      0.260	      0.000	      0.000
   2.800	     -0.075	   2344.925	    2344.925	      0.425	      0.000	      0.000
   3.000	     -0.072	   2344.928	    2344.928	      0.357	      0.000	      0.000
   3.200	     -0.069	   2344.930	    2344.930	      0.344	      0.000	      0.000
   3.400	     -0.065	   2344.935	    2344.935	      0.680	      0.000	      0.000
   3.600	     -0.060	   2344.940	    2344.940	      0.696	      0.000	      0.000
   3.800	     -0.054	   2344.945	    2344.945	      0.797	      0.000	      0.000
   4.000	     -0.047	   2344.952	    2344.952	      1.095	      0.000	      0.000
   4.200	     -0.039	   2344.961	    2344.961	      1.178	      0.000	      0.000
   4.400	     -0.029	   2344.971	    2344.971	      1.346	      0.000	      0.000
   4.600	     -0.018	   2344.982	    2344.982	      1.482	      0.000	      0.000
   4.800	     -0.004	   2344.995	    2344.995	      1.981	      0.000	      0.001
   5.000	      0.013	   2345.012	    2345.012	      2.256	      0.000	      0.001
   5.200	      0.030	   2345.029	    2345.029	      2.326	      0.000	      0.001
   5.400	      0.050	   2345.049	    2345.049	      2.759	      0.000	      0.001
   5.600	      0.074	   2345.072	    2345.072	      3.149	      0.000	      0.002
   5.800	      0.100	   2345.098	    2345.098	      3.496	      0.000	      0.002
   6.000	      0.130	   2345.127	    2345.127	      3.907	      0.000	      0.002
   6.200	      0.162	   2345.159	    2345.159	      4.393	      0.000	      0.003
   6.400	      0.199	   2345.195	    2345.195	      4.964	      0.000	      0.004
   6.600	      0.239	   2345.235	    2345.235	      5.229	      0.000	      0.004
   6.800	      0.283	   2345.278	    2345.278	      5.866	      0.000	      0.005
   7.000	      0.333	   2345.327	    2345.327	      6.562	      0.000	      0.007
   7.200	      0.387	   2345.379	    2345.379	      7.055	      0.000	      0.008
   7.400	      0.445	   2345.436	    2345.436	      7.627	      0.000	      0.009
   7.600	      0.508	   2345.498	    2345.498	      8.292	      0.000	      0.011
   7.800	      0.578	   2345.565	    2345.565	      9.032	      0.000	      0.013
   8.000	      0.652	   2345.637	    2345.637	      9.567	      0.000	      0.014
   8.200	      0.730	   2345.714	    2345.714	     10.153	      0.000	      0.016
   8.400	      0.816	   2345.796	    2345.796	     11.080	      0.000	      0.019
   8.600	      0.906	   2345.885	    2345.885	     11.690	      0.000	      0.021
   8.800	      1.002	   2345.978	    2345.978	     12.375	      0.000	      0.024
   9.000	      1.104	   2346.077	    2346.077	     13.105	      0.000	      0.027
   9.200	      1.212	   2346.182	    2346.182	     13.862	      0.000	      0.030
   9.400	      1.327	   2346.293	    2346.293	     14.571	      0.000	      0.033
   9.600	      1.446	   2346.409	    2346.409	     15.219	      0.000	      0.036
   9.800	      1.572	   2346.531	    2346.531	     16.186	      0.000	      0.041
  10.000	      1.704	   2346.660	    2346.660	     16.899	      0.000	      0.045
  10.200	      1.840	   2346.793	    2346.793	     17.414	      0.000	      0.048
  10.400	      1.983	   2346.931	    2346.931	     18.189	      0.000	      0.052
  10.600	      2.132	   2347.076	    2347.076	     18.900	      0.000	      0.056
  10.800	      2.286	   2347.225	    2347.225	     19.669	      0.000	      0.061
  11.000	      2.444	   2347.380	    2347.380	     20.172	      0.000	      0.064
  11.200	      2.607	   2347.539	    2347.539	     20.825	      0.000	      0.068
  11.400	      2.776	   2347.704	    2347.704	     21.496	      0.000	      0.073
  11.600	      2.947	   2347.872	    2347.872	     21.823	      0.000	      0.075
  11.800	      3.123	   2348.044	    2348.044	     22.442	      0.000	      0.079
  12.000	      3.305	   2348.221	    2348.221	     23.053	      0.000	      0.084
  12.200	      3.488	   2348.402	    2348.402	     23.416	      0.000	      0.086
  12.400	      3.675	   2348.585	    2348.585	     23.809	      0.000	      0.089
  12.600	      3.863	   2348.772	    2348.772	     24.103	      0.000	      0.091
  12.800	      4.057	   2348.962	    2348.962	     24.636	      0.000	      0.095
  13.000	      4.251	   2349.154	    2349.154	     24.823	      0.000	      0.097
  13.200	      4.446	   2349.348	    2349.348	     24.985	      0.000	      0.098
  13.400	      4.645	   2349.544	    2349.544	     25.392	      0.000	      0.101
  13.600	      4.843	   2349.741	    2349.741	     25.452	      0.000	      0.102
  13.800	      5.042	   2349.939	    2349.939	     25.556	      0.000	      0.103
  14.000	      5.241	   2350.138	    2350.138	     25.593	      0.000	      0.103
  14.200	      5.441	   2350.337	    2350.337	     25.631	      0.000	      0.103
  14.400	      5.641	   2350.537	    2350.537	     25.686	      0.000	      0.104
  14.600	      5.837	   2350.735	    2350.735	     25.385	      0.000	      0.101
  14.800	      6.035	   2350.933	    2350.933	     25.456	      0.000	      0.102
  15.000	      6.230	   2351.130	    2351.130	     25.252	      0.000	      0.100
  15.200	      6.421	   2351.324	    2351.324	     24.807	      0.000	      0.097
  15.400	      6.612	   2351.517	    2351.517	     24.606	      0.000	      0.095
  15.600	      6.800	   2351.707	    2351.707	     24.301	      0.000	      0.093
  15.800	      6.986	   2351.895	    2351.895	     24.004	      0.000	      0.091
  16.000	      7.166	   2352.080	    2352.080	     23.457	      0.000	      0.087
  16.200	      7.342	   2352.259	    2352.259	     22.893	      0.000	      0.083
  16.400	      7.517	   2352.437	    2352.437	     22.545	      0.000	      0.080
  16.600	      7.684	   2352.610	    2352.610	     21.797	      0.000	      0.075
  16.800	      7.848	   2352.777	    2352.777	     21.269	      0.000	      0.071
  17.000	      8.007	   2352.940	    2352.940	     20.696	      0.000	      0.068
  17.200	      8.160	   2353.097	    2353.097	     19.909	      0.000	      0.062
  17.400	      8.307	   2353.249	    2353.249	     19.158	      0.000	      0.058
  17.600	      8.448	   2353.395	    2353.395	     18.267	      0.000	      0.053
  17.800	      8.584	   2353.535	    2353.535	     17.644	      0.000	      0.049
  18.000	      8.713	   2353.669	    2353.669	     16.785	      0.000	      0.044
  18.200	      8.833	   2353.794	    2353.794	     15.708	      0.000	      0.039
  18.400	      8.949	   2353.914	    2353.914	     14.983	      0.000	      0.035
  18.600	      9.057	   2354.026	    2354.026	     13.942	      0.000	      0.031
  18.800	      9.157	   2354.131	    2354.131	     12.953	      0.000	      0.027
  19.000	      9.250	   2354.228	    2354.228	     11.958	      0.000	      0.023
  19.200	      9.336	   2354.317	    2354.317	     10.982	      0.000	      0.019
  19.400	      9.415	   2354.399	    2354.399	     10.033	      0.000	      0.016
  19.600	      9.484	   2354.472	    2354.472	      8.806	      0.000	      0.012
  19.800	      9.546	   2354.536	    2354.536	      7.843	      0.000	      0.010
  20.000	      9.601	   2354.594	    2354.594	      6.858	      0.000	      0.007
  20.200	      9.647	   2354.642	    2354.642	      5.632	      0.000	      0.005
  20.400	      9.686	   2354.682	    2354.682	      4.636	      0.000	      0.003
  20.600	      9.716	   2354.714	    2354.714	      3.564	      0.000	      0.002
  20.800	      9.739	   2354.738	    2354.738	      2.579	      0.000	      0.001
  21.000	      9.753	   2354.753	    2354.753	      1.408	      0.000	      0.000
  21.200	      9.759	   2354.759	    2354.759	      0.250	      0.000	      0.000
  21.400	      9.758	   2354.758	    2354.758	     -0.629	      0.000	     -0.000
  21.600	      9.748	   2354.749	    2354.749	     -1.756	      0.000	     -0.000
  21.800	      9.729	   2354.730	    2354.730	     -2.794	      0.000	     -0.001
  22.000	      9.703	   2354.705	    2354.705	     -3.708	      0.000	     -0.002
  22.200	      9.668	   2354.671	    2354.671	     -4.783	      0.000	     -0.004
  22.400	      9.626	   2354.631	    2354.631	     -5.776	      0.000	     -0.005
  22.600	      9.575	   2354.582	    2354.582	     -6.795	      0.000	     -0.007
  22.800	      9.517	   2354.526	    2354.526	     -7.502	      0.000	     -0.009
  23.000	      9.453	   2354.464	    2354.464	     -8.400	      0.000	     -0.011
  23.200	      9.381	   2354.394	    2354.394	     -9.416	      0.000	     -0.014
  23.400	      9.302	   2354.318	    2354.318	    -10.149	      0.000	     -0.016
  23.600	      9.218	   2354.237	    2354.237	    -10.930	      0.000	     -0.019
  23.800	      9.128	   2354.149	    2354.149	    -11.658	      0.000	     -0.021
  24.000	      9.031	   2354.055	    2354.055	    -12.378	      0.000	     -0.024
  24.200	      8.929	   2353.956	    2353.956	    -13.030	      0.000	     -0.027
  24.400	      8.824	   2353.853	    2353.853	    -13.582	      0.000	     -0.029
  24.600	      8.711	   2353.744	    2353.744	    -14.342	      0.000	     -0.032
  24.800	      8.596	   2353.630	    2353.630	    -14.814	      0.000	     -0.034
  25.000	      8.477	   2353.513	    2353.513	    -15.244	      0.000	     -0.036
  25.200	      8.353	   2353.392	    2353.392	    -15.783	      0.000	     -0.039
  25.400	      8.226	   2353.268	    2353.268	    -16.232	      0.000	     -0.041
  25.600	      8.096	   2353.140	    2353.140	    -16.600	      0.000	     -0.043
  25.800	      7.965	   2353.009	    2353.009	    -16.870	      0.000	     -0.045
  26.000	      7.829	   2352.876	    2352.876	    -17.300	      0.000	     -0.047
  26.200	      7.691	   2352.740	    2352.740	    -17.637	      0.000	     -0.049
  26.400	      7.554	   2352.603	    2352.603	    -17.691	      0.000	     -0.049
  26.600	      7.414	   2352.464	    2352.464	    -17.983	      0.000	     -0.051
  26.800	      7.272	   2352.323	    2352.323	    -18.149	      0.000	     -0.052
  27.000	      7.129	   2352.182	    2352.182	    -18.294	      0.000	     -0.053
  27.200	      6.986	   2352.039	    2352.039	    -18.388	      0.000	     -0.053
  27.400	      6.842	   2351.896	    2351.896	    -18.458	      0.000	     -0.054
  27.600	      6.697	   2351.752	    2351.752	    -18.583	      0.000	     -0.054
  27.800	      6.554	   2351.608	    2351.608	    -18.429	      0.000	     -0.053
  28.000	      6.411	   2351.464	    2351.464	    -18.434	      0.000	     -0.054
  28.200	      6.266	   2351.320	    2351.320	    -18.548	      0.000	     -0.054
  28.400	      6.123	   2351.176	    2351.176	    -18.429	      0.000	     -0.053
  28.600	      5.980	   2351.033	    2351.033	    -18.349	      0.000	     -0.053
  28.800	      5.839	   2350.891	    2350.891	    -18.169	      0.000	     -0.052
  29.000	      5.697	   2350.749	    2350.749	    -18.162	      0.000	     -0.052
  29.200	      5.557	   2350.608	    2350.608	    -18.011	      0.000	     -0.051
  29.400	      5.419	   2350.469	    2350.469	    -17.819	      0.000	     -0.050
  29.600	      5.280	   2350.330	    2350.330	    -17.854	      0.000	     -0.050
  29.800	      5.143	   2350.192	    2350.192	    -17.610	      0.000	     -0.049
  30.000	      5.009	   2350.056	    2350.056	    -17.370	      0.000	     -0.048
  30.200	      4.874	   2349.921	    2349.921	    -17.280	      0.000	     -0.047
  30.400	      4.741	   2349.787	    2349.787	    -17.124	      0.000	     -0.046
  30.600	      4.609	   2349.654	    2349.654	    -17.031	      0.000	     -0.046
  30.800	      4.479	   2349.523	    2349.523	    -16.719	      0.000	     -0.044
  31.000	      4.350	   2349.394	    2349.394	    -16.636	      0.000	     -0.044
  31.200	      4.221	   2349.264	    2349.264	    -16.548	      0.000	     -0.043
  31.400	      4.095	   2349.137	    2349.137	    -16.263	      0.000	     -0.042
  31.600	      3.969	   2349.010	    2349.010	    -16.211	      0.000	     -0.041
  31.800	      3.844	   2348.884	    2348.884	    -16.086	      0.000	     -0.041
  32.000	      3.719	   2348.759	    2348.759	    -16.007	      0.000	     -0.040
  32.200	      3.595	   2348.635	    2348.635	    -15.912	      0.000	     -0.040
  32.400	      3.473	   2348.512	    2348.512	    -15.783	      0.000	     -0.039
  32.600	      3.349	   2348.389	    2348.389	    -15.890	      0.000	     -0.040
  32.800	      3.227	   2348.265	    2348.265	    -15.705	      0.000	     -0.039
  33.000	      3.104	   2348.143	    2348.143	    -15.730	      0.000	     -0.039
  33.200	      2.980	   2348.020	    2348.020	    -15.893	      0.000	     -0.040
  33.400	      2.857	   2347.897	    2347.897	    -15.852	      0.000	     -0.040
  33.600	      2.734	   2347.774	    2347.774	    -15.888	      0.000	     -0.040
  33.800	      2.610	   2347.650	    2347.650	    -15.885	      0.000	     -0.040
  34.000	      2.485	   2347.525	    2347.525	    -16.037	      0.000	     -0.041
  34.200	      2.358	   2347.400	    2347.400	    -16.188	      0.000	     -0.041
  34.400	      2.233	   2347.274	    2347.274	    -16.185	      0.000	     -0.041
  34.600	      2.105	   2347.148	    2347.148	    -16.441	      0.000	     -0.043
  34.800	      1.976	   2347.019	    2347.019	    -16.507	      0.000	     -0.043
  35.000	      1.847	   2346.890	    2346.890	    -16.622	      0.000	     -0.043
  35.200	      1.715	   2346.760	    2346.760	    -16.861	      0.000	     -0.045
  35.400	      1.582	   2346.628	    2346.628	    -17.059	      0.000	     -0.046
  35.600	      1.446	   2346.494	    2346.494	    -17.351	      0.000	     -0.047
  35.800	      1.311	   2346.359	    2346.359	    -17.447	      0.000	     -0.048
  36.000	      1.172	   2346.222	    2346.222	    -17.706	      0.000	     -0.049
  36.200	      1.031	   2346.082	    2346.082	    -18.084	      0.000	     -0.051
  36.400	      0.889	   2345.941	    2345.941	    -18.215	      0.000	     -0.052
  36.600	      0.744	   2345.798	    2345.798	    -18.562	      0.000	     -0.054
  36.800	      0.597	   2345.652	    2345.652	    -18.821	      0.000	     -0.056
  37.000	      0.448	   2345.505	    2345.505	    -19.083	      0.000	     -0.057
  37.200	      0.297	   2345.355	    2345.355	    -19.324	      0.000	     -0.059
  37.400	      0.145	   2345.205	    2345.205	    -19.522	      0.000	     -0.060
  37.600	     -0.011	   2345.051	    2345.051	    -19.878	      0.000	     -0.062
  37.800	     -0.167	   2344.896	    2344.896	    -20.033	      0.000	     -0.063
  38.000	     -0.325	   2344.739	    2344.739	    -20.225	      0.000	     -0.064
  38.200	     -0.486	   2344.581	    2344.581	    -20.544	      0.000	     -0.066
  38.400	     -0.647	   2344.420	    2344.420	    -20.688	      0.000	     -0.067
  38.600	     -0.810	   2344.258	    2344.258	    -20.892	      0.000	     -0.069
  38.800	     -0.974	   2344.095	    2344.095	    -21.005	      0.000	     -0.069
  39.000	     -1.140	   2343.931	    2343.931	    -21.244	      0.000	     -0.071
  39.200	     -1.308	   2343.764	    2343.764	    -21.467	      0.000	     -0.072
  39.400	     -1.475	   2343.598	    2343.598	    -21.499	      0.000	     -0.073
  39.600	     -1.644	   2343.430	    2343.430	    -21.679	      0.000	     -0.074
  39.800	     -1.814	   2343.260	    2343.260	    -21.764	      0.000	     -0.075
  40.000	     -1.984	   2343.091	    2343.091	    -21.787	      0.000	     -0.075
  40.200	     -2.155	   2342.921	    2342.921	    -21.890	      0.000	     -0.075
  40.400	     -2.325	   2342.750	    2342.750	    -21.909	      0.000	     -0.076
  40.600	     -2.496	   2342.580	    2342.580	    -21.944	      0.000	     -0.076
  40.800	     -2.665	   2342.410	    2342.410	    -21.778	      0.000	     -0.075
  41.000	     -2.834	   2342.241	    2342.241	    -21.736	      0.000	     -0.074
  41.200	     -3.003	   2342.071	    2342.071	    -21.738	      0.000	     -0.074
  41.400	     -3.171	   2341.903	    2341.903	    -21.564	      0.000	     -0.073
  41.600	     -3.337	   2341.736	    2341.736	    -21.440	      0.000	     -0.072
  41.800	     -3.502	   2341.569	    2341.569	    -21.253	      0.000	     -0.071
  42.000	     -3.665	   2341.405	    2341.405	    -21.077	      0.000	     -0.070
  42.200	     -3.827	   2341.241	    2341.241	    -20.861	      0.000	     -0.069
  42.400	     -3.987	   2341.080	    2341.080	    -20.575	      0.000	     -0.067
  42.600	     -4.145	   2340.920	    2340.920	    -20.425	      0.000	     -0.066
  42.800	     -4.301	   2340.763	    2340.763	    -20.083	      0.000	     -0.063
  43.000	     -4.453	   2340.608	    2340.608	    -19.744	      0.000	     -0.061
  43.200	     -4.604	   2340.455	    2340.455	    -19.457	      0.000	     -0.060
  43.400	     -4.752	   2340.305	    2340.305	    -19.100	      0.000	     -0.057
  43.600	     -4.897	   2340.158	    2340.158	    -18.720	      0.000	     -0.055
  43.800	     -5.039	   2340.014	    2340.014	    -18.269	      0.000	     -0.053
  44.000	     -5.177	   2339.873	    2339.873	    -17.920	      0.000	     -0.051
  44.200	     -5.313	   2339.735	    2339.735	    -17.511	      0.000	     -0.048
  44.400	     -5.444	   2339.601	    2339.601	    -16.951	      0.000	     -0.045
  44.600	     -5.572	   2339.471	    2339.471	    -16.551	      0.000	     -0.043
  44.800	     -5.696	   2339.344	    2339.344	    -16.040	      0.000	     -0.041
  45.000	     -5.817	   2339.221	    2339.221	    -15.547	      0.000	     -0.038
  45.200	     -5.933	   2339.102	    2339.102	    -15.041	      0.000	     -0.036
  45.400	     -6.046	   2338.987	    2338.987	    -14.511	      0.000	     -0.033
  45.600	     -6.155	   2338.876	    2338.876	    -14.030	      0.000	     -0.031
  45.800	     -6.259	   2338.770	    2338.770	    -13.378	      0.000	     -0.028
  46.000	     -6.359	   2338.667	    2338.667	    -12.849	      0.000	     -0.026
  46.200	     -6.455	   2338.569	    2338.569	    -12.380	      0.000	     -0.024
  46.400	     -6.547	   2338.475	    2338.475	    -11.777	      0.000	     -0.022
  46.600	     -6.634	   2338.386	    2338.386	    -11.223	      0.000	     -0.020
  46.800	     -6.717	   2338.301	    2338.301	    -10.589	      0.000	     -0.018
  47.000	     -6.796	   2338.220	    2338.220	    -10.075	      0.000	     -0.016
  47.200	     -6.870	   2338.144	    2338.144	     -9.487	      0.000	     -0.014
  47.400	     -6.940	   2338.073	    2338.073	     -8.878	      0.000	     -0.012
  47.600	     -7.006	   2338.005	    2338.005	     -8.416	      0.000	     -0.011
  47.800	     -7.067	   2337.942	    2337.942	     -7.768	      0.000	     -0.010
  48.000	     -7.124	   2337.884	    2337.884	     -7.166	      0.000	     -0.008
  48.200	     -7.177	   2337.830	    2337.830	     -6.657	      0.000	     -0.007
  48.400	     -7.225	   2337.781	    2337.781	     -6.089	      0.000	     -0.006
  48.600	     -7.270	   2337.735	    2337.735	     -5.585	      0.000	     -0.005
  48.800	     -7.309	   2337.694	    2337.694	     -4.948	      0.000	     -0.004
  49.000	     -7.345	   2337.658	    2337.658	     -4.472	      0.000	     -0.003
  49.200	     -7.378	   2337.625	    2337.625	     -3.984	      0.000	     -0.003
  49.400	     -7.406	   2337.596	    2337.596	     -3.381	      0.000	     -0.002
  49.600	     -7.430	   2337.571	    2337.571	     -2.942	      0.000	     -0.001
  49.800	     -7.451	   2337.550	    2337.550	     -2.433	      0.000	     -0.001
  50.000	     -7.467	   2337.533	    2337.533	     -1.976	      0.000	     -0.001
  50.200	     -7.481	   2337.520	    2337.520	     -1.516	      0.000	     -0.000
  50.400	     -7.490	   2337.510	    2337.510	     -1.022	      0.000	     -0.000
  50.600	     -7.497	   2337.503	    2337.503	     -0.685	      0.000	     -0.000
  50.800	     -7.500	   2337.500	    2337.500	     -0.154	      0.000	     -0.000
  51.000	     -7.500	   2337.500	    2337.500	      0.218	      0.000	      0.000
  51.200	     -7.497	   2337.503	    2337.503	      0.512	      0.000	      0.000
  51.400	     -7.491	   2337.508	    2337.508	      0.941	      0.000	      0.000
  51.600	     -7.483	   2337.517	    2337.517	      1.287	      0.000	      0.000
  51.800	     -7.471	   2337.529	    2337.529	      1.671	      0.000	      0.000
  52.000	     -7.457	   2337.542	    2337.542	      1.939	      0.000	      0.001
  52.200	     -7.441	   2337.558	    2337.558	      2.206	      0.000	      0.001
  52.400	     -7.422	   2337.577	    2337.577	      2.563	      0.000	      0.001
  52.600	     -7.401	   2337.598	    2337.598	      2.733	      0.000	      0.001
  52.800	     -7.378	   2337.620	    2337.620	      3.043	      0.000	      0.001
  53.000	     -7.354	   2337.645	    2337.645	      3.298	      0.000	      0.002
  53.200	     -7.327	   2337.671	    2337.671	      3.462	      0.000	      0.002
  53.400	     -7.299	   2337.698	    2337.698	      3.658	      0.000	      0.002
  53.600	     -7.270	   2337.727	    2337.727	      3.775	      0.000	      0.002
  53.800	     -7.240	   2337.758	    2337.758	      4.030	      0.000	      0.003
  54.000	     -7.208	   2337.790	    2337.790	      4.154	      0.000	      0.003
  54.200	     -7.175	   2337.822	    2337.822	      4.198	      0.000	      0.003
  54.400	     -7.142	   2337.855	    2337.855	      4.403	      0.000	      0.003
  54.600	     -7.107	   2337.890	    2337.890	      4.429	      0.000	      0.003
  54.800	     -7.072	   2337.924	    2337.924	      4.518	      0.000	      0.003
  55.000	     -7.037	   2337.960	    2337.960	      4.583	      0.000	      0.003
  55.200	     -7.001	   2337.996	    2337.996	      4.645	      0.000	      0.003
  55.400	     -6.964	   2338.032	    2338.032	      4.719	      0.000	      0.004
  55.600	     -6.928	   2338.068	    2338.068	      4.664	      0.000	      0.003
  55.800	     -6.891	   2338.105	    2338.105	      4.755	      0.000	      0.004
  56.000	     -6.854	   2338.142	    2338.142	      4.782	      0.000	      0.004
  56.200	     -6.817	   2338.179	    2338.179	      4.710	      0.000	      0.003
  56.400	     -6.781	   2338.216	    2338.216	      4.758	      0.000	      0.004
  56.600	     -6.744	   2338.253	    2338.253	      4.743	      0.000	      0.004
  56.800	     -6.707	   2338.290	    2338.290	      4.786	      0.000	      0.004
  57.000	     -6.670	   2338.327	    2338.327	      4.717	      0.000	      0.003
  57.200	     -6.634	   2338.363	    2338.363	      4.658	      0.000	      0.003
  57.400	     -6.597	   2338.400	    2338.400	      4.720	      0.000	      0.004
  57.600	     -6.561	   2338.436	    2338.436	      4.646	      0.000	      0.003
  57.800	     -6.525	   2338.472	    2338.472	      4.645	      0.000	      0.003
  58.000	     -6.489	   2338.508	    2338.508	      4.664	      0.000	      0.003
  58.200	     -6.453	   2338.544	    2338.544	      4.601	      0.000	      0.003
  58.400	     -6.417	   2338.580	    2338.580	      4.582	      0.000	      0.003
  58.600	     -6.382	   2338.615	    2338.615	      4.540	      0.000	      0.003
  58.800	     -6.346	   2338.651	    2338.651	      4.649	      0.000	      0.003
  59.000	     -6.310	   2338.687	    2338.687	      4.625	      0.000	      0.003
  59.200	     -6.274	   2338.722	    2338.722	      4.567	      0.000	      0.003
  59.400	     -6.238	   2338.758	    2338.758	      4.643	      0.000	      0.003
  59.600	     -6.202	   2338.795	    2338.795	      4.653	      0.000	      0.003
  59.800	     -6.166	   2338.831	    2338.831	      4.715	      0.000	      0.003
  60.000	     -6.129	   2338.868	    2338.868	      4.762	      0.000	      0.004
  60.200	     -6.092	   2338.905	    2338.905	      4.836	      0.000	      0.004
  60.400	     -6.053	   2338.943	    2338.943	      4.944	      0.000	      0.004
  60.600	     -6.015	   2338.981	    2338.981	      4.946	      0.000	      0.004
  60.800	     -5.976	   2339.020	    2339.020	      5.110	      0.000	      0.004
  61.000	     -5.935	   2339.061	    2339.061	      5.244	      0.000	      0.004
  61.200	     -5.894	   2339.102	    2339.102	      5.343	      0.000	      0.004
  61.400	     -5.851	   2339.144	    2339.144	      5.505	      0.000	      0.005
  61.600	     -5.808	   2339.187	    2339.187	      5.667	      0.000	      0.005
  61.800	     -5.763	   2339.232	    2339.232	      5.897	      0.000	      0.005
  62.000	     -5.716	   2339.278	    2339.278	      6.039	      0.000	      0.006
  62.200	     -5.668	   2339.326	    2339.326	      6.231	      0.000	      0.006
  62.400	     -5.617	   2339.376	    2339.376	      6.545	      0.000	      0.007
  62.600	     -5.565	   2339.428	    2339.428	      6.743	      0.000	      0.007
  62.800	     -5.511	   2339.481	    2339.481	      7.038	      0.000	      0.008
  63.000	     -5.455	   2339.537	    2339.537	      7.306	      0.000	      0.008
  63.200	     -5.396	   2339.595	    2339.595	      7.610	      0.000	      0.009
  63.400	     -5.335	   2339.655	    2339.655	      7.936	      0.000	      0.010
  63.600	     -5.271	   2339.718	    2339.718	      8.210	      0.000	      0.011
  63.800	     -5.205	   2339.783	    2339.783	      8.664	      0.000	      0.012
  64.000	     -5.135	   2339.852	    2339.852	      9.008	      0.000	      0.013
  64.200	     -5.063	   2339.923	    2339.923	      9.298	      0.000	      0.014
  64.400	     -4.988	   2339.997	    2339.997	      9.723	      0.000	      0.015
  64.600	     -4.910	   2340.074	    2340.074	     10.120	      0.000	      0.016
  64.800	     -4.828	   2340.155	    2340.155	     10.573	      0.000	      0.018
  65.000	     -4.743	   2340.238	    2340.238	     10.935	      0.000	      0.019
  65.200	     -4.655	   2340.325	    2340.325	     11.397	      0.000	      0.020
  65.400	     -4.563	   2340.415	    2340.415	     11.849	      0.000	      0.022
  65.600	     -4.468	   2340.509	    2340.509	     12.183	      0.000	      0.023
  65.800	     -4.369	   2340.606	    2340.606	     12.720	      0.000	      0.025
  66.000	     -4.266	   2340.706	    2340.706	     13.191	      0.000	      0.027
  66.200	     -4.161	   2340.810	    2340.810	     13.583	      0.000	      0.029
  66.400	     -4.051	   2340.918	    2340.918	     14.071	      0.000	      0.031
  66.600	     -3.938	   2341.029	    2341.029	     14.493	      0.000	      0.033
  66.800	     -3.821	   2341.144	    2341.144	     15.010	      0.000	      0.035
  67.000	     -3.700	   2341.262	    2341.262	     15.425	      0.000	      0.037
  67.200	     -3.577	   2341.384	    2341.384	     15.863	      0.000	      0.039
  67.400	     -3.449	   2341.509	    2341.509	     16.355	      0.000	      0.042
  67.600	     -3.318	   2341.638	    2341.638	     16.744	      0.000	      0.044
  67.800	     -3.184	   2341.770	    2341.770	     17.226	      0.000	      0.047
  68.000	     -3.046	   2341.905	    2341.905	     17.604	      0.000	      0.049
  68.200	     -2.905	   2342.044	    2342.044	     18.011	      0.000	      0.051
  68.400	     -2.761	   2342.186	    2342.186	     18.482	      0.000	      0.054
  68.600	     -2.614	   2342.330	    2342.330	     18.771	      0.000	      0.055
  68.800	     -2.464	   2342.478	    2342.478	     19.225	      0.000	      0.058
  69.000	     -2.311	   2342.629	    2342.629	     19.588	      0.000	      0.060
  69.200	     -2.156	   2342.782	    2342.782	     19.849	      0.000	      0.062
  69.400	     -1.998	   2342.938	    2342.938	     20.194	      0.000	      0.064
  69.600	     -1.837	   2343.097	    2343.097	     20.526	      0.000	      0.066
  69.800	     -1.674	   2343.258	    2343.258	     20.871	      0.000	      0.068
  70.000	     -1.510	   2343.421	    2343.421	     21.058	      0.000	      0.070
  70.200	     -1.343	   2343.585	    2343.585	     21.307	      0.000	      0.071
  70.400	     -1.174	   2343.752	    2343.752	     21.613	      0.000	      0.073
  70.600	     -1.005	   2343.921	    2343.921	     21.695	      0.000	      0.074
  70.800	     -0.834	   2344.091	    2344.091	     21.945	      0.000	      0.076
  71.000	     -0.661	   2344.262	    2344.262	     22.152	      0.000	      0.077
  71.200	     -0.488	   2344.434	    2344.434	     22.214	      0.000	      0.078
  71.400	     -0.314	   2344.608	    2344.608	     22.323	      0.000	      0.078
  71.600	     -0.140	   2344.782	    2344.782	     22.407	      0.000	      0.079
  71.800	      0.036	   2344.956	    2344.956	     22.513	      0.000	      0.080
  72.000	      0.211	   2345.131	    2345.131	     22.497	      0.000	      0.080
  72.200	      0.386	   2345.306	    2345.306	     22.492	      0.000	      0.080
  72.400	      0.561	   2345.481	    2345.481	     22.531	      0.000	      0.080
  72.600	      0.735	   2345.656	    2345.656	     22.384	      0.000	      0.079
  72.800	      0.909	   2345.830	    2345.830	     22.380	      0.000	      0.079
  73.000	      1.082	   2346.004	    2346.004	     22.283	      0.000	      0.078
  73.200	      1.253	   2346.176	    2346.176	     22.108	      0.000	      0.077
  73.400	      1.425	   2346.348	    2346.348	     22.021	      0.000	      0.076
  73.600	      1.593	   2346.518	    2346.518	     21.807	      0.000	      0.075
  73.800	      1.761	   2346.687	    2346.687	     21.608	      0.000	      0.074
  74.000	      1.927	   2346.855	    2346.855	     21.403	      0.000	      0.072
  74.200	      2.091	   2347.020	    2347.020	     21.158	      0.000	      0.070
  74.400	      2.252	   2347.184	    2347.184	     20.872	      0.000	      0.069
  74.600	      2.412	   2347.345	    2347.345	     20.563	      0.000	      0.067
  74.800	      2.569	   2347.504	    2347.504	     20.364	      0.000	      0.065
  75.000	      2.723	   2347.661	    2347.661	     19.948	      0.000	      0.063
  75.200	      2.874	   2347.814	    2347.814	     19.530	      0.000	      0.060
  75.400	      3.024	   2347.965	    2347.965	     19.287	      0.000	      0.059
  75.600	      3.169	   2348.113	    2348.113	     18.834	      0.000	      0.056
  75.800	      3.311	   2348.258	    2348.258	     18.398	      0.000	      0.053
  76.000	      3.451	   2348.400	    2348.400	     18.055	      0.000	      0.051
  76.200	      3.587	   2348.538	    2348.538	     17.591	      0.000	      0.049
  76.400	      3.719	   2348.673	    2348.673	     17.068	      0.000	      0.046
  76.600	      3.848	   2348.804	    2348.804	     16.615	      0.000	      0.044
  76.800	      3.974	   2348.932	    2348.932	     16.261	      0.000	      0.042
  77.000	      4.095	   2349.056	    2349.056	     15.672	      0.000	      0.039
  77.200	      4.212	   2349.176	    2349.176	     15.152	      0.000	      0.036
  77.400	      4.327	   2349.292	    2349.292	     14.748	      0.000	      0.034
  77.600	      4.436	   2349.405	    2349.405	     14.152	      0.000	      0.032
  77.800	      4.543	   2349.513	    2349.513	     13.654	      0.000	      0.029
  78.000	      4.645	   2349.618	    2349.618	     13.198	      0.000	      0.027
  78.200	      4.743	   2349.718	    2349.718	     12.632	      0.000	      0.025
  78.400	      4.837	   2349.814	    2349.814	     12.097	      0.000	      0.023
  78.600	      4.927	   2349.906	    2349.906	     11.583	      0.000	      0.021
  78.800	      5.013	   2349.994	    2349.994	     11.091	      0.000	      0.019
  79.000	      5.095	   2350.078	    2350.078	     10.506	      0.000	      0.017
  79.200	      5.174	   2350.158	    2350.158	     10.021	      0.000	      0.016
  79.400	      5.248	   2350.234	    2350.234	      9.531	      0.000	      0.014
  79.600	      5.318	   2350.305	    2350.305	      8.928	      0.000	      0.013
  79.800	      5.385	   2350.373	    2350.373	      8.502	      0.000	      0.011
  80.000	      5.448	   2350.437	    2350.437	      7.997	      0.000	      0.010
