    时间	    汇点水头	    大井水位	    升管水位	    大井流量	    升管流量	    底板压差
   0.000	    462.242	   2807.242	    2807.242	      0.000	      0.000	      0.000
   0.200	    462.241	   2807.241	    2807.241	     -0.060	      0.000	     -0.000
   0.400	    462.240	   2807.240	    2807.240	     -0.060	      0.000	     -0.000
   0.600	    462.239	   2807.239	    2807.239	     -0.272	      0.000	     -0.000
   0.800	    462.238	   2807.238	    2807.238	     -0.269	      0.000	     -0.000
   1.000	    462.237	   2807.237	    2807.237	     -0.048	      0.000	     -0.000
   1.200	    462.236	   2807.236	    2807.236	     -0.042	      0.000	     -0.000
   1.400	    462.237	   2807.237	    2807.237	      0.087	      0.000	      0.000
   1.600	    462.238	   2807.238	    2807.238	      0.088	      0.000	      0.000
   1.800	    462.239	   2807.239	    2807.239	      0.303	      0.000	      0.000
   2.000	    462.240	   2807.240	    2807.240	      0.305	      0.000	      0.000
   2.200	    462.242	   2807.242	    2807.242	      0.092	      0.000	      0.000
   2.400	    462.243	   2807.243	    2807.243	      0.088	      0.000	      0.000
   2.600	    462.243	   2807.243	    2807.243	     -0.041	      0.000	     -0.000
   2.800	    462.242	   2807.242	    2807.242	     -0.048	      0.000	     -0.000
   3.000	    462.241	   2807.241	    2807.241	     -0.067	      0.000	     -0.000
   3.200	    462.240	   2807.240	    2807.240	     -0.305	      0.000	     -0.000
   3.400	    462.239	   2807.239	    2807.239	     -0.344	      0.000	     -0.000
   3.600	    462.237	   2807.237	    2807.237	     -0.177	      0.000	     -0.000
   3.800	    462.236	   2807.236	    2807.236	      0.101	      0.000	      0.000
   4.000	    462.236	   2807.236	    2807.236	     -0.181	      0.000	     -0.000
   4.200	    462.236	   2807.236	    2807.236	     -0.263	      0.000	     -0.000
   4.400	    462.235	   2807.235	    2807.235	     -0.136	      0.000	     -0.000
   4.600	    462.233	   2807.233	    2807.233	     -0.215	      0.000	     -0.000
   4.800	    462.231	   2807.231	    2807.231	     -0.510	      0.000	     -0.000
   5.000	    462.227	   2807.227	    2807.227	     -0.936	      0.000	     -0.000
   5.200	    462.222	   2807.222	    2807.222	     -0.827	      0.000	     -0.000
   5.400	    462.216	   2807.216	    2807.216	     -0.944	      0.000	     -0.000
   5.600	    462.209	   2807.210	    2807.210	     -1.079	      0.000	     -0.000
   5.800	    462.202	   2807.202	    2807.202	     -1.438	      0.000	     -0.000
   6.000	    462.194	   2807.194	    2807.194	     -1.620	      0.000	     -0.000
   6.200	    462.186	   2807.186	    2807.186	     -1.288	      0.000	     -0.000
   6.400	    462.177	   2807.177	    2807.177	     -1.515	      0.000	     -0.000
   6.600	    462.166	   2807.167	    2807.167	     -1.959	      0.000	     -0.000
   6.800	    462.155	   2807.155	    2807.155	     -2.205	      0.000	     -0.000
   7.000	    462.142	   2807.142	    2807.142	     -2.233	      0.000	     -0.000
   7.200	    462.127	   2807.128	    2807.128	     -2.463	      0.000	     -0.001
   7.400	    462.111	   2807.112	    2807.112	     -3.214	      0.000	     -0.001
   7.600	    462.092	   2807.093	    2807.093	     -3.436	      0.000	     -0.001
   7.800	    462.072	   2807.073	    2807.073	     -3.471	      0.000	     -0.001
   8.000	    462.050	   2807.051	    2807.051	     -3.718	      0.000	     -0.001
   8.200	    462.027	   2807.028	    2807.028	     -3.989	      0.000	     -0.001
   8.400	    462.002	   2807.003	    2807.003	     -4.483	      0.000	     -0.002
   8.600	    461.976	   2806.978	    2806.978	     -4.472	      0.000	     -0.002
   8.800	    461.949	   2806.951	    2806.951	     -4.620	      0.000	     -0.002
   9.000	    461.920	   2806.923	    2806.923	     -4.946	      0.000	     -0.002
   9.200	    461.889	   2806.892	    2806.892	     -5.462	      0.000	     -0.003
   9.400	    461.857	   2806.860	    2806.860	     -5.772	      0.000	     -0.003
   9.600	    461.823	   2806.826	    2806.826	     -5.838	      0.000	     -0.003
   9.800	    461.787	   2806.790	    2806.790	     -6.395	      0.000	     -0.004
  10.000	    461.748	   2806.752	    2806.752	     -6.777	      0.000	     -0.004
  10.200	    461.708	   2806.712	    2806.712	     -6.981	      0.000	     -0.004
  10.400	    461.668	   2806.672	    2806.672	     -6.943	      0.000	     -0.004
  10.600	    461.626	   2806.630	    2806.630	     -7.111	      0.000	     -0.004
  10.800	    461.583	   2806.588	    2806.588	     -7.260	      0.000	     -0.005
  11.000	    461.540	   2806.544	    2806.544	     -7.340	      0.000	     -0.005
  11.200	    461.497	   2806.502	    2806.502	     -7.526	      0.000	     -0.005
  11.400	    461.453	   2806.458	    2806.458	     -7.510	      0.000	     -0.005
  11.600	    461.408	   2806.413	    2806.413	     -7.647	      0.000	     -0.005
  11.800	    461.361	   2806.367	    2806.367	     -8.026	      0.000	     -0.006
  12.000	    461.315	   2806.321	    2806.321	     -8.062	      0.000	     -0.006
  12.200	    461.269	   2806.274	    2806.274	     -7.940	      0.000	     -0.006
  12.400	    461.220	   2806.226	    2806.226	     -8.239	      0.000	     -0.006
  12.600	    461.171	   2806.177	    2806.177	     -8.403	      0.000	     -0.006
  12.800	    461.122	   2806.129	    2806.129	     -8.355	      0.000	     -0.006
  13.000	    461.075	   2806.081	    2806.081	     -8.114	      0.000	     -0.006
  13.200	    461.027	   2806.033	    2806.033	     -8.046	      0.000	     -0.006
  13.400	    460.980	   2805.985	    2805.985	     -7.942	      0.000	     -0.006
  13.600	    460.935	   2805.940	    2805.940	     -7.769	      0.000	     -0.005
  13.800	    460.891	   2805.896	    2805.896	     -7.719	      0.000	     -0.005
  14.000	    460.847	   2805.852	    2805.852	     -7.440	      0.000	     -0.005
  14.200	    460.803	   2805.808	    2805.808	     -7.284	      0.000	     -0.005
  14.400	    460.760	   2805.765	    2805.765	     -7.327	      0.000	     -0.005
  14.600	    460.719	   2805.724	    2805.724	     -7.156	      0.000	     -0.005
  14.800	    460.677	   2805.682	    2805.682	     -7.055	      0.000	     -0.004
  15.000	    460.637	   2805.641	    2805.641	     -6.747	      0.000	     -0.004
  15.200	    460.597	   2805.601	    2805.601	     -6.680	      0.000	     -0.004
  15.400	    460.560	   2805.564	    2805.564	     -6.405	      0.000	     -0.004
  15.600	    460.525	   2805.528	    2805.528	     -5.964	      0.000	     -0.003
  15.800	    460.490	   2805.493	    2805.493	     -5.670	      0.000	     -0.003
  16.000	    460.459	   2805.461	    2805.461	     -5.112	      0.000	     -0.002
  16.200	    460.429	   2805.432	    2805.432	     -5.059	      0.000	     -0.002
  16.400	    460.402	   2805.404	    2805.404	     -4.820	      0.000	     -0.002
  16.600	    460.375	   2805.377	    2805.377	     -4.365	      0.000	     -0.002
  16.800	    460.350	   2805.351	    2805.351	     -4.072	      0.000	     -0.001
  17.000	    460.326	   2805.328	    2805.328	     -3.971	      0.000	     -0.001
  17.200	    460.304	   2805.305	    2805.305	     -3.968	      0.000	     -0.001
  17.400	    460.283	   2805.284	    2805.284	     -3.460	      0.000	     -0.001
  17.600	    460.263	   2805.264	    2805.264	     -3.114	      0.000	     -0.001
  17.800	    460.245	   2805.246	    2805.246	     -2.937	      0.000	     -0.001
  18.000	    460.230	   2805.230	    2805.230	     -2.648	      0.000	     -0.001
  18.200	    460.216	   2805.217	    2805.217	     -2.184	      0.000	     -0.000
  18.400	    460.205	   2805.205	    2805.205	     -1.608	      0.000	     -0.000
  18.600	    460.195	   2805.195	    2805.195	     -1.403	      0.000	     -0.000
  18.800	    460.187	   2805.187	    2805.187	     -1.381	      0.000	     -0.000
  19.000	    460.180	   2805.180	    2805.180	     -1.191	      0.000	     -0.000
  19.200	    460.175	   2805.175	    2805.175	     -0.805	      0.000	     -0.000
  19.400	    460.170	   2805.170	    2805.170	     -0.584	      0.000	     -0.000
  19.600	    460.166	   2805.166	    2805.166	     -0.852	      0.000	     -0.000
  19.800	    460.162	   2805.162	    2805.162	     -0.648	      0.000	     -0.000
  20.000	    460.160	   2805.160	    2805.160	     -0.228	      0.000	     -0.000
  20.200	    460.158	   2805.158	    2805.158	     -0.040	      0.000	     -0.000
  20.400	    460.158	   2805.158	    2805.158	     -0.036	      0.000	     -0.000
  20.600	    460.159	   2805.159	    2805.159	      0.059	      0.000	      0.000
  20.800	    460.161	   2805.161	    2805.161	      0.629	      0.000	      0.000
  21.000	    460.164	   2805.164	    2805.164	      0.681	      0.000	      0.000
  21.200	    460.168	   2805.168	    2805.168	      0.721	      0.000	      0.000
  21.400	    460.171	   2805.171	    2805.171	      0.550	      0.000	      0.000
  21.600	    460.175	   2805.175	    2805.175	      0.542	      0.000	      0.000
  21.800	    460.179	   2805.179	    2805.179	      0.724	      0.000	      0.000
  22.000	    460.182	   2805.182	    2805.182	      0.440	      0.000	      0.000
  22.200	    460.184	   2805.184	    2805.184	      0.286	      0.000	      0.000
  22.400	    460.187	   2805.187	    2805.187	      0.271	      0.000	      0.000
  22.600	    460.189	   2805.189	    2805.189	      0.440	      0.000	      0.000
  22.800	    460.191	   2805.191	    2805.191	      0.409	      0.000	      0.000
  23.000	    460.192	   2805.192	    2805.192	      0.190	      0.000	      0.000
  23.200	    460.194	   2805.194	    2805.194	      0.345	      0.000	      0.000
  23.400	    460.196	   2805.196	    2805.196	      0.357	      0.000	      0.000
  23.600	    460.197	   2805.197	    2805.197	      0.199	      0.000	      0.000
  23.800	    460.197	   2805.197	    2805.197	      0.048	      0.000	      0.000
  24.000	    460.197	   2805.197	    2805.197	     -0.354	      0.000	     -0.000
  24.200	    460.195	   2805.195	    2805.195	     -0.495	      0.000	     -0.000
  24.400	    460.192	   2805.192	    2805.192	     -0.488	      0.000	     -0.000
  24.600	    460.187	   2805.187	    2805.187	     -0.881	      0.000	     -0.000
  24.800	    460.180	   2805.181	    2805.181	     -1.187	      0.000	     -0.000
  25.000	    460.174	   2805.174	    2805.174	     -1.319	      0.000	     -0.000
  25.200	    460.166	   2805.166	    2805.166	     -1.290	      0.000	     -0.000
  25.400	    460.158	   2805.158	    2805.158	     -1.436	      0.000	     -0.000
  25.600	    460.148	   2805.148	    2805.148	     -1.757	      0.000	     -0.000
  25.800	    460.139	   2805.140	    2805.140	     -1.698	      0.000	     -0.000
  26.000	    460.129	   2805.130	    2805.130	     -1.774	      0.000	     -0.000
  26.200	    460.118	   2805.118	    2805.118	     -1.973	      0.000	     -0.000
  26.400	    460.105	   2805.105	    2805.105	     -2.137	      0.000	     -0.000
  26.600	    460.091	   2805.092	    2805.092	     -2.508	      0.000	     -0.001
  26.800	    460.077	   2805.077	    2805.077	     -2.680	      0.000	     -0.001
  27.000	    460.060	   2805.061	    2805.061	     -2.901	      0.000	     -0.001
  27.200	    460.042	   2805.043	    2805.043	     -2.934	      0.000	     -0.001
  27.400	    460.024	   2805.025	    2805.025	     -3.201	      0.000	     -0.001
  27.600	    460.006	   2805.007	    2805.007	     -3.280	      0.000	     -0.001
  27.800	    459.987	   2804.988	    2804.988	     -3.185	      0.000	     -0.001
  28.000	    459.968	   2804.969	    2804.969	     -3.223	      0.000	     -0.001
  28.200	    459.949	   2804.950	    2804.950	     -3.188	      0.000	     -0.001
  28.400	    459.931	   2804.932	    2804.932	     -3.295	      0.000	     -0.001
  28.600	    459.912	   2804.913	    2804.913	     -3.212	      0.000	     -0.001
  28.800	    459.893	   2804.894	    2804.894	     -3.226	      0.000	     -0.001
  29.000	    459.873	   2804.874	    2804.874	     -3.222	      0.000	     -0.001
  29.200	    459.854	   2804.855	    2804.855	     -3.399	      0.000	     -0.001
  29.400	    459.833	   2804.835	    2804.835	     -3.644	      0.000	     -0.001
  29.600	    459.813	   2804.814	    2804.814	     -3.362	      0.000	     -0.001
  29.800	    459.794	   2804.794	    2804.794	     -3.218	      0.000	     -0.001
  30.000	    459.775	   2804.776	    2804.776	     -3.235	      0.000	     -0.001
  30.200	    459.757	   2804.758	    2804.758	     -3.121	      0.000	     -0.001
  30.400	    459.740	   2804.740	    2804.740	     -2.802	      0.000	     -0.001
  30.600	    459.724	   2804.725	    2804.725	     -2.359	      0.000	     -0.000
  30.800	    459.710	   2804.711	    2804.711	     -2.418	      0.000	     -0.001
  31.000	    459.697	   2804.697	    2804.697	     -2.305	      0.000	     -0.000
  31.200	    459.685	   2804.685	    2804.685	     -2.001	      0.000	     -0.000
  31.400	    459.673	   2804.673	    2804.673	     -1.791	      0.000	     -0.000
  31.600	    459.663	   2804.663	    2804.663	     -1.556	      0.000	     -0.000
  31.800	    459.653	   2804.653	    2804.653	     -1.782	      0.000	     -0.000
  32.000	    459.644	   2804.645	    2804.645	     -1.517	      0.000	     -0.000
  32.200	    459.637	   2804.637	    2804.637	     -0.988	      0.000	     -0.000
  32.400	    459.632	   2804.632	    2804.632	     -0.667	      0.000	     -0.000
  32.600	    459.628	   2804.628	    2804.628	     -0.518	      0.000	     -0.000
  32.800	    459.627	   2804.627	    2804.627	     -0.260	      0.000	     -0.000
  33.000	    459.627	   2804.627	    2804.627	      0.491	      0.000	      0.000
  33.200	    459.630	   2804.630	    2804.630	      0.757	      0.000	      0.000
  33.400	    459.635	   2804.635	    2804.635	      0.858	      0.000	      0.000
  33.600	    459.641	   2804.641	    2804.641	      1.099	      0.000	      0.000
  33.800	    459.649	   2804.649	    2804.649	      1.519	      0.000	      0.000
  34.000	    459.659	   2804.658	    2804.658	      1.831	      0.000	      0.000
  34.200	    459.669	   2804.669	    2804.669	      1.876	      0.000	      0.000
  34.400	    459.681	   2804.680	    2804.680	      2.037	      0.000	      0.000
  34.600	    459.694	   2804.694	    2804.694	      2.358	      0.000	      0.000
  34.800	    459.710	   2804.709	    2804.709	      2.889	      0.000	      0.001
  35.000	    459.728	   2804.727	    2804.727	      3.231	      0.000	      0.001
  35.200	    459.747	   2804.746	    2804.746	      3.376	      0.000	      0.001
  35.400	    459.768	   2804.767	    2804.767	      3.893	      0.000	      0.001
  35.600	    459.793	   2804.791	    2804.791	      4.261	      0.000	      0.002
  35.800	    459.818	   2804.816	    2804.816	      4.472	      0.000	      0.002
  36.000	    459.844	   2804.842	    2804.842	      4.507	      0.000	      0.002
  36.200	    459.871	   2804.869	    2804.869	      4.617	      0.000	      0.002
  36.400	    459.900	   2804.898	    2804.898	      4.967	      0.000	      0.002
  36.600	    459.929	   2804.927	    2804.927	      5.142	      0.000	      0.002
  36.800	    459.957	   2804.955	    2804.955	      5.091	      0.000	      0.002
  37.000	    459.987	   2804.985	    2804.985	      5.085	      0.000	      0.002
  37.200	    460.018	   2805.016	    2805.016	      5.242	      0.000	      0.002
  37.400	    460.050	   2805.047	    2805.047	      5.560	      0.000	      0.003
  37.600	    460.082	   2805.080	    2805.080	      5.689	      0.000	      0.003
  37.800	    460.115	   2805.112	    2805.112	      5.607	      0.000	      0.003
  38.000	    460.150	   2805.147	    2805.147	      5.866	      0.000	      0.003
  38.200	    460.185	   2805.182	    2805.182	      5.984	      0.000	      0.003
  38.400	    460.219	   2805.216	    2805.216	      5.960	      0.000	      0.003
  38.600	    460.253	   2805.250	    2805.250	      5.771	      0.000	      0.003
  38.800	    460.287	   2805.284	    2805.284	      5.669	      0.000	      0.003
  39.000	    460.321	   2805.318	    2805.318	      5.734	      0.000	      0.003
  39.200	    460.352	   2805.350	    2805.350	      5.419	      0.000	      0.003
  39.400	    460.383	   2805.380	    2805.380	      5.411	      0.000	      0.003
  39.600	    460.413	   2805.411	    2805.411	      5.120	      0.000	      0.002
  39.800	    460.444	   2805.441	    2805.441	      4.988	      0.000	      0.002
  40.000	    460.473	   2805.471	    2805.471	      5.017	      0.000	      0.002
  40.200	    460.501	   2805.499	    2805.499	      4.883	      0.000	      0.002
  40.400	    460.529	   2805.527	    2805.527	      4.769	      0.000	      0.002
  40.600	    460.557	   2805.555	    2805.555	      4.489	      0.000	      0.002
  40.800	    460.583	   2805.581	    2805.581	      4.382	      0.000	      0.002
  41.000	    460.607	   2805.606	    2805.606	      4.154	      0.000	      0.002
  41.200	    460.630	   2805.628	    2805.628	      3.747	      0.000	      0.001
  41.400	    460.651	   2805.650	    2805.650	      3.457	      0.000	      0.001
  41.600	    460.670	   2805.669	    2805.669	      3.085	      0.000	      0.001
  41.800	    460.687	   2805.686	    2805.686	      2.894	      0.000	      0.001
  42.000	    460.703	   2805.702	    2805.702	      2.712	      0.000	      0.001
  42.200	    460.717	   2805.717	    2805.717	      2.320	      0.000	      0.000
  42.400	    460.730	   2805.730	    2805.730	      2.047	      0.000	      0.000
  42.600	    460.742	   2805.742	    2805.742	      1.972	      0.000	      0.000
  42.800	    460.753	   2805.753	    2805.753	      1.989	      0.000	      0.000
  43.000	    460.763	   2805.763	    2805.763	      1.497	      0.000	      0.000
  43.200	    460.771	   2805.771	    2805.771	      1.166	      0.000	      0.000
  43.400	    460.778	   2805.778	    2805.778	      1.032	      0.000	      0.000
  43.600	    460.783	   2805.783	    2805.783	      0.805	      0.000	      0.000
  43.800	    460.786	   2805.786	    2805.786	      0.430	      0.000	      0.000
  44.000	    460.788	   2805.788	    2805.788	     -0.068	      0.000	     -0.000
  44.200	    460.788	   2805.788	    2805.788	     -0.095	      0.000	     -0.000
  44.400	    460.786	   2805.786	    2805.786	     -0.163	      0.000	     -0.000
  44.600	    460.784	   2805.784	    2805.784	     -0.271	      0.000	     -0.000
  44.800	    460.782	   2805.782	    2805.782	     -0.563	      0.000	     -0.000
  45.000	    460.779	   2805.779	    2805.779	     -0.722	      0.000	     -0.000
  45.200	    460.775	   2805.775	    2805.775	     -0.390	      0.000	     -0.000
  45.400	    460.772	   2805.772	    2805.772	     -0.505	      0.000	     -0.000
  45.600	    460.768	   2805.768	    2805.768	     -0.778	      0.000	     -0.000
  45.800	    460.764	   2805.764	    2805.764	     -0.896	      0.000	     -0.000
  46.000	    460.759	   2805.759	    2805.759	     -0.804	      0.000	     -0.000
  46.200	    460.754	   2805.754	    2805.754	     -0.793	      0.000	     -0.000
  46.400	    460.749	   2805.749	    2805.749	     -1.183	      0.000	     -0.000
  46.600	    460.742	   2805.742	    2805.742	     -1.124	      0.000	     -0.000
  46.800	    460.737	   2805.737	    2805.737	     -0.887	      0.000	     -0.000
  47.000	    460.732	   2805.732	    2805.732	     -0.716	      0.000	     -0.000
  47.200	    460.727	   2805.727	    2805.727	     -0.544	      0.000	     -0.000
  47.400	    460.724	   2805.724	    2805.724	     -0.568	      0.000	     -0.000
  47.600	    460.722	   2805.722	    2805.722	     -0.203	      0.000	     -0.000
  47.800	    460.722	   2805.722	    2805.722	      0.080	      0.000	      0.000
  48.000	    460.722	   2805.722	    2805.722	      0.242	      0.000	      0.000
  48.200	    460.723	   2805.723	    2805.723	      0.253	      0.000	      0.000
  48.400	    460.726	   2805.726	    2805.726	      0.377	      0.000	      0.000
  48.600	    460.729	   2805.729	    2805.729	      0.777	      0.000	      0.000
  48.800	    460.734	   2805.734	    2805.734	      1.040	      0.000	      0.000
  49.000	    460.739	   2805.739	    2805.739	      0.959	      0.000	      0.000
  49.200	    460.746	   2805.746	    2805.746	      1.240	      0.000	      0.000
  49.400	    460.755	   2805.755	    2805.755	      1.705	      0.000	      0.000
  49.600	    460.766	   2805.765	    2805.765	      2.059	      0.000	      0.000
  49.800	    460.778	   2805.778	    2805.778	      2.413	      0.000	      0.000
  50.000	    460.793	   2805.792	    2805.792	      2.551	      0.000	      0.001
  50.200	    460.811	   2805.810	    2805.810	      3.039	      0.000	      0.001
  50.400	    460.830	   2805.829	    2805.829	      3.450	      0.000	      0.001
  50.600	    460.851	   2805.849	    2805.849	      3.743	      0.000	      0.001
  50.800	    460.873	   2805.871	    2805.871	      3.877	      0.000	      0.001
  51.000	    460.897	   2805.895	    2805.895	      4.112	      0.000	      0.001
  51.200	    460.923	   2805.921	    2805.921	      4.546	      0.000	      0.002
  51.400	    460.949	   2805.947	    2805.947	      4.647	      0.000	      0.002
  51.600	    460.976	   2805.974	    2805.974	      4.875	      0.000	      0.002
  51.800	    461.006	   2806.004	    2806.004	      5.148	      0.000	      0.002
  52.000	    461.038	   2806.036	    2806.036	      5.581	      0.000	      0.003
  52.200	    461.072	   2806.069	    2806.069	      5.876	      0.000	      0.003
  52.400	    461.106	   2806.103	    2806.103	      6.168	      0.000	      0.003
  52.600	    461.144	   2806.140	    2806.140	      6.421	      0.000	      0.004
  52.800	    461.182	   2806.179	    2806.179	      6.538	      0.000	      0.004
  53.000	    461.222	   2806.218	    2806.218	      6.840	      0.000	      0.004
  53.200	    461.262	   2806.258	    2806.258	      7.017	      0.000	      0.004
  53.400	    461.303	   2806.298	    2806.298	      6.990	      0.000	      0.004
  53.600	    461.345	   2806.340	    2806.340	      7.070	      0.000	      0.004
  53.800	    461.386	   2806.382	    2806.382	      7.090	      0.000	      0.004
  54.000	    461.428	   2806.423	    2806.423	      7.249	      0.000	      0.005
  54.200	    461.470	   2806.465	    2806.465	      7.234	      0.000	      0.005
  54.400	    461.513	   2806.508	    2806.508	      7.297	      0.000	      0.005
  54.600	    461.556	   2806.551	    2806.551	      7.460	      0.000	      0.005
  54.800	    461.600	   2806.595	    2806.595	      7.512	      0.000	      0.005
  55.000	    461.644	   2806.639	    2806.639	      7.758	      0.000	      0.005
  55.200	    461.688	   2806.683	    2806.683	      7.470	      0.000	      0.005
  55.400	    461.732	   2806.727	    2806.727	      7.325	      0.000	      0.005
  55.600	    461.775	   2806.770	    2806.770	      7.355	      0.000	      0.005
  55.800	    461.817	   2806.812	    2806.812	      7.257	      0.000	      0.005
  56.000	    461.858	   2806.853	    2806.853	      6.969	      0.000	      0.004
  56.200	    461.897	   2806.894	    2806.894	      6.551	      0.000	      0.004
  56.400	    461.936	   2806.932	    2806.932	      6.559	      0.000	      0.004
  56.600	    461.973	   2806.970	    2806.970	      6.491	      0.000	      0.004
  56.800	    462.010	   2807.007	    2807.007	      6.195	      0.000	      0.003
  57.000	    462.046	   2807.043	    2807.043	      5.980	      0.000	      0.003
  57.200	    462.081	   2807.078	    2807.078	      5.866	      0.000	      0.003
  57.400	    462.114	   2807.111	    2807.111	      5.892	      0.000	      0.003
  57.600	    462.147	   2807.144	    2807.144	      5.627	      0.000	      0.003
  57.800	    462.178	   2807.176	    2807.176	      5.146	      0.000	      0.002
  58.000	    462.207	   2807.205	    2807.205	      4.804	      0.000	      0.002
  58.200	    462.235	   2807.233	    2807.233	      4.658	      0.000	      0.002
  58.400	    462.261	   2807.259	    2807.259	      4.403	      0.000	      0.002
  58.600	    462.284	   2807.283	    2807.283	      3.740	      0.000	      0.001
  58.800	    462.306	   2807.305	    2807.305	      3.467	      0.000	      0.001
  59.000	    462.326	   2807.325	    2807.325	      3.361	      0.000	      0.001
  59.200	    462.344	   2807.343	    2807.343	      3.165	      0.000	      0.001
  59.400	    462.361	   2807.361	    2807.361	      2.798	      0.000	      0.001
  59.600	    462.377	   2807.377	    2807.377	      2.520	      0.000	      0.001
  59.800	    462.392	   2807.391	    2807.391	      2.587	      0.000	      0.001
  60.000	    462.406	   2807.405	    2807.405	      2.311	      0.000	      0.000
  60.200	    462.418	   2807.417	    2807.417	      2.058	      0.000	      0.000
  60.400	    462.428	   2807.428	    2807.428	      1.609	      0.000	      0.000
  60.600	    462.437	   2807.437	    2807.437	      1.282	      0.000	      0.000
  60.800	    462.445	   2807.445	    2807.445	      1.227	      0.000	      0.000
  61.000	    462.451	   2807.451	    2807.451	      1.042	      0.000	      0.000
  61.200	    462.454	   2807.454	    2807.454	      0.530	      0.000	      0.000
  61.400	    462.458	   2807.458	    2807.458	      0.360	      0.000	      0.000
  61.600	    462.460	   2807.460	    2807.460	      0.388	      0.000	      0.000
  61.800	    462.462	   2807.462	    2807.462	      0.317	      0.000	      0.000
  62.000	    462.463	   2807.463	    2807.463	      0.094	      0.000	      0.000
  62.200	    462.463	   2807.463	    2807.463	     -0.035	      0.000	     -0.000
  62.400	    462.464	   2807.464	    2807.464	      0.171	      0.000	      0.000
  62.600	    462.465	   2807.465	    2807.465	      0.070	      0.000	      0.000
  62.800	    462.464	   2807.464	    2807.464	      0.020	      0.000	      0.000
  63.000	    462.464	   2807.464	    2807.464	     -0.197	      0.000	     -0.000
  63.200	    462.463	   2807.463	    2807.463	     -0.278	      0.000	     -0.000
  63.400	    462.462	   2807.462	    2807.462	     -0.121	      0.000	     -0.000
  63.600	    462.460	   2807.460	    2807.460	     -0.245	      0.000	     -0.000
  63.800	    462.458	   2807.458	    2807.458	     -0.271	      0.000	     -0.000
  64.000	    462.457	   2807.457	    2807.457	     -0.213	      0.000	     -0.000
  64.200	    462.457	   2807.457	    2807.457	      0.043	      0.000	      0.000
  64.400	    462.457	   2807.457	    2807.457	      0.199	      0.000	      0.000
  64.600	    462.458	   2807.458	    2807.458	      0.231	      0.000	      0.000
  64.800	    462.461	   2807.461	    2807.461	      0.524	      0.000	      0.000
  65.000	    462.465	   2807.465	    2807.465	      0.732	      0.000	      0.000
  65.200	    462.469	   2807.469	    2807.469	      0.891	      0.000	      0.000
  65.400	    462.475	   2807.475	    2807.475	      1.091	      0.000	      0.000
  65.600	    462.481	   2807.481	    2807.481	      1.087	      0.000	      0.000
  65.800	    462.488	   2807.488	    2807.488	      1.235	      0.000	      0.000
  66.000	    462.496	   2807.496	    2807.496	      1.401	      0.000	      0.000
  66.200	    462.505	   2807.504	    2807.504	      1.703	      0.000	      0.000
  66.400	    462.515	   2807.515	    2807.515	      1.846	      0.000	      0.000
  66.600	    462.527	   2807.527	    2807.527	      2.092	      0.000	      0.000
  66.800	    462.541	   2807.540	    2807.540	      2.478	      0.000	      0.001
  67.000	    462.556	   2807.555	    2807.555	      2.772	      0.000	      0.001
  67.200	    462.573	   2807.572	    2807.572	      3.107	      0.000	      0.001
  67.400	    462.592	   2807.591	    2807.591	      3.245	      0.000	      0.001
  67.600	    462.612	   2807.611	    2807.611	      3.543	      0.000	      0.001
  67.800	    462.633	   2807.632	    2807.632	      3.773	      0.000	      0.001
  68.000	    462.656	   2807.654	    2807.654	      4.029	      0.000	      0.001
  68.200	    462.679	   2807.678	    2807.678	      4.076	      0.000	      0.001
  68.400	    462.704	   2807.702	    2807.702	      4.047	      0.000	      0.001
  68.600	    462.729	   2807.727	    2807.727	      4.441	      0.000	      0.002
  68.800	    462.756	   2807.754	    2807.754	      4.753	      0.000	      0.002
  69.000	    462.783	   2807.781	    2807.781	      4.831	      0.000	      0.002
  69.200	    462.813	   2807.811	    2807.811	      4.995	      0.000	      0.002
  69.400	    462.843	   2807.841	    2807.841	      5.280	      0.000	      0.002
  69.600	    462.875	   2807.872	    2807.872	      5.676	      0.000	      0.003
  69.800	    462.908	   2807.905	    2807.905	      5.653	      0.000	      0.003
  70.000	    462.942	   2807.939	    2807.939	      5.684	      0.000	      0.003
  70.200	    462.976	   2807.973	    2807.973	      5.845	      0.000	      0.003
  70.400	    463.010	   2808.007	    2808.007	      5.929	      0.000	      0.003
  70.600	    463.044	   2808.041	    2808.041	      6.020	      0.000	      0.003
  70.800	    463.078	   2808.075	    2808.075	      5.684	      0.000	      0.003
  71.000	    463.112	   2808.109	    2808.109	      5.712	      0.000	      0.003
  71.200	    463.147	   2808.143	    2808.143	      5.902	      0.000	      0.003
  71.400	    463.181	   2808.178	    2808.178	      5.978	      0.000	      0.003
  71.600	    463.215	   2808.212	    2808.212	      5.843	      0.000	      0.003
  71.800	    463.249	   2808.246	    2808.246	      5.770	      0.000	      0.003
  72.000	    463.284	   2808.281	    2808.281	      6.010	      0.000	      0.003
  72.200	    463.318	   2808.315	    2808.315	      5.912	      0.000	      0.003
  72.400	    463.351	   2808.349	    2808.349	      5.644	      0.000	      0.003
  72.600	    463.384	   2808.381	    2808.381	      5.439	      0.000	      0.003
  72.800	    463.416	   2808.413	    2808.413	      5.335	      0.000	      0.003
  73.000	    463.446	   2808.444	    2808.444	      5.215	      0.000	      0.002
  73.200	    463.475	   2808.473	    2808.473	      5.067	      0.000	      0.002
  73.400	    463.502	   2808.501	    2808.501	      4.562	      0.000	      0.002
  73.600	    463.529	   2808.527	    2808.527	      4.347	      0.000	      0.002
  73.800	    463.554	   2808.553	    2808.553	      4.317	      0.000	      0.002
  74.000	    463.578	   2808.577	    2808.577	      4.165	      0.000	      0.002
  74.200	    463.601	   2808.600	    2808.600	      3.808	      0.000	      0.001
  74.400	    463.623	   2808.622	    2808.622	      3.523	      0.000	      0.001
  74.600	    463.644	   2808.643	    2808.643	      3.553	      0.000	      0.001
  74.800	    463.664	   2808.663	    2808.663	      3.265	      0.000	      0.001
  75.000	    463.681	   2808.680	    2808.680	      2.845	      0.000	      0.001
  75.200	    463.697	   2808.696	    2808.696	      2.515	      0.000	      0.001
  75.400	    463.711	   2808.711	    2808.711	      2.298	      0.000	      0.000
  75.600	    463.723	   2808.723	    2808.723	      2.037	      0.000	      0.000
  75.800	    463.733	   2808.733	    2808.733	      1.639	      0.000	      0.000
  76.000	    463.741	   2808.741	    2808.741	      1.274	      0.000	      0.000
  76.200	    463.748	   2808.748	    2808.748	      0.976	      0.000	      0.000
  76.400	    463.754	   2808.754	    2808.754	      0.888	      0.000	      0.000
  76.600	    463.758	   2808.758	    2808.758	      0.690	      0.000	      0.000
  76.800	    463.761	   2808.761	    2808.761	      0.317	      0.000	      0.000
  77.000	    463.763	   2808.763	    2808.763	      0.185	      0.000	      0.000
  77.200	    463.764	   2808.764	    2808.764	      0.024	      0.000	      0.000
  77.400	    463.763	   2808.763	    2808.763	     -0.216	      0.000	     -0.000
  77.600	    463.760	   2808.760	    2808.760	     -0.560	      0.000	     -0.000
  77.800	    463.757	   2808.757	    2808.757	     -0.815	      0.000	     -0.000
  78.000	    463.752	   2808.752	    2808.752	     -0.933	      0.000	     -0.000
  78.200	    463.745	   2808.745	    2808.745	     -1.262	      0.000	     -0.000
  78.400	    463.737	   2808.737	    2808.737	     -1.316	      0.000	     -0.000
  78.600	    463.728	   2808.728	    2808.728	     -1.570	      0.000	     -0.000
  78.800	    463.719	   2808.719	    2808.719	     -1.707	      0.000	     -0.000
  79.000	    463.710	   2808.710	    2808.710	     -1.642	      0.000	     -0.000
  79.200	    463.699	   2808.700	    2808.700	     -1.661	      0.000	     -0.000
  79.400	    463.689	   2808.690	    2808.690	     -1.687	      0.000	     -0.000
  79.600	    463.679	   2808.680	    2808.680	     -1.840	      0.000	     -0.000
  79.800	    463.669	   2808.669	    2808.669	     -1.787	      0.000	     -0.000
  80.000	    463.658	   2808.658	    2808.658	     -1.820	      0.000	     -0.000
