    时间	    汇点水头	    大井水位	    升管水位	    大井流量	    升管流量	    底板压差
   0.000	     -0.082	   2344.918	    2344.918	      0.000	      0.000	      0.000
   0.200	     -0.083	   2344.917	    2344.917	     -0.122	      0.000	     -0.000
   0.400	     -0.083	   2344.917	    2344.917	      0.123	      0.000	      0.000
   0.600	     -0.082	   2344.918	    2344.918	      0.021	      0.000	      0.000
   0.800	     -0.082	   2344.918	    2344.918	     -0.020	      0.000	     -0.000
   1.000	     -0.082	   2344.918	    2344.918	     -0.017	      0.000	     -0.000
   1.200	     -0.083	   2344.917	    2344.917	      0.033	      0.000	      0.000
   1.400	     -0.082	   2344.918	    2344.918	      0.147	      0.000	      0.000
   1.600	     -0.082	   2344.918	    2344.918	     -0.077	      0.000	     -0.000
   1.800	     -0.082	   2344.918	    2344.918	      0.050	      0.000	      0.000
   2.000	     -0.081	   2344.919	    2344.919	      0.222	      0.000	      0.000
   2.200	     -0.080	   2344.920	    2344.920	      0.018	      0.000	      0.000
   2.400	     -0.079	   2344.921	    2344.921	      0.165	      0.000	      0.000
   2.600	     -0.077	   2344.923	    2344.923	      0.262	      0.000	      0.000
   2.800	     -0.075	   2344.925	    2344.925	      0.427	      0.000	      0.000
   3.000	     -0.072	   2344.928	    2344.928	      0.358	      0.000	      0.000
   3.200	     -0.069	   2344.931	    2344.931	      0.345	      0.000	      0.000
   3.400	     -0.065	   2344.935	    2344.935	      0.681	      0.000	      0.000
   3.600	     -0.060	   2344.940	    2344.940	      0.697	      0.000	      0.000
   3.800	     -0.054	   2344.945	    2344.945	      0.798	      0.000	      0.000
   4.000	     -0.047	   2344.952	    2344.952	      1.095	      0.000	      0.000
   4.200	     -0.039	   2344.961	    2344.961	      1.174	      0.000	      0.000
   4.400	     -0.029	   2344.971	    2344.971	      1.336	      0.000	      0.000
   4.600	     -0.018	   2344.982	    2344.982	      1.464	      0.000	      0.000
   4.800	     -0.004	   2344.995	    2344.995	      1.948	      0.000	      0.001
   5.000	      0.012	   2345.011	    2345.011	      2.211	      0.000	      0.001
   5.200	      0.029	   2345.028	    2345.028	      2.270	      0.000	      0.001
   5.400	      0.049	   2345.047	    2345.047	      2.686	      0.000	      0.001
   5.600	      0.072	   2345.070	    2345.070	      3.057	      0.000	      0.001
   5.800	      0.097	   2345.095	    2345.095	      3.379	      0.000	      0.002
   6.000	      0.125	   2345.123	    2345.123	      3.761	      0.000	      0.002
   6.200	      0.157	   2345.154	    2345.154	      4.220	      0.000	      0.003
   6.400	      0.192	   2345.189	    2345.189	      4.765	      0.000	      0.004
   6.600	      0.231	   2345.227	    2345.227	      5.012	      0.000	      0.004
   6.800	      0.273	   2345.268	    2345.268	      5.625	      0.000	      0.005
   7.000	      0.321	   2345.314	    2345.314	      6.289	      0.000	      0.006
   7.200	      0.372	   2345.365	    2345.365	      6.759	      0.000	      0.007
   7.400	      0.428	   2345.419	    2345.419	      7.315	      0.000	      0.008
   7.600	      0.488	   2345.478	    2345.478	      7.961	      0.000	      0.010
   7.800	      0.555	   2345.543	    2345.543	      8.699	      0.000	      0.012
   8.000	      0.626	   2345.613	    2345.613	      9.201	      0.000	      0.013
   8.200	      0.701	   2345.686	    2345.686	      9.756	      0.000	      0.015
   8.400	      0.784	   2345.766	    2345.766	     10.628	      0.000	      0.018
   8.600	      0.871	   2345.851	    2345.851	     11.214	      0.000	      0.020
   8.800	      0.963	   2345.940	    2345.940	     11.880	      0.000	      0.022
   9.000	      1.060	   2346.036	    2346.036	     12.629	      0.000	      0.025
   9.200	      1.164	   2346.136	    2346.136	     13.327	      0.000	      0.028
   9.400	      1.274	   2346.243	    2346.243	     13.966	      0.000	      0.031
   9.600	      1.387	   2346.354	    2346.354	     14.555	      0.000	      0.033
   9.800	      1.508	   2346.470	    2346.470	     15.531	      0.000	      0.038
  10.000	      1.634	   2346.593	    2346.593	     16.140	      0.000	      0.041
  10.200	      1.764	   2346.720	    2346.720	     16.601	      0.000	      0.043
  10.400	      1.900	   2346.853	    2346.853	     17.348	      0.000	      0.047
  10.600	      2.041	   2346.990	    2346.990	     18.034	      0.000	      0.051
  10.800	      2.188	   2347.133	    2347.133	     18.704	      0.000	      0.055
  11.000	      2.338	   2347.280	    2347.280	     19.163	      0.000	      0.058
  11.200	      2.492	   2347.431	    2347.431	     19.754	      0.000	      0.061
  11.400	      2.652	   2347.587	    2347.587	     20.379	      0.000	      0.065
  11.600	      2.814	   2347.747	    2347.747	     20.663	      0.000	      0.067
  11.800	      2.980	   2347.910	    2347.910	     21.224	      0.000	      0.071
  12.000	      3.151	   2348.077	    2348.077	     21.756	      0.000	      0.074
  12.200	      3.323	   2348.247	    2348.247	     22.040	      0.000	      0.076
  12.400	      3.499	   2348.420	    2348.420	     22.371	      0.000	      0.079
  12.600	      3.676	   2348.595	    2348.595	     22.654	      0.000	      0.081
  12.800	      3.857	   2348.773	    2348.773	     23.120	      0.000	      0.084
  13.000	      4.038	   2348.953	    2348.953	     23.211	      0.000	      0.085
  13.200	      4.219	   2349.134	    2349.134	     23.280	      0.000	      0.085
  13.400	      4.404	   2349.316	    2349.316	     23.662	      0.000	      0.088
  13.600	      4.588	   2349.500	    2349.500	     23.585	      0.000	      0.088
  13.800	      4.771	   2349.683	    2349.683	     23.603	      0.000	      0.088
  14.000	      4.954	   2349.867	    2349.867	     23.578	      0.000	      0.088
  14.200	      5.137	   2350.050	    2350.050	     23.564	      0.000	      0.087
  14.400	      5.320	   2350.233	    2350.233	     23.491	      0.000	      0.087
  14.600	      5.498	   2350.414	    2350.414	     23.107	      0.000	      0.084
  14.800	      5.677	   2350.593	    2350.593	     23.089	      0.000	      0.084
  15.000	      5.854	   2350.772	    2350.772	     22.802	      0.000	      0.082
  15.200	      6.025	   2350.947	    2350.947	     22.283	      0.000	      0.078
  15.400	      6.196	   2351.120	    2351.120	     21.994	      0.000	      0.076
  15.600	      6.363	   2351.289	    2351.289	     21.581	      0.000	      0.073
  15.800	      6.526	   2351.456	    2351.456	     21.186	      0.000	      0.071
  16.000	      6.685	   2351.618	    2351.618	     20.551	      0.000	      0.067
  16.200	      6.838	   2351.775	    2351.775	     19.957	      0.000	      0.063
  16.400	      6.989	   2351.929	    2351.929	     19.522	      0.000	      0.060
  16.600	      7.133	   2352.078	    2352.078	     18.655	      0.000	      0.055
  16.800	      7.271	   2352.220	    2352.220	     18.035	      0.000	      0.051
  17.000	      7.406	   2352.358	    2352.358	     17.437	      0.000	      0.048
  17.200	      7.532	   2352.489	    2352.489	     16.514	      0.000	      0.043
  17.400	      7.654	   2352.615	    2352.615	     15.679	      0.000	      0.039
  17.600	      7.767	   2352.733	    2352.733	     14.734	      0.000	      0.034
  17.800	      7.876	   2352.845	    2352.845	     14.073	      0.000	      0.031
  18.000	      7.978	   2352.951	    2352.951	     13.102	      0.000	      0.027
  18.200	      8.070	   2353.047	    2353.047	     11.959	      0.000	      0.023
  18.400	      8.157	   2353.137	    2353.137	     11.170	      0.000	      0.020
  18.600	      8.236	   2353.220	    2353.220	     10.067	      0.000	      0.016
  18.800	      8.307	   2353.294	    2353.294	      9.029	      0.000	      0.013
  19.000	      8.371	   2353.361	    2353.361	      7.975	      0.000	      0.010
  19.200	      8.426	   2353.418	    2353.418	      6.929	      0.000	      0.008
  19.400	      8.474	   2353.469	    2353.469	      5.916	      0.000	      0.006
  19.600	      8.513	   2353.510	    2353.510	      4.635	      0.000	      0.003
  19.800	      8.544	   2353.542	    2353.542	      3.684	      0.000	      0.002
  20.000	      8.568	   2353.567	    2353.567	      2.654	      0.000	      0.001
  20.200	      8.582	   2353.582	    2353.582	      1.347	      0.000	      0.000
  20.400	      8.588	   2353.588	    2353.588	      0.305	      0.000	      0.000
  20.600	      8.586	   2353.586	    2353.586	     -0.745	      0.000	     -0.000
  20.800	      8.576	   2353.576	    2353.576	     -1.819	      0.000	     -0.001
  21.000	      8.556	   2353.557	    2353.557	     -3.026	      0.000	     -0.001
  21.200	      8.526	   2353.529	    2353.529	     -4.188	      0.000	     -0.003
  21.400	      8.489	   2353.493	    2353.493	     -5.049	      0.000	     -0.004
  21.600	      8.443	   2353.449	    2353.449	     -6.236	      0.000	     -0.006
  21.800	      8.388	   2353.396	    2353.396	     -7.288	      0.000	     -0.008
  22.000	      8.325	   2353.335	    2353.335	     -8.211	      0.000	     -0.011
  22.200	      8.254	   2353.267	    2353.267	     -9.293	      0.000	     -0.013
  22.400	      8.175	   2353.191	    2353.191	    -10.280	      0.000	     -0.017
  22.600	      8.087	   2353.107	    2353.107	    -11.302	      0.000	     -0.020
  22.800	      7.994	   2353.017	    2353.017	    -12.022	      0.000	     -0.023
  23.000	      7.893	   2352.920	    2352.920	    -12.928	      0.000	     -0.026
  23.200	      7.784	   2352.815	    2352.815	    -13.945	      0.000	     -0.031
  23.400	      7.670	   2352.704	    2352.704	    -14.612	      0.000	     -0.034
  23.600	      7.550	   2352.587	    2352.587	    -15.385	      0.000	     -0.037
  23.800	      7.424	   2352.464	    2352.464	    -16.139	      0.000	     -0.041
  24.000	      7.291	   2352.336	    2352.336	    -16.853	      0.000	     -0.045
  24.200	      7.154	   2352.202	    2352.202	    -17.432	      0.000	     -0.048
  24.400	      7.013	   2352.064	    2352.064	    -18.025	      0.000	     -0.051
  24.600	      6.865	   2351.921	    2351.921	    -18.773	      0.000	     -0.055
  24.800	      6.715	   2351.773	    2351.773	    -19.202	      0.000	     -0.058
  25.000	      6.562	   2351.622	    2351.622	    -19.569	      0.000	     -0.060
  25.200	      6.404	   2351.467	    2351.467	    -20.121	      0.000	     -0.064
  25.400	      6.243	   2351.309	    2351.309	    -20.535	      0.000	     -0.066
  25.600	      6.079	   2351.148	    2351.148	    -20.867	      0.000	     -0.068
  25.800	      5.915	   2350.985	    2350.985	    -21.093	      0.000	     -0.070
  26.000	      5.747	   2350.819	    2350.819	    -21.463	      0.000	     -0.072
  26.200	      5.576	   2350.651	    2350.651	    -21.746	      0.000	     -0.074
  26.400	      5.407	   2350.482	    2350.482	    -21.753	      0.000	     -0.074
  26.600	      5.236	   2350.312	    2350.312	    -21.986	      0.000	     -0.076
  26.800	      5.063	   2350.140	    2350.140	    -22.084	      0.000	     -0.077
  27.000	      4.891	   2349.968	    2349.968	    -22.090	      0.000	     -0.077
  27.200	      4.719	   2349.796	    2349.796	    -22.100	      0.000	     -0.077
  27.400	      4.547	   2349.624	    2349.624	    -22.113	      0.000	     -0.077
  27.600	      4.375	   2349.452	    2349.452	    -22.145	      0.000	     -0.077
  27.800	      4.205	   2349.281	    2349.281	    -21.829	      0.000	     -0.075
  28.000	      4.036	   2349.111	    2349.111	    -21.782	      0.000	     -0.075
  28.200	      3.866	   2348.941	    2348.941	    -21.785	      0.000	     -0.075
  28.400	      3.700	   2348.773	    2348.773	    -21.527	      0.000	     -0.073
  28.600	      3.535	   2348.606	    2348.606	    -21.284	      0.000	     -0.071
  28.800	      3.372	   2348.441	    2348.441	    -21.009	      0.000	     -0.069
  29.000	      3.210	   2348.278	    2348.278	    -20.862	      0.000	     -0.069
  29.200	      3.050	   2348.117	    2348.117	    -20.563	      0.000	     -0.067
  29.400	      2.894	   2347.958	    2347.958	    -20.215	      0.000	     -0.064
  29.600	      2.738	   2347.802	    2347.802	    -20.076	      0.000	     -0.063
  29.800	      2.586	   2347.647	    2347.647	    -19.666	      0.000	     -0.061
  30.000	      2.437	   2347.496	    2347.496	    -19.267	      0.000	     -0.058
  30.200	      2.290	   2347.347	    2347.347	    -19.012	      0.000	     -0.057
  30.400	      2.145	   2347.200	    2347.200	    -18.676	      0.000	     -0.055
  30.600	      2.003	   2347.056	    2347.056	    -18.345	      0.000	     -0.053
  30.800	      1.865	   2346.915	    2346.915	    -17.836	      0.000	     -0.050
  31.000	      1.729	   2346.778	    2346.778	    -17.583	      0.000	     -0.049
  31.200	      1.594	   2346.642	    2346.642	    -17.275	      0.000	     -0.047
  31.400	      1.465	   2346.509	    2346.509	    -16.689	      0.000	     -0.044
  31.600	      1.338	   2346.380	    2346.380	    -16.440	      0.000	     -0.043
  31.800	      1.213	   2346.254	    2346.254	    -16.056	      0.000	     -0.041
  32.000	      1.092	   2346.130	    2346.130	    -15.683	      0.000	     -0.039
  32.200	      0.973	   2346.010	    2346.010	    -15.261	      0.000	     -0.037
  32.400	      0.858	   2345.893	    2345.893	    -14.866	      0.000	     -0.035
  32.600	      0.744	   2345.777	    2345.777	    -14.661	      0.000	     -0.034
  32.800	      0.634	   2345.665	    2345.665	    -14.140	      0.000	     -0.031
  33.000	      0.527	   2345.557	    2345.557	    -13.814	      0.000	     -0.030
  33.200	      0.421	   2345.450	    2345.450	    -13.613	      0.000	     -0.029
  33.400	      0.318	   2345.346	    2345.346	    -13.206	      0.000	     -0.027
  33.600	      0.218	   2345.244	    2345.244	    -12.882	      0.000	     -0.026
  33.800	      0.121	   2345.146	    2345.146	    -12.513	      0.000	     -0.025
  34.000	      0.025	   2345.049	    2345.049	    -12.312	      0.000	     -0.024
  34.200	     -0.069	   2344.954	    2344.954	    -12.044	      0.000	     -0.023
  34.400	     -0.160	   2344.862	    2344.862	    -11.660	      0.000	     -0.021
  34.600	     -0.250	   2344.771	    2344.771	    -11.579	      0.000	     -0.021
  34.800	     -0.338	   2344.682	    2344.682	    -11.275	      0.000	     -0.020
  35.000	     -0.423	   2344.596	    2344.596	    -10.958	      0.000	     -0.019
  35.200	     -0.508	   2344.510	    2344.510	    -10.878	      0.000	     -0.019
  35.400	     -0.592	   2344.426	    2344.426	    -10.709	      0.000	     -0.018
  35.600	     -0.674	   2344.344	    2344.344	    -10.618	      0.000	     -0.018
  35.800	     -0.755	   2344.262	    2344.262	    -10.308	      0.000	     -0.017
  36.000	     -0.834	   2344.182	    2344.182	    -10.240	      0.000	     -0.017
  36.200	     -0.915	   2344.102	    2344.102	    -10.270	      0.000	     -0.017
  36.400	     -0.993	   2344.023	    2344.023	    -10.046	      0.000	     -0.016
  36.600	     -1.071	   2343.945	    2343.945	    -10.059	      0.000	     -0.016
  36.800	     -1.149	   2343.867	    2343.867	    -10.006	      0.000	     -0.016
  37.000	     -1.227	   2343.789	    2343.789	     -9.982	      0.000	     -0.016
  37.200	     -1.304	   2343.711	    2343.711	     -9.962	      0.000	     -0.016
  37.400	     -1.381	   2343.634	    2343.634	     -9.924	      0.000	     -0.016
  37.600	     -1.460	   2343.556	    2343.556	    -10.084	      0.000	     -0.016
  37.800	     -1.538	   2343.478	    2343.478	     -9.998	      0.000	     -0.016
  38.000	     -1.616	   2343.400	    2343.400	    -10.012	      0.000	     -0.016
  38.200	     -1.695	   2343.321	    2343.321	    -10.217	      0.000	     -0.016
  38.400	     -1.775	   2343.242	    2343.242	    -10.243	      0.000	     -0.017
  38.600	     -1.855	   2343.162	    2343.162	    -10.301	      0.000	     -0.017
  38.800	     -1.936	   2343.081	    2343.081	    -10.392	      0.000	     -0.017
  39.000	     -2.018	   2342.999	    2342.999	    -10.594	      0.000	     -0.018
  39.200	     -2.102	   2342.916	    2342.916	    -10.775	      0.000	     -0.018
  39.400	     -2.186	   2342.832	    2342.832	    -10.769	      0.000	     -0.018
  39.600	     -2.272	   2342.747	    2342.747	    -11.017	      0.000	     -0.019
  39.800	     -2.359	   2342.661	    2342.661	    -11.162	      0.000	     -0.020
  40.000	     -2.446	   2342.574	    2342.574	    -11.269	      0.000	     -0.020
  40.200	     -2.536	   2342.485	    2342.485	    -11.501	      0.000	     -0.021
  40.400	     -2.627	   2342.395	    2342.395	    -11.681	      0.000	     -0.021
  40.600	     -2.719	   2342.303	    2342.303	    -11.915	      0.000	     -0.022
  40.800	     -2.812	   2342.210	    2342.210	    -11.957	      0.000	     -0.022
  41.000	     -2.907	   2342.117	    2342.117	    -12.163	      0.000	     -0.023
  41.200	     -3.004	   2342.021	    2342.021	    -12.446	      0.000	     -0.024
  41.400	     -3.101	   2341.924	    2341.924	    -12.511	      0.000	     -0.025
  41.600	     -3.200	   2341.825	    2341.825	    -12.699	      0.000	     -0.025
  41.800	     -3.300	   2341.726	    2341.726	    -12.866	      0.000	     -0.026
  42.000	     -3.402	   2341.625	    2341.625	    -13.046	      0.000	     -0.027
  42.200	     -3.505	   2341.523	    2341.523	    -13.154	      0.000	     -0.027
  42.400	     -3.608	   2341.420	    2341.420	    -13.295	      0.000	     -0.028
  42.600	     -3.714	   2341.315	    2341.315	    -13.554	      0.000	     -0.029
  42.800	     -3.819	   2341.210	    2341.210	    -13.597	      0.000	     -0.029
  43.000	     -3.926	   2341.104	    2341.104	    -13.644	      0.000	     -0.029
  43.200	     -4.034	   2340.997	    2340.997	    -13.825	      0.000	     -0.030
  43.400	     -4.142	   2340.889	    2340.889	    -13.916	      0.000	     -0.030
  43.600	     -4.251	   2340.780	    2340.780	    -13.992	      0.000	     -0.031
  43.800	     -4.360	   2340.671	    2340.671	    -13.992	      0.000	     -0.031
  44.000	     -4.469	   2340.562	    2340.562	    -14.112	      0.000	     -0.031
  44.200	     -4.580	   2340.452	    2340.452	    -14.178	      0.000	     -0.032
  44.400	     -4.689	   2340.342	    2340.342	    -14.071	      0.000	     -0.031
  44.600	     -4.799	   2340.232	    2340.232	    -14.137	      0.000	     -0.031
  44.800	     -4.909	   2340.122	    2340.122	    -14.089	      0.000	     -0.031
  45.000	     -5.018	   2340.013	    2340.013	    -14.010	      0.000	     -0.031
  45.200	     -5.127	   2339.904	    2339.904	    -13.949	      0.000	     -0.031
  45.400	     -5.235	   2339.796	    2339.796	    -13.879	      0.000	     -0.030
  45.600	     -5.342	   2339.688	    2339.688	    -13.836	      0.000	     -0.030
  45.800	     -5.448	   2339.581	    2339.581	    -13.544	      0.000	     -0.029
  46.000	     -5.553	   2339.476	    2339.476	    -13.457	      0.000	     -0.029
  46.200	     -5.657	   2339.371	    2339.371	    -13.384	      0.000	     -0.028
  46.400	     -5.759	   2339.268	    2339.268	    -13.126	      0.000	     -0.027
  46.600	     -5.859	   2339.167	    2339.167	    -12.896	      0.000	     -0.026
  46.800	     -5.957	   2339.068	    2339.068	    -12.620	      0.000	     -0.025
  47.000	     -6.054	   2338.970	    2338.970	    -12.432	      0.000	     -0.024
  47.200	     -6.149	   2338.874	    2338.874	    -12.140	      0.000	     -0.023
  47.400	     -6.241	   2338.781	    2338.781	    -11.797	      0.000	     -0.022
  47.600	     -6.331	   2338.690	    2338.690	    -11.592	      0.000	     -0.021
  47.800	     -6.418	   2338.602	    2338.602	    -11.168	      0.000	     -0.020
  48.000	     -6.502	   2338.516	    2338.516	    -10.765	      0.000	     -0.018
  48.200	     -6.583	   2338.434	    2338.434	    -10.441	      0.000	     -0.017
  48.400	     -6.662	   2338.354	    2338.354	    -10.037	      0.000	     -0.016
  48.600	     -6.737	   2338.278	    2338.278	     -9.633	      0.000	     -0.015
  48.800	     -6.808	   2338.205	    2338.205	     -9.088	      0.000	     -0.013
  49.000	     -6.877	   2338.135	    2338.135	     -8.717	      0.000	     -0.012
  49.200	     -6.942	   2338.069	    2338.069	     -8.291	      0.000	     -0.011
  49.400	     -7.002	   2338.007	    2338.007	     -7.662	      0.000	     -0.009
  49.600	     -7.060	   2337.949	    2337.949	     -7.267	      0.000	     -0.008
  49.800	     -7.113	   2337.894	    2337.894	     -6.732	      0.000	     -0.007
  50.000	     -7.162	   2337.844	    2337.844	     -6.209	      0.000	     -0.006
  50.200	     -7.208	   2337.797	    2337.797	     -5.640	      0.000	     -0.005
  50.400	     -7.248	   2337.756	    2337.756	     -5.066	      0.000	     -0.004
  50.600	     -7.285	   2337.718	    2337.718	     -4.614	      0.000	     -0.003
  50.800	     -7.318	   2337.685	    2337.685	     -3.914	      0.000	     -0.002
  51.000	     -7.345	   2337.656	    2337.656	     -3.362	      0.000	     -0.002
  51.200	     -7.369	   2337.632	    2337.632	     -2.872	      0.000	     -0.001
  51.400	     -7.388	   2337.612	    2337.612	     -2.215	      0.000	     -0.001
  51.600	     -7.403	   2337.598	    2337.598	     -1.622	      0.000	     -0.000
  51.800	     -7.413	   2337.587	    2337.587	     -0.966	      0.000	     -0.000
  52.000	     -7.418	   2337.582	    2337.582	     -0.426	      0.000	     -0.000
  52.200	     -7.419	   2337.581	    2337.581	      0.180	      0.000	      0.000
  52.400	     -7.415	   2337.585	    2337.585	      0.874	      0.000	      0.000
  52.600	     -7.406	   2337.594	    2337.594	      1.353	      0.000	      0.000
  52.800	     -7.393	   2337.607	    2337.607	      2.025	      0.000	      0.001
  53.000	     -7.374	   2337.625	    2337.625	      2.697	      0.000	      0.001
  53.200	     -7.351	   2337.647	    2337.647	      3.201	      0.000	      0.002
  53.400	     -7.323	   2337.675	    2337.675	      3.791	      0.000	      0.002
  53.600	     -7.291	   2337.706	    2337.706	      4.326	      0.000	      0.003
  53.800	     -7.253	   2337.743	    2337.743	      5.039	      0.000	      0.004
  54.000	     -7.211	   2337.784	    2337.784	      5.560	      0.000	      0.005
  54.200	     -7.166	   2337.828	    2337.828	      6.025	      0.000	      0.006
  54.400	     -7.115	   2337.878	    2337.878	      6.681	      0.000	      0.007
  54.600	     -7.060	   2337.932	    2337.932	      7.145	      0.000	      0.008
  54.800	     -7.001	   2337.989	    2337.989	      7.680	      0.000	      0.009
  55.000	     -6.938	   2338.051	    2338.051	      8.184	      0.000	      0.011
  55.200	     -6.871	   2338.117	    2338.117	      8.688	      0.000	      0.012
  55.400	     -6.800	   2338.187	    2338.187	      9.201	      0.000	      0.013
  55.600	     -6.726	   2338.259	    2338.259	      9.560	      0.000	      0.014
  55.800	     -6.648	   2338.336	    2338.336	     10.120	      0.000	      0.016
  56.000	     -6.566	   2338.416	    2338.416	     10.569	      0.000	      0.018
  56.200	     -6.482	   2338.499	    2338.499	     10.873	      0.000	      0.019
  56.400	     -6.394	   2338.586	    2338.586	     11.317	      0.000	      0.020
  56.600	     -6.303	   2338.675	    2338.675	     11.718	      0.000	      0.022
  56.800	     -6.209	   2338.768	    2338.768	     12.093	      0.000	      0.023
  57.000	     -6.113	   2338.863	    2338.863	     12.363	      0.000	      0.024
  57.200	     -6.015	   2338.960	    2338.960	     12.651	      0.000	      0.025
  57.400	     -5.913	   2339.060	    2339.060	     13.065	      0.000	      0.027
  57.600	     -5.810	   2339.162	    2339.162	     13.256	      0.000	      0.028
  57.800	     -5.705	   2339.266	    2339.266	     13.534	      0.000	      0.029
  58.000	     -5.597	   2339.373	    2339.373	     13.809	      0.000	      0.030
  58.200	     -5.489	   2339.481	    2339.481	     13.972	      0.000	      0.031
  58.400	     -5.378	   2339.590	    2339.590	     14.164	      0.000	      0.032
  58.600	     -5.267	   2339.701	    2339.701	     14.297	      0.000	      0.032
  58.800	     -5.153	   2339.813	    2339.813	     14.572	      0.000	      0.033
  59.000	     -5.039	   2339.927	    2339.927	     14.680	      0.000	      0.034
  59.200	     -4.925	   2340.041	    2340.041	     14.718	      0.000	      0.034
  59.400	     -4.809	   2340.157	    2340.157	     14.911	      0.000	      0.035
  59.600	     -4.692	   2340.273	    2340.273	     14.970	      0.000	      0.035
  59.800	     -4.575	   2340.389	    2340.389	     15.038	      0.000	      0.036
  60.000	     -4.458	   2340.506	    2340.506	     15.070	      0.000	      0.036
  60.200	     -4.340	   2340.624	    2340.624	     15.144	      0.000	      0.036
  60.400	     -4.222	   2340.742	    2340.742	     15.162	      0.000	      0.036
  60.600	     -4.105	   2340.859	    2340.859	     15.064	      0.000	      0.036
  60.800	     -3.988	   2340.976	    2340.976	     15.130	      0.000	      0.036
  61.000	     -3.870	   2341.094	    2341.094	     15.148	      0.000	      0.036
  61.200	     -3.753	   2341.211	    2341.211	     15.041	      0.000	      0.036
  61.400	     -3.636	   2341.328	    2341.328	     14.990	      0.000	      0.035
  61.600	     -3.521	   2341.444	    2341.444	     14.923	      0.000	      0.035
  61.800	     -3.405	   2341.560	    2341.560	     14.900	      0.000	      0.035
  62.000	     -3.290	   2341.676	    2341.676	     14.750	      0.000	      0.034
  62.200	     -3.176	   2341.790	    2341.790	     14.635	      0.000	      0.034
  62.400	     -3.062	   2341.904	    2341.904	     14.627	      0.000	      0.034
  62.600	     -2.950	   2342.017	    2342.017	     14.450	      0.000	      0.033
  62.800	     -2.839	   2342.129	    2342.129	     14.358	      0.000	      0.032
  63.000	     -2.728	   2342.240	    2342.240	     14.259	      0.000	      0.032
  63.200	     -2.618	   2342.350	    2342.350	     14.124	      0.000	      0.031
  63.400	     -2.509	   2342.460	    2342.460	     13.980	      0.000	      0.031
  63.600	     -2.402	   2342.568	    2342.568	     13.798	      0.000	      0.030
  63.800	     -2.295	   2342.675	    2342.675	     13.804	      0.000	      0.030
  64.000	     -2.189	   2342.782	    2342.782	     13.607	      0.000	      0.029
  64.200	     -2.085	   2342.886	    2342.886	     13.393	      0.000	      0.028
  64.400	     -1.982	   2342.990	    2342.990	     13.310	      0.000	      0.028
  64.600	     -1.879	   2343.093	    2343.093	     13.176	      0.000	      0.027
  64.800	     -1.778	   2343.195	    2343.195	     13.075	      0.000	      0.027
  65.000	     -1.678	   2343.296	    2343.296	     12.884	      0.000	      0.026
  65.200	     -1.579	   2343.396	    2343.396	     12.770	      0.000	      0.026
  65.400	     -1.480	   2343.495	    2343.495	     12.675	      0.000	      0.025
  65.600	     -1.383	   2343.593	    2343.593	     12.457	      0.000	      0.024
  65.800	     -1.286	   2343.689	    2343.689	     12.416	      0.000	      0.024
  66.000	     -1.191	   2343.786	    2343.786	     12.325	      0.000	      0.024
  66.200	     -1.096	   2343.881	    2343.881	     12.167	      0.000	      0.023
  66.400	     -1.002	   2343.975	    2343.975	     12.071	      0.000	      0.023
  66.600	     -0.909	   2344.068	    2344.068	     11.961	      0.000	      0.022
  66.800	     -0.816	   2344.161	    2344.161	     11.963	      0.000	      0.023
  67.000	     -0.724	   2344.254	    2344.254	     11.811	      0.000	      0.022
  67.200	     -0.633	   2344.345	    2344.345	     11.707	      0.000	      0.022
  67.400	     -0.542	   2344.436	    2344.436	     11.753	      0.000	      0.022
  67.600	     -0.452	   2344.527	    2344.527	     11.599	      0.000	      0.021
  67.800	     -0.362	   2344.617	    2344.617	     11.571	      0.000	      0.021
  68.000	     -0.272	   2344.707	    2344.707	     11.517	      0.000	      0.021
  68.200	     -0.183	   2344.796	    2344.796	     11.500	      0.000	      0.021
  68.400	     -0.094	   2344.886	    2344.886	     11.490	      0.000	      0.021
  68.600	     -0.005	   2344.974	    2344.974	     11.386	      0.000	      0.020
  68.800	      0.084	   2345.063	    2345.063	     11.482	      0.000	      0.021
  69.000	      0.173	   2345.153	    2345.153	     11.446	      0.000	      0.021
  69.200	      0.261	   2345.241	    2345.241	     11.374	      0.000	      0.020
  69.400	      0.351	   2345.330	    2345.330	     11.436	      0.000	      0.021
  69.600	      0.440	   2345.419	    2345.419	     11.439	      0.000	      0.021
  69.800	      0.529	   2345.508	    2345.508	     11.510	      0.000	      0.021
  70.000	      0.618	   2345.598	    2345.598	     11.489	      0.000	      0.021
  70.200	      0.708	   2345.687	    2345.687	     11.531	      0.000	      0.021
  70.400	      0.798	   2345.777	    2345.777	     11.637	      0.000	      0.021
  70.600	      0.889	   2345.867	    2345.867	     11.584	      0.000	      0.021
  70.800	      0.979	   2345.958	    2345.958	     11.697	      0.000	      0.022
  71.000	      1.071	   2346.049	    2346.049	     11.796	      0.000	      0.022
  71.200	      1.162	   2346.141	    2346.141	     11.781	      0.000	      0.022
  71.400	      1.255	   2346.233	    2346.233	     11.847	      0.000	      0.022
  71.600	      1.347	   2346.325	    2346.325	     11.873	      0.000	      0.022
  71.800	      1.441	   2346.418	    2346.418	     12.049	      0.000	      0.023
  72.000	      1.534	   2346.512	    2346.512	     12.074	      0.000	      0.023
  72.200	      1.628	   2346.605	    2346.605	     12.080	      0.000	      0.023
  72.400	      1.723	   2346.700	    2346.700	     12.227	      0.000	      0.024
  72.600	      1.819	   2346.795	    2346.795	     12.230	      0.000	      0.024
  72.800	      1.914	   2346.890	    2346.890	     12.318	      0.000	      0.024
  73.000	      2.011	   2346.986	    2346.986	     12.374	      0.000	      0.024
  73.200	      2.107	   2347.083	    2347.083	     12.441	      0.000	      0.024
  73.400	      2.205	   2347.180	    2347.180	     12.527	      0.000	      0.025
  73.600	      2.302	   2347.277	    2347.277	     12.505	      0.000	      0.025
  73.800	      2.400	   2347.375	    2347.375	     12.651	      0.000	      0.025
  74.000	      2.499	   2347.474	    2347.474	     12.695	      0.000	      0.025
  74.200	      2.597	   2347.572	    2347.572	     12.657	      0.000	      0.025
  74.400	      2.696	   2347.671	    2347.671	     12.730	      0.000	      0.025
  74.600	      2.796	   2347.770	    2347.770	     12.767	      0.000	      0.026
  74.800	      2.895	   2347.869	    2347.869	     12.807	      0.000	      0.026
  75.000	      2.994	   2347.969	    2347.969	     12.769	      0.000	      0.026
  75.200	      3.093	   2348.068	    2348.068	     12.753	      0.000	      0.026
  75.400	      3.193	   2348.168	    2348.168	     12.829	      0.000	      0.026
  75.600	      3.292	   2348.267	    2348.267	     12.742	      0.000	      0.026
  75.800	      3.391	   2348.366	    2348.366	     12.745	      0.000	      0.026
  76.000	      3.490	   2348.465	    2348.465	     12.725	      0.000	      0.026
  76.200	      3.589	   2348.563	    2348.563	     12.635	      0.000	      0.025
  76.400	      3.687	   2348.662	    2348.662	     12.581	      0.000	      0.025
  76.600	      3.784	   2348.759	    2348.759	     12.478	      0.000	      0.025
  76.800	      3.881	   2348.856	    2348.856	     12.488	      0.000	      0.025
  77.000	      3.977	   2348.953	    2348.953	     12.364	      0.000	      0.024
  77.200	      4.072	   2349.048	    2349.048	     12.203	      0.000	      0.023
  77.400	      4.166	   2349.143	    2349.143	     12.154	      0.000	      0.023
  77.600	      4.260	   2349.237	    2349.237	     11.992	      0.000	      0.023
  77.800	      4.352	   2349.330	    2349.330	     11.863	      0.000	      0.022
  78.000	      4.443	   2349.421	    2349.421	     11.691	      0.000	      0.022
  78.200	      4.532	   2349.511	    2349.511	     11.552	      0.000	      0.021
  78.400	      4.621	   2349.601	    2349.601	     11.370	      0.000	      0.020
  78.600	      4.707	   2349.688	    2349.688	     11.102	      0.000	      0.019
  78.800	      4.793	   2349.774	    2349.774	     10.962	      0.000	      0.019
  79.000	      4.877	   2349.858	    2349.858	     10.762	      0.000	      0.018
  79.200	      4.958	   2349.941	    2349.941	     10.480	      0.000	      0.017
  79.400	      5.038	   2350.021	    2350.021	     10.245	      0.000	      0.017
  79.600	      5.116	   2350.100	    2350.100	      9.978	      0.000	      0.016
  79.800	      5.192	   2350.177	    2350.177	      9.755	      0.000	      0.015
  80.000	      5.265	   2350.251	    2350.251	      9.425	      0.000	      0.014
