    时间	    开度值	      蜗壳压力	      尾水管压力	    流量	      转速	      出力	  单位转速	  单位流量	  单位力矩	球阀前压力	球阀后压力	蜗壳进口压力	尾水管出口压力
   0.000	   0.883	       496.798	        64.200	    81.324	   428.600	   306.065	    87.838	     0.225	    22.340	421.354739	420.753579	496.798437	2339.833435
   0.200	   0.883	       505.980	        64.894	    81.330	   428.600	   306.123	    87.833	     0.225	    22.342	420.923796	420.923520	505.830776	2340.619615
   0.400	   0.883	       506.614	        65.133	    81.379	   428.600	   306.591	    87.795	     0.225	    22.356	422.184810	422.184342	506.801515	2341.282572
   0.600	   0.883	       508.465	        66.381	    81.455	   428.601	   307.308	    87.736	     0.225	    22.378	424.028569	424.027616	508.632870	2342.010559
   0.800	   0.883	       509.863	        66.830	    81.573	   428.601	   308.435	    87.644	     0.225	    22.413	425.453063	425.451153	510.057156	2342.809866
   1.000	   0.883	       512.408	        67.731	    81.778	   428.601	   310.391	    87.484	     0.225	    22.473	427.301967	427.299801	511.994895	2343.417916
   1.200	   0.883	       513.339	        67.461	    81.928	   428.601	   311.820	    87.369	     0.225	    22.517	429.251214	429.248737	513.834902	2343.255619
   1.400	   0.883	       516.211	        67.450	    82.285	   428.601	   315.252	    87.093	     0.226	    22.621	432.234076	432.231206	516.438133	2343.392498
   1.600	   0.883	       518.182	        67.296	    82.549	   428.601	   317.786	    86.891	     0.226	    22.697	434.286387	434.283034	518.741455	2342.857536
   1.800	   0.883	       520.632	        66.649	    82.931	   428.602	   321.482	    86.599	     0.226	    22.808	437.734547	437.730607	522.142882	2343.733438
   2.000	   0.883	       522.854	        67.339	    83.120	   428.602	   323.312	    86.456	     0.226	    22.862	438.558883	438.554297	523.033109	2343.780697
   2.200	   0.883	       523.738	        66.495	    83.332	   428.602	   325.377	    86.295	     0.226	    22.922	439.835258	439.829862	524.160931	2343.007029
   2.400	   0.883	       525.859	        66.542	    83.587	   428.602	   327.859	    86.104	     0.227	    22.995	441.601625	441.595185	526.199361	2343.288170
   2.600	   0.883	       525.334	        63.692	    83.871	   428.602	   330.644	    85.890	     0.227	    23.075	440.120050	440.112250	525.923641	2342.502251
   2.800	   0.883	       528.733	        65.326	    84.086	   428.602	   332.752	    85.730	     0.227	    23.135	444.894479	444.884831	529.520885	2342.271366
   3.000	   0.883	       530.438	        65.637	    84.250	   428.602	   334.379	    85.603	     0.227	    23.180	446.067492	446.056651	531.001393	2342.941468
   3.200	   0.883	       532.486	        65.580	    84.498	   428.603	   336.835	    85.413	     0.227	    23.246	448.372720	448.360499	532.991076	2342.599867
   3.400	   0.883	       534.340	        66.004	    84.666	   428.603	   338.504	    85.284	     0.227	    23.291	448.489995	448.476131	531.455956	2343.639895
   3.600	   0.883	       538.838	        67.027	    85.073	   428.603	   342.566	    84.975	     0.228	    23.400	453.641666	453.625773	538.539959	2343.710433
   3.800	   0.883	       540.097	        66.069	    85.332	   428.603	   345.161	    84.779	     0.228	    23.468	456.484913	456.466541	540.816723	2343.796683
   4.000	   0.883	       543.899	        66.776	    85.693	   428.603	   348.786	    84.507	     0.228	    23.563	459.949602	459.928147	544.252832	2344.519114
   4.200	   0.883	       547.431	        67.192	    86.054	   428.604	   352.439	    84.237	     0.228	    23.658	463.740763	463.715401	547.821230	2344.783304
   4.400	   0.883	       549.735	        66.251	    86.430	   428.604	   356.248	    83.958	     0.229	    23.756	466.877096	466.846652	550.552536	2344.424896
   4.600	   0.883	       552.794	        66.320	    86.775	   428.604	   359.763	    83.704	     0.229	    23.845	468.941049	468.903954	553.204894	2344.621912
   4.800	   0.883	       555.196	        65.427	    87.154	   428.604	   363.640	    83.426	     0.229	    23.942	471.428352	471.382225	555.527360	2343.915402
   5.000	   0.883	       556.957	        64.743	    87.434	   428.604	   366.521	    83.222	     0.229	    24.014	473.124826	473.066183	556.702649	2343.134800
   5.200	   0.883	       557.880	        63.303	    87.704	   428.604	   369.306	    83.026	     0.229	    24.082	474.588082	474.511133	558.996579	2343.314823
   5.400	   0.883	       559.985	        63.460	    87.926	   428.605	   371.605	    82.865	     0.229	    24.138	476.040981	475.945013	560.676114	2342.738208
   5.600	   0.883	       560.732	        63.153	    88.045	   428.605	   372.849	    82.778	     0.230	    24.169	476.581192	476.464958	561.046258	2342.378612
   5.800	   0.883	       562.501	        63.444	    88.213	   428.605	   374.593	    82.658	     0.230	    24.211	477.251827	477.108368	562.152636	2342.601130
   6.000	   0.883	       560.932	        62.135	    88.183	   428.605	   374.286	    82.679	     0.230	    24.204	477.062113	476.880583	561.849596	2341.720120
   6.200	   0.883	       565.147	        61.495	    88.132	   438.836	   378.539	    84.220	     0.228	    23.664	479.581521	479.345728	564.610780	2340.801842
   6.400	   0.879	       567.522	        59.739	    87.764	   448.909	   380.852	    85.765	     0.226	    23.066	482.118280	481.801251	566.882550	2339.342664
   6.600	   0.875	       569.292	        57.218	    87.349	   458.811	   382.375	    87.250	     0.224	    22.448	484.309309	483.859782	568.726946	2336.660604
   6.800	   0.871	       572.371	        56.659	    86.829	   468.511	   382.283	    88.738	     0.222	    21.802	487.357053	486.669013	571.401869	2335.607404
   7.000	   0.867	       576.804	        56.653	    86.360	   478.023	   382.284	    90.110	     0.220	    21.166	490.348393	489.157021	574.490058	2334.808615
   7.200	   0.863	       579.062	        56.723	    85.671	   487.306	   379.250	    91.624	     0.217	    20.492	494.184127	492.599222	577.582941	2335.110769
   7.400	   0.859	       583.184	        58.530	    85.026	   496.350	   376.332	    93.076	     0.215	    19.858	498.050178	496.378280	581.639478	2336.693963
   7.600	   0.856	       585.451	        59.567	    84.261	   505.142	   371.645	    94.570	     0.213	    19.207	499.647451	497.879632	583.456978	2336.813205
   7.800	   0.852	       586.143	        58.868	    83.496	   513.685	   366.556	    95.998	     0.211	    18.562	503.047128	501.174485	585.466642	2336.556509
   8.000	   0.848	       589.041	        59.223	    82.771	   521.978	   361.865	    97.267	     0.208	    17.930	505.112778	503.124861	588.059877	2336.184699
   8.200	   0.844	       589.709	        57.358	    81.967	   530.019	   355.919	    98.479	     0.206	    17.267	505.528202	503.412295	588.381201	2333.881023
   8.400	   0.840	       592.950	        57.364	    81.105	   537.791	   349.133	    99.565	     0.203	    16.574	507.952473	505.700316	591.001994	2332.961211
   8.600	   0.836	       594.363	        56.127	    79.996	   545.285	   339.198	   100.638	     0.199	    15.782	509.143635	506.747221	592.990674	2332.050495
   8.800	   0.832	       595.264	        54.370	    78.680	   552.436	   326.391	   101.632	     0.195	    14.894	510.432007	507.889312	593.568644	2330.129813
   9.000	   0.828	       597.323	        54.342	    77.072	   559.177	   309.553	   102.589	     0.191	    13.879	512.128748	509.438912	595.243785	2329.007229
   9.200	   0.824	       598.966	        52.409	    75.344	   565.480	   290.932	   103.311	     0.186	    12.791	511.490699	508.646886	594.766447	2326.133659
   9.400	   0.820	       600.897	        50.716	    73.389	   571.283	   269.684	   103.925	     0.180	    11.636	515.603993	512.595963	598.872745	2324.142122
   9.600	   0.816	       604.080	        50.145	    71.265	   576.585	   246.781	   104.427	     0.174	    10.457	516.258295	513.082198	600.054864	2322.226197
   9.800	   0.812	       605.870	        48.480	    68.883	   581.355	   221.864	   104.852	     0.168	     9.246	518.889866	515.536252	601.925596	2320.200566
  10.000	   0.808	       609.915	        49.399	    66.459	   585.589	   197.693	   105.212	     0.161	     8.117	522.165537	518.619859	605.780869	2319.687974
  10.200	   0.805	       612.217	        49.473	    63.848	   589.293	   172.826	   105.558	     0.154	     7.009	524.851469	521.099572	608.244657	2319.120862
  10.400	   0.801	       614.986	        50.652	    61.151	   592.493	   148.288	   105.875	     0.147	     5.952	527.736632	523.743156	609.882863	2318.752702
  10.600	   0.797	       617.249	        51.562	    58.329	   595.208	   125.156	   106.127	     0.140	     4.979	529.387782	525.125684	612.178680	2318.894886
  10.800	   0.793	       617.270	        50.404	    55.379	   597.468	   103.341	   106.315	     0.133	     4.079	529.026853	524.984508	611.936250	2316.527329
  11.000	   0.789	       618.154	        50.367	    52.346	   599.292	    82.092	   106.452	     0.126	     3.219	529.783055	525.991961	613.533303	2315.562460
  11.200	   0.785	       616.895	        48.671	    49.119	   600.689	    59.740	   106.560	     0.118	     2.331	528.763462	525.247135	612.121864	2313.293210
  11.400	   0.781	       615.192	        46.714	    45.752	   601.641	    36.748	   106.608	     0.109	     1.428	526.457443	523.251003	610.719391	2311.203136
  11.600	   0.777	       616.216	        47.131	    42.067	   602.139	    13.329	   106.541	     0.100	     0.516	524.342521	521.480548	609.630422	2309.322513
  11.800	   0.773	       615.049	        44.482	    38.084	   602.211	    -8.609	   106.318	     0.091	    -0.332	521.708385	519.232473	607.467426	2306.513239
  12.000	   0.769	       615.586	        42.887	    33.841	   601.867	   -29.747	   105.968	     0.080	    -1.141	522.696625	520.634114	609.565080	2304.249307
  12.200	   0.765	       615.672	        39.634	    29.278	   601.102	   -51.775	   105.439	     0.069	    -1.974	521.459527	519.821304	608.971088	2301.030260
  12.400	   0.761	       618.229	        37.055	    24.318	   599.907	   -73.299	   104.685	     0.057	    -2.771	523.644123	522.436796	611.036496	2296.925147
  12.600	   0.757	       622.025	        34.664	    19.116	   598.297	   -94.940	   103.787	     0.045	    -3.557	524.965888	524.170177	613.780273	2294.588684
  12.800	   0.753	       625.156	        32.158	    13.741	   596.203	  -121.724	   102.882	     0.032	    -4.528	527.688482	527.252474	617.038858	2291.858845
  13.000	   0.750	       627.717	        32.637	     8.342	   593.478	  -155.709	   102.199	     0.019	    -5.795	529.161950	528.989441	619.047377	2290.783273
  13.200	   0.746	       629.245	        34.022	     3.042	   590.003	  -192.384	   101.572	     0.007	    -7.198	530.590004	530.563424	620.100453	2292.102646
  13.400	   0.742	       630.162	        35.480	    -2.153	   585.842	  -224.216	   100.900	    -0.005	    -8.456	532.825099	532.836096	621.594820	2294.612602
  13.600	   0.738	       632.517	        38.615	    -7.244	   580.932	  -264.042	   100.133	    -0.017	   -10.058	535.869272	536.024476	625.670696	2297.418996
  13.800	   0.734	       627.919	        42.740	   -11.935	   575.088	  -307.757	    99.887	    -0.028	   -12.025	531.976714	532.434549	620.919892	2300.224859
  14.000	   0.730	       614.071	        48.386	   -15.453	   568.358	  -342.447	   100.433	    -0.037	   -14.013	520.672041	521.510658	608.944344	2305.570637
  14.200	   0.726	       597.352	        56.578	   -17.795	   560.951	  -365.348	   101.408	    -0.043	   -15.854	505.543871	506.720630	593.755043	2313.922268
  14.400	   0.722	       583.506	        68.286	   -19.330	   553.053	  -378.177	   102.452	    -0.048	   -17.478	493.457766	494.861710	580.967561	2325.012695
  14.600	   0.718	       571.281	        79.356	   -20.414	   544.958	  -376.104	   103.335	    -0.052	   -18.483	482.608359	484.192899	569.837708	2335.711764
  14.800	   0.714	       555.834	        84.368	   -21.080	   536.829	  -370.078	   103.995	    -0.055	   -19.269	468.606909	470.319132	555.864324	2341.468672
  15.000	   0.710	       541.272	        86.137	   -21.164	   528.764	  -358.283	   104.261	    -0.056	   -19.622	455.063401	456.811092	541.475402	2341.945653
  15.200	   0.706	       525.629	        82.476	   -20.693	   520.917	  -341.100	   104.090	    -0.056	   -19.474	439.592847	441.282523	526.299360	2338.035315
  15.400	   0.702	       515.601	        80.103	   -19.685	   513.395	  -319.215	   103.472	    -0.054	   -18.812	430.635436	432.185975	517.119225	2335.339692
  15.600	   0.699	       511.269	        81.648	   -18.456	   506.299	  -298.128	   102.722	    -0.051	   -18.054	427.423396	428.792186	513.192907	2336.829765
  15.800	   0.695	       510.413	        85.972	   -17.198	   499.594	  -275.269	   101.962	    -0.047	   -17.094	427.147558	428.347665	513.019200	2341.130504
  16.000	   0.691	       511.718	        92.534	   -16.057	   493.327	  -253.799	   101.299	    -0.045	   -16.157	428.639041	429.690556	513.868318	2347.163905
  16.200	   0.687	       511.475	        95.970	   -14.727	   487.512	  -230.552	   100.533	    -0.041	   -14.979	428.838231	429.740374	513.990044	2350.708177
  16.400	   0.683	       512.136	        98.744	   -12.724	   482.220	  -203.780	    99.675	    -0.035	   -13.448	431.217787	431.901162	515.936863	2351.609416
  16.600	   0.679	       513.303	       101.299	    -9.777	   477.615	  -171.142	    98.864	    -0.027	   -11.435	435.560679	435.967360	518.461692	2353.823056
  16.800	   0.675	       511.461	       106.339	    -5.964	   473.787	  -138.612	    98.878	    -0.017	    -9.491	435.392702	435.548295	517.660077	2358.139269
  17.000	   0.671	       510.256	       115.445	    -1.558	   470.731	  -109.045	    99.502	    -0.004	    -7.709	435.720342	435.732940	517.948094	2367.049193
  17.200	   0.667	       509.811	       124.792	     2.896	   468.308	   -87.725	   100.243	     0.008	    -6.393	434.575940	434.544036	516.917106	2375.509971
  17.400	   0.663	       504.949	       128.311	     7.385	   466.399	   -67.759	   100.959	     0.022	    -5.070	430.222429	429.990117	512.057750	2379.897114
  17.600	   0.659	       496.456	       128.102	    12.252	   464.972	   -47.945	   101.818	     0.036	    -3.683	423.138721	422.483448	503.484548	2379.336604
  17.800	   0.655	       482.293	       122.160	    17.524	   464.041	   -29.015	   102.841	     0.052	    -2.287	411.221172	409.863704	490.880391	2373.903824
  18.000	   0.651	       471.953	       116.980	    22.978	   463.543	   -12.389	   103.579	     0.069	    -0.994	401.805767	399.413879	480.361350	2368.822224
  18.200	   0.648	       467.355	       113.497	    28.101	   463.474	     5.632	   103.850	     0.085	     0.454	398.173033	394.527251	476.105871	2367.674406
  18.400	   0.644	       466.197	       109.408	    32.226	   463.834	    22.043	   103.616	     0.097	     1.766	394.510666	389.644825	472.320756	2364.872445
  18.600	   0.640	       464.571	       103.384	    35.124	   464.566	    35.036	   103.230	     0.105	     2.774	390.188522	384.344360	467.912892	2360.442354
  18.800	   0.636	       459.224	        93.393	    37.130	   465.580	    44.887	   102.855	     0.111	     3.505	384.319175	377.701757	461.951280	2350.946970
  19.000	   0.632	       451.796	        80.604	    39.043	   466.838	    54.874	   102.441	     0.116	     4.216	379.936666	372.500162	455.906331	2339.095192
  19.200	   0.628	       451.488	        73.742	    40.966	   468.364	    65.842	   101.935	     0.120	     4.960	378.636938	370.344155	453.775567	2332.435965
  19.400	   0.624	       456.548	        71.852	    42.465	   470.143	    75.390	   101.434	     0.124	     5.560	383.943489	374.883257	459.033613	2331.358370
  19.600	   0.620	       464.487	        74.342	    43.113	   472.104	    80.100	   101.156	     0.125	     5.802	390.209584	380.406711	464.944972	2335.522446
  19.800	   0.616	       472.450	        78.454	    43.077	   474.107	    80.605	   101.079	     0.124	     5.756	396.002089	385.766706	471.824369	2339.429821
  20.000	   0.612	       473.712	        76.359	    42.853	   476.093	    79.911	   101.058	     0.123	     5.633	398.777075	388.089490	473.096663	2336.559840
  20.200	   0.608	       474.321	        72.398	    43.080	   478.089	    82.106	   100.902	     0.123	     5.698	400.907465	389.550148	473.808273	2332.388798
  20.400	   0.604	       475.024	        67.467	    43.639	   480.164	    86.519	   100.646	     0.123	     5.896	403.234536	390.947245	475.867885	2328.336021
  20.600	   0.600	       476.240	        64.003	    43.783	   482.312	    88.281	   100.517	     0.123	     5.921	404.380443	391.318978	476.138968	2325.404135
  20.800	   0.597	       483.236	        67.268	    43.501	   484.457	    87.471	   100.494	     0.122	     5.787	409.995158	396.306473	481.737586	2327.614704
  21.000	   0.593	       486.079	        67.209	    42.922	   486.553	    84.710	   100.554	     0.120	     5.539	413.951912	399.802160	484.741079	2328.548601
  21.200	   0.589	       486.414	        65.550	    42.050	   488.547	    79.995	   100.695	     0.117	     5.181	413.203512	398.859966	484.399487	2327.084689
  21.400	   0.585	       485.720	        63.773	    40.899	   490.397	    73.451	   100.908	     0.114	     4.723	410.840573	396.974704	482.840086	2324.324513
  21.600	   0.581	       482.293	        58.508	    39.932	   492.099	    68.583	   101.006	     0.111	     4.373	409.220451	395.762079	481.374754	2319.098364
  21.800	   0.577	       482.214	        56.699	    38.987	   493.681	    63.834	   101.093	     0.108	     4.038	407.836781	394.733666	480.561064	2316.634239
  22.000	   0.573	       483.482	        56.761	    37.864	   495.137	    58.014	   101.213	     0.104	     3.647	408.018920	395.372960	481.565379	2317.577878
  22.200	   0.569	       484.541	        57.630	    36.180	   496.426	    49.152	   101.406	     0.100	     3.077	406.696147	394.923969	481.616815	2318.121853
  22.400	   0.565	       483.967	        57.468	    33.932	   497.476	    37.676	   101.610	     0.094	     2.353	404.276776	393.697242	480.663729	2317.699285
  22.600	   0.561	       481.047	        54.329	    31.500	   498.236	    26.402	   101.678	     0.087	     1.644	400.115647	390.800237	477.338473	2314.048802
  22.800	   0.557	       478.378	        51.061	    29.558	   498.752	    17.884	   101.666	     0.081	     1.110	397.693349	389.325143	475.759237	2309.734114
  23.000	   0.553	       479.076	        51.092	    28.043	   499.097	    11.478	   101.623	     0.077	     0.710	398.098236	390.355332	476.724423	2309.759698
  23.200	   0.549	       483.358	        54.409	    26.381	   499.308	     4.768	   101.517	     0.072	     0.294	400.546807	393.557521	480.558461	2312.916006
  23.400	   0.545	       490.248	        60.278	    24.433	   499.353	    -2.972	   101.368	     0.067	    -0.183	405.584724	399.407517	486.101584	2318.129688
  23.600	   0.542	       496.110	        65.244	    22.606	   499.226	   -10.051	   101.204	     0.062	    -0.616	412.269157	406.877300	492.930613	2323.049529
  23.800	   0.538	       498.935	        67.474	    21.525	   498.967	   -13.899	   101.063	     0.059	    -0.851	416.889663	411.912141	497.682363	2324.567910
  24.000	   0.534	       501.434	        69.882	    21.120	   498.650	   -15.006	   100.982	     0.058	    -0.919	421.031342	416.121003	501.400456	2326.083174
  24.200	   0.530	       506.001	        74.538	    21.335	   498.337	   -13.514	   100.933	     0.058	    -0.829	427.070540	421.962123	506.642093	2329.947042
  24.400	   0.526	       510.173	        78.841	    21.873	   498.077	   -10.733	   100.904	     0.060	    -0.659	432.094800	426.554101	511.337924	2334.710366
  24.600	   0.522	       515.793	        84.525	    22.603	   497.890	    -7.212	   100.886	     0.062	    -0.443	438.877369	432.827345	516.992366	2340.825903
  24.800	   0.518	       521.013	        89.721	    23.646	   497.809	    -2.474	   100.884	     0.065	    -0.152	444.473687	437.766540	521.727265	2344.668178
  25.000	   0.514	       521.386	        89.152	    24.923	   497.835	     3.263	   100.802	     0.068	     0.200	446.888124	439.370170	523.766866	2345.064171
  25.200	   0.510	       521.334	        87.547	    26.157	   497.998	     8.717	   100.677	     0.071	     0.533	447.855954	439.525609	523.861535	2343.209632
  25.400	   0.506	       519.344	        83.521	    27.533	   498.287	    15.988	   100.526	     0.075	     0.973	447.317978	437.984439	522.208151	2339.851921
  25.600	   0.502	       518.679	        80.606	    28.893	   498.749	    23.168	   100.387	     0.078	     1.402	446.579548	436.164661	520.858073	2336.846554
  25.800	   0.498	       519.266	        78.058	    29.829	   499.383	    28.658	   100.175	     0.081	     1.720	447.644006	436.408217	521.156180	2335.500606
  26.000	   0.494	       520.256	        76.164	    30.222	   500.125	    31.385	   100.004	     0.082	     1.869	446.940030	435.257350	520.365644	2333.424197
  26.200	   0.491	       520.576	        74.024	    30.221	   500.898	    32.043	    99.881	     0.081	     1.895	447.252766	435.434080	520.353730	2331.561768
  26.400	   0.487	       521.074	        71.851	    30.380	   501.688	    33.513	    99.742	     0.082	     1.967	448.212176	436.151530	521.230140	2329.044413
  26.600	   0.483	       521.746	        69.781	    30.545	   502.519	    34.993	    99.605	     0.082	     2.038	449.736409	437.404313	523.173261	2327.777992
  26.800	   0.479	       526.524	        71.737	    30.701	   503.374	    36.463	    99.466	     0.082	     2.107	454.010723	441.367940	526.275483	2328.602283
  27.000	   0.475	       531.003	        73.282	    30.772	   504.245	    37.666	    99.317	     0.082	     2.158	458.581701	445.738395	530.899327	2331.053518
  27.200	   0.471	       535.047	        74.673	    30.676	   505.129	    37.886	    99.200	     0.081	     2.155	463.086639	450.133870	534.966807	2332.408568
  27.400	   0.467	       539.685	        76.204	    30.806	   506.029	    39.461	    99.044	     0.081	     2.225	468.106411	454.935133	540.071882	2333.769166
  27.600	   0.463	       543.133	        76.001	    31.095	   506.973	    42.067	    98.844	     0.082	     2.349	471.403206	457.882648	543.238846	2332.914725
  27.800	   0.459	       544.932	        74.169	    31.311	   507.971	    44.274	    98.658	     0.082	     2.449	474.513498	460.605072	545.325947	2331.719435
  28.000	   0.455	       548.243	        73.768	    31.518	   509.020	    46.466	    98.476	     0.082	     2.545	478.252938	463.981663	548.743793	2331.712533
  28.200	   0.451	       551.104	        72.885	    31.689	   510.120	    48.470	    98.303	     0.082	     2.628	480.741585	466.142931	551.387739	2330.710092
  28.400	   0.447	       553.673	        72.070	    31.623	   511.250	    49.028	    98.170	     0.082	     2.634	483.229775	468.345681	553.135019	2329.799173
  28.600	   0.443	       555.390	        70.863	    31.295	   512.370	    47.961	    98.079	     0.081	     2.555	483.783413	468.860771	555.053122	2328.819162
  28.800	   0.440	       554.265	        67.368	    30.684	   513.439	    45.091	    98.030	     0.079	     2.385	482.618616	467.832083	553.384932	2325.894860
  29.000	   0.436	       554.875	        65.570	    30.119	   514.465	    42.488	    97.972	     0.077	     2.231	482.694796	468.024341	554.050602	2323.910561
  29.200	   0.432	       555.391	        64.054	    29.480	   515.423	    39.373	    97.938	     0.076	     2.054	483.294499	468.814453	554.768591	2322.270057
  29.400	   0.428	       557.300	        64.355	    28.791	   516.312	    35.907	    97.933	     0.074	     1.864	484.850751	470.588504	555.904243	2321.902682
  29.600	   0.424	       560.770	        66.582	    27.982	   517.105	    31.690	    97.944	     0.072	     1.638	487.300127	473.414384	559.523814	2324.370868
  29.800	   0.420	       562.612	        67.291	    27.093	   517.799	    27.499	    97.948	     0.069	     1.415	488.474238	475.057094	561.233377	2325.191392
  30.000	   0.416	       565.378	        68.805	    26.348	   518.407	    24.196	    97.926	     0.067	     1.240	491.698830	478.633285	564.596165	2326.263451
  30.200	   0.412	       567.969	        69.987	    25.781	   518.956	    21.853	    97.881	     0.066	     1.116	493.878895	480.981732	566.900012	2326.862319
  30.400	   0.408	       568.746	        69.274	    25.328	   519.458	    20.135	    97.821	     0.064	     1.024	495.358673	482.496287	567.660717	2326.496778
  30.600	   0.404	       571.703	        70.718	    24.924	   519.930	    18.687	    97.755	     0.063	     0.946	499.140902	486.210328	571.678728	2327.814953
  30.800	   0.400	       574.727	        72.031	    24.719	   520.383	    18.306	    97.670	     0.063	     0.923	502.085832	488.980350	574.441315	2328.886411
  31.000	   0.396	       576.851	        72.927	    24.428	   520.818	    17.403	    97.628	     0.062	     0.875	503.354315	490.135296	575.566518	2329.262704
  31.200	   0.392	       577.844	        72.864	    23.964	   521.221	    15.537	    97.594	     0.061	     0.778	504.554068	491.378753	577.232218	2329.918035
  31.400	   0.389	       577.258	        71.216	    23.458	   521.577	    13.414	    97.550	     0.059	     0.670	504.061152	490.987235	576.516674	2328.569817
  31.600	   0.385	       577.426	        70.154	    23.156	   521.890	    12.398	    97.485	     0.058	     0.617	504.627811	491.460587	577.017640	2326.795107
  31.800	   0.381	       578.121	        69.594	    22.793	   522.182	    11.024	    97.414	     0.057	     0.547	505.607831	492.433593	577.557257	2326.150612
  32.000	   0.377	       579.846	        69.958	    22.472	   522.440	     9.934	    97.327	     0.057	     0.491	506.516230	493.599517	579.321955	2326.506487
  32.200	   0.373	       582.239	        70.319	    21.801	   522.665	     7.739	    97.166	     0.055	     0.381	508.296551	495.875285	581.865957	2327.526992
  32.400	   0.369	       584.396	        70.043	    20.935	   522.829	     4.939	    96.955	     0.052	     0.242	509.199151	497.572529	583.260223	2326.814312
  32.600	   0.365	       586.100	        68.927	    20.150	   522.935	     2.227	    96.699	     0.050	     0.108	510.115996	499.201290	585.140543	2325.693631
  32.800	   0.361	       587.825	        67.842	    19.575	   522.978	    -0.224	    96.438	     0.049	    -0.011	512.179750	501.744401	587.664489	2324.319864
  33.000	   0.357	       590.638	        67.997	    19.018	   522.970	    -2.592	    96.184	     0.047	    -0.125	513.581381	503.631584	589.428782	2324.474851
  33.200	   0.353	       594.563	        68.862	    18.180	   522.894	    -6.123	    95.880	     0.045	    -0.293	516.184213	506.909578	592.875050	2325.098094
  33.400	   0.349	       598.202	        69.384	    17.260	   522.735	   -10.014	    95.558	     0.043	    -0.477	519.575353	511.014451	596.991570	2326.061183
  33.600	   0.345	       601.086	        68.853	    16.158	   522.484	   -14.703	    95.194	     0.040	    -0.696	519.717996	512.064695	598.637829	2325.020300
  33.800	   0.341	       601.258	        65.193	    14.810	   522.114	   -20.622	    94.774	     0.036	    -0.969	519.605906	513.005284	599.273890	2322.088383
  34.000	   0.338	       602.046	        62.143	    13.272	   521.595	   -28.088	    94.330	     0.032	    -1.312	519.086070	513.673333	599.803355	2318.631496
  34.200	   0.334	       601.765	        58.223	    11.668	   520.906	   -35.800	    93.878	     0.028	    -1.663	517.046984	512.773208	599.508160	2315.123845
  34.400	   0.330	       603.465	        56.359	     9.763	   520.015	   -45.596	    93.401	     0.024	    -2.107	515.932056	512.840999	599.833933	2312.667023
  34.600	   0.326	       606.630	        55.523	     7.485	   518.867	   -57.958	    92.845	     0.018	    -2.664	516.592072	514.725354	602.166999	2312.456823
  34.800	   0.322	       608.336	        53.118	     4.663	   517.417	   -73.320	    92.233	     0.011	    -3.354	516.807288	516.038216	603.433314	2310.548032
  35.000	   0.318	       609.355	        50.288	     1.517	   515.581	   -91.629	    91.583	     0.004	    -4.177	516.558306	516.470063	604.405751	2307.907922
  35.200	   0.314	       608.524	        47.448	    -1.779	   513.287	  -112.118	    91.013	    -0.004	    -5.115	515.226050	515.326379	603.007963	2304.302623
  35.400	   0.310	       603.531	        45.357	    -4.564	   510.520	  -131.012	    90.762	    -0.011	    -6.041	512.489490	513.230586	600.126258	2302.943037
  35.600	   0.306	       600.172	        49.785	    -6.925	   507.245	  -151.177	    90.822	    -0.017	    -7.117	507.749261	509.527877	596.569122	2306.649348
  35.800	   0.302	       595.234	        56.831	    -9.100	   503.474	  -171.244	    91.155	    -0.022	    -8.304	502.138020	505.232995	592.241282	2313.422382
  36.000	   0.298	       591.344	        67.285	   -10.752	   499.272	  -185.769	    91.632	    -0.027	    -9.335	498.330113	502.768781	589.097195	2323.579523
  36.200	   0.294	       584.817	        76.007	   -11.827	   494.761	  -193.806	    92.163	    -0.030	   -10.124	491.948308	497.500435	583.813299	2332.106075
  36.400	   0.290	       575.365	        80.166	   -12.395	   490.093	  -195.886	    92.545	    -0.032	   -10.615	483.528826	489.783224	574.995878	2335.903302
  36.600	   0.286	       566.483	        82.292	   -12.506	   485.390	  -192.873	    92.695	    -0.032	   -10.794	474.767733	481.312791	566.397522	2337.557651
  36.800	   0.283	       556.806	        80.221	   -12.221	   480.767	  -185.635	    92.540	    -0.032	   -10.655	465.977245	472.379703	557.361677	2335.327813
  37.000	   0.279	       548.300	        78.367	   -11.785	   476.304	  -177.174	    92.325	    -0.031	   -10.410	457.550665	463.638163	548.713100	2333.123821
  37.200	   0.275	       542.617	        78.480	   -11.330	   472.009	  -168.763	    92.059	    -0.030	   -10.130	452.231960	457.983742	542.855309	2333.364313
  37.400	   0.271	       536.173	        78.354	   -11.053	   467.866	  -162.438	    91.877	    -0.029	    -9.972	445.890953	451.482301	536.663001	2333.438754
  37.600	   0.267	       530.121	        79.700	   -10.966	   463.818	  -158.278	    91.827	    -0.029	    -9.963	439.643646	445.293333	530.590388	2334.963009
  37.800	   0.263	       524.734	        81.413	   -10.777	   459.840	  -153.276	    91.765	    -0.029	    -9.887	434.225348	439.816877	524.829873	2335.802025
  38.000	   0.259	       520.323	        81.679	   -10.249	   455.999	  -145.252	    91.479	    -0.028	    -9.548	431.405444	436.591405	521.266650	2336.358415
  38.200	   0.255	       518.659	        83.482	    -9.543	   452.352	  -136.087	    91.104	    -0.026	    -9.089	430.524329	435.139617	519.896542	2338.009447
  38.400	   0.251	       516.867	        84.919	    -8.774	   448.913	  -126.954	    90.744	    -0.024	    -8.607	429.483746	433.495933	518.370005	2339.507704
  38.600	   0.247	       516.335	        87.361	    -7.930	   445.691	  -117.550	    90.400	    -0.022	    -8.082	429.982726	433.336564	517.807927	2341.171599
  38.800	   0.243	       515.432	        88.693	    -6.880	   442.715	  -106.874	    90.026	    -0.019	    -7.435	430.685585	433.288233	517.852494	2343.077038
  39.000	   0.239	       514.490	        89.686	    -5.675	   440.014	   -95.605	    89.676	    -0.016	    -6.722	429.812639	431.633715	516.352219	2343.694543
  39.200	   0.235	       512.819	        90.195	    -4.506	   437.580	   -85.748	    89.405	    -0.012	    -6.093	428.835395	430.011843	514.608293	2344.111481
  39.400	   0.232	       510.276	        90.155	    -3.282	   435.420	   -76.619	    89.225	    -0.009	    -5.504	427.011712	427.651599	511.984391	2343.887125
  39.600	   0.228	       506.653	        89.256	    -2.051	   433.484	   -68.259	    89.116	    -0.006	    -4.957	424.136064	424.401938	508.970784	2343.257085
  39.800	   0.224	       503.676	        88.943	    -0.824	   431.761	   -60.421	    89.045	    -0.002	    -4.433	421.512093	421.557258	506.055416	2342.784437
  40.000	   0.220	       501.215	        88.977	     0.365	   430.242	   -53.174	    89.000	     0.001	    -3.939	418.403660	418.397592	503.101544	2342.851956
  40.200	   0.216	       498.168	        87.784	     1.252	   428.899	   -47.557	    88.923	     0.004	    -3.550	415.189739	415.095562	499.285794	2341.913106
  40.400	   0.212	       495.142	        87.233	     2.088	   427.680	   -43.077	    88.939	     0.006	    -3.244	411.938422	411.668159	496.383335	2341.218929
  40.600	   0.208	       492.493	        87.169	     3.094	   426.591	   -38.019	    88.997	     0.009	    -2.889	410.153824	409.526312	493.768889	2340.978014
  40.800	   0.204	       491.546	        87.325	     4.296	   425.649	   -32.843	    88.925	     0.012	    -2.508	410.120128	408.896359	493.433389	2341.376453
  41.000	   0.200	       492.918	        89.529	     5.410	   424.834	   -28.092	    88.850	     0.015	    -2.154	412.160273	410.166214	494.691163	2343.775965
  41.200	   0.196	       493.146	        92.046	     6.551	   424.146	   -22.987	    88.964	     0.019	    -1.776	413.620884	410.650027	495.113428	2345.892182
  41.400	   0.192	       495.656	        93.304	     7.736	   423.615	   -17.428	    88.720	     0.022	    -1.344	417.210698	412.928942	497.427993	2347.208497
  41.600	   0.188	       496.807	        93.537	     9.029	   423.239	   -11.609	    88.548	     0.025	    -0.894	420.820272	414.859417	498.787970	2347.619414
  41.800	   0.184	       498.312	        92.173	    10.396	   423.026	    -4.980	    88.199	     0.029	    -0.381	424.415162	416.324887	500.681023	2346.735360
  42.000	   0.181	       502.689	        90.901	    11.605	   423.009	     1.606	    87.597	     0.032	     0.121	429.913398	419.585958	504.040583	2345.110748
  42.200	   0.177	       505.472	        88.650	    12.556	   423.147	     6.712	    87.102	     0.035	     0.501	435.088368	422.702473	507.256873	2343.491805
  42.400	   0.173	       509.785	        86.374	    13.304	   423.422	    11.328	    86.483	     0.037	     0.831	440.344463	426.110716	511.205928	2341.321574
  42.600	   0.169	       513.954	        84.161	    13.839	   423.804	    14.917	    85.920	     0.038	     1.078	445.605443	429.614038	514.544525	2339.311961
  42.800	   0.165	       517.089	        81.757	    14.043	   424.252	    16.848	    85.463	     0.038	     1.200	448.683528	431.760992	517.032169	2336.922512
  43.000	   0.161	       519.137	        79.523	    14.037	   424.732	    17.518	    85.141	     0.038	     1.234	451.166893	433.717224	519.350528	2335.132931
  43.200	   0.157	       522.085	        78.623	    13.952	   425.221	    17.707	    84.867	     0.038	     1.235	454.342501	436.600100	521.760947	2334.270824
  43.400	   0.153	       525.530	        78.231	    13.770	   425.705	    17.480	    84.596	     0.037	     1.208	457.748207	439.919965	525.456271	2333.932243
  43.600	   0.149	       529.054	        78.933	    13.447	   426.174	    16.314	    84.421	     0.036	     1.119	460.767390	443.070104	528.380038	2334.387583
  43.800	   0.145	       532.654	        79.841	    13.112	   426.608	    15.054	    84.252	     0.035	     1.025	463.722922	446.458108	532.082579	2335.422043
  44.000	   0.141	       534.838	        79.969	    12.700	   427.000	    13.276	    84.136	     0.034	     0.899	465.610549	448.809535	534.164996	2335.210619
  44.200	   0.137	       536.994	        79.664	    12.352	   427.350	    11.892	    83.975	     0.033	     0.800	467.460200	451.080826	536.675385	2335.383520
  44.400	   0.133	       538.970	        79.430	    11.980	   427.658	    10.331	    83.830	     0.032	     0.691	468.771539	452.911987	538.535394	2335.011742
  44.600	   0.130	       539.883	        78.631	    11.588	   427.922	     8.614	    83.723	     0.031	     0.574	468.714981	453.412462	539.189165	2334.153325
  44.800	   0.126	       541.372	        79.079	    11.121	   428.130	     6.424	    83.666	     0.029	     0.427	468.992911	454.562743	540.169154	2334.569718
  45.000	   0.122	       540.427	        78.174	    10.520	   428.265	     3.411	    83.693	     0.028	     0.227	467.154181	453.808925	539.648741	2333.842836
  45.200	   0.118	       539.649	        77.773	     9.891	   428.316	     0.244	    83.733	     0.026	     0.016	465.022140	452.875187	538.604283	2333.358123
  45.400	   0.114	       539.286	        78.158	     9.229	   428.276	    -3.098	    83.790	     0.024	    -0.206	463.535650	452.600618	538.373943	2333.291842
  45.600	   0.110	       539.823	        78.008	     8.807	   428.168	    -4.998	    83.704	     0.023	    -0.332	463.949216	453.713966	539.240103	2333.604624
  45.800	   0.106	       540.604	        79.284	     8.225	   427.990	    -7.835	    83.711	     0.022	    -0.522	463.083360	453.893866	539.856914	2334.891783
  46.000	   0.102	       541.418	        80.594	     7.667	   427.736	   -10.515	    83.704	     0.020	    -0.701	462.809930	454.606655	540.452312	2335.912846
  46.200	   0.098	       543.780	        81.192	     7.022	   427.405	   -13.685	    83.477	     0.019	    -0.910	463.399408	456.207600	542.125509	2336.166628
  46.400	   0.094	       546.154	        79.467	     6.265	   426.978	   -17.487	    83.023	     0.016	    -1.153	465.488177	459.620927	545.242853	2335.106861
  46.600	   0.090	       549.180	        78.131	     5.575	   426.448	   -20.883	    82.533	     0.015	    -1.366	467.141881	462.342530	548.094417	2333.593569
  46.800	   0.086	       552.808	        77.013	     4.896	   425.835	   -24.134	    82.000	     0.013	    -1.565	469.704312	465.871558	551.730480	2332.322520
  47.000	   0.082	       558.214	        77.074	     4.239	   425.149	   -27.185	    81.410	     0.011	    -1.746	474.174222	471.176948	556.929921	2332.123616
  47.200	   0.078	       564.076	        78.094	     3.464	   424.365	   -30.826	    80.853	     0.009	    -1.964	479.115467	477.046276	562.966564	2333.737258
  47.400	   0.075	       570.575	        79.918	     2.678	   423.481	   -34.491	    80.298	     0.007	    -2.181	484.453782	483.160815	569.112739	2335.019322
  47.600	   0.071	       576.545	        81.052	     1.975	   422.499	   -37.697	    79.719	     0.005	    -2.366	490.382219	489.648468	575.664880	2336.393778
  47.800	   0.067	       581.041	        81.037	     1.217	   421.419	   -41.141	    79.155	     0.003	    -2.565	493.278803	493.006106	579.147336	2336.388354
  48.000	   0.063	       588.286	        76.666	    -0.230	   420.196	   -47.785	    78.024	    -0.001	    -2.920	499.487767	499.490590	585.964038	2332.621493
  48.200	   0.059	       593.811	        71.749	    -1.924	   418.762	   -55.844	    76.977	    -0.005	    -3.356	504.218205	504.849133	591.303950	2327.618664
  48.400	   0.055	       595.270	        67.690	    -3.356	   417.105	   -63.505	    76.272	    -0.008	    -3.792	504.742573	506.923220	593.324881	2323.368701
  48.600	   0.051	       592.806	        68.198	    -4.119	   415.228	   -69.285	    76.145	    -0.010	    -4.179	503.049410	506.555208	591.979047	2323.342205
  48.800	   0.047	       588.341	        77.313	    -4.428	   413.179	   -74.495	    76.770	    -0.011	    -4.636	497.957998	502.175185	587.647861	2332.186474
  49.000	   0.043	       584.292	        88.324	    -4.708	   410.988	   -78.512	    77.514	    -0.012	    -5.061	493.420614	498.228093	583.761336	2343.281603
  49.200	   0.039	       582.021	        96.702	    -5.165	   408.690	   -81.176	    77.923	    -0.013	    -5.378	489.272159	495.259058	581.336037	2351.818284
  49.400	   0.035	       574.408	        98.870	    -5.503	   406.327	   -81.998	    78.267	    -0.014	    -5.577	481.702340	488.899759	574.136693	2353.490921
  49.600	   0.031	       562.769	        92.421	    -5.326	   403.970	   -79.732	    78.240	    -0.014	    -5.514	471.180996	478.122651	563.086798	2346.844353
  49.800	   0.027	       549.257	        84.371	    -4.905	   401.695	   -75.917	    78.254	    -0.013	    -5.342	458.940240	465.140580	550.134317	2339.005118
  50.000	   0.024	       534.137	        80.258	    -4.388	   399.522	   -71.805	    78.768	    -0.012	    -5.203	445.012231	450.088093	534.974762	2334.653158
  50.200	   0.020	       522.750	        82.435	    -3.830	   397.469	   -67.074	    79.560	    -0.010	    -5.036	434.932425	438.881565	523.768584	2336.855555
  50.400	   0.016	       514.484	        91.006	    -3.244	   395.554	   -61.760	    80.734	    -0.009	    -4.845	427.170127	430.131449	515.246279	2345.161139
  50.600	   0.012	       499.579	        99.631	    -2.652	   393.797	   -55.949	    82.705	    -0.008	    -4.668	413.474992	415.651426	500.662697	2353.961728
  50.800	   0.008	       483.983	       105.583	    -1.856	   392.219	   -49.138	    84.685	    -0.005	    -4.350	399.286949	400.370018	485.098245	2359.559618
  51.000	   0.004	       471.964	       104.860	    -0.949	   390.859	   -41.140	    85.679	    -0.003	    -3.767	388.921039	389.245698	473.825085	2359.118951
  51.200	   0.000	       469.912	        98.709	     0.000	   389.749	   -31.718	    85.008	    -0.000	    -2.996	386.493772	386.493641	470.992144	2352.492743
  51.400	   0.000	       488.994	        96.709	     0.000	   388.793	   -31.485	    82.516	     0.000	    -2.717	402.318537	402.317659	488.263384	2344.886141
  51.600	   0.000	       488.760	        94.709	     0.000	   387.842	   -31.254	    82.130	     0.000	    -2.692	404.314432	404.307959	489.248641	2338.605356
  51.800	   0.000	       497.601	        92.709	     0.000	   386.895	   -31.026	    80.719	     0.000	    -2.600	412.252450	412.252875	497.789709	2336.176498
  52.000	   0.000	       507.244	        90.709	     0.000	   385.953	   -30.800	    79.557	     0.000	    -2.526	421.791026	421.777798	507.087945	2337.207352
  52.200	   0.000	       514.684	        88.709	     0.000	   385.016	   -30.576	    78.395	     0.000	    -2.452	430.078869	430.076766	515.236464	2339.608835
  52.400	   0.000	       539.189	        86.709	     0.000	   384.083	   -30.354	    75.942	     0.000	    -2.301	453.414396	453.402610	538.929322	2341.469970
  52.600	   0.000	       547.224	        88.331	     0.000	   383.155	   -30.135	    75.179	     0.000	    -2.255	462.650554	462.642227	547.615514	2343.324810
  52.800	   0.000	       565.805	        89.491	     0.000	   382.231	   -29.917	    73.536	     0.000	    -2.158	480.262882	480.262889	565.987959	2344.231486
  53.000	   0.000	       571.528	        89.698	     0.000	   381.312	   -29.702	    73.083	     0.000	    -2.131	486.244558	486.219700	571.256472	2344.454533
  53.200	   0.000	       586.201	        90.160	     0.000	   380.397	   -29.489	    71.727	     0.000	    -2.053	500.766109	500.766121	586.164828	2344.926155
  53.400	   0.000	       598.528	        88.750	     0.000	   379.486	   -29.278	    70.686	     0.000	    -1.994	513.269649	513.249186	598.234630	2343.494992
  53.600	   0.000	       603.124	        87.886	     0.000	   378.580	   -29.068	    70.056	     0.000	    -1.958	517.834099	517.835379	603.335918	2342.623339
  53.800	   0.000	       604.150	        87.864	     0.000	   377.678	   -28.861	    69.777	     0.000	    -1.943	517.721394	517.726851	603.499414	2342.608912
  54.000	   0.000	       580.076	        87.586	     0.000	   376.781	   -28.656	    71.324	     0.000	    -2.030	494.688763	494.690029	579.782799	2342.350292
  54.200	   0.000	       576.465	        89.075	     0.000	   375.887	   -28.452	    71.436	     0.000	    -2.036	491.442973	491.462136	576.819638	2343.881772
  54.400	   0.000	       561.697	        90.283	     0.000	   374.998	   -28.251	    72.560	     0.000	    -2.101	476.221823	476.220608	561.465004	2344.978056
  54.600	   0.000	       551.146	        90.455	     0.000	   374.113	   -28.052	    73.110	     0.000	    -2.133	465.861797	465.890991	551.129010	2345.215773
  54.800	   0.000	       539.111	        90.910	     0.000	   373.233	   -27.854	    74.022	     0.000	    -2.186	453.098155	453.100773	538.758922	2345.648137
  55.000	   0.000	       515.424	        89.626	     0.000	   372.356	   -27.658	    75.696	     0.000	    -2.286	430.600768	430.631335	515.480953	2344.374939
  55.200	   0.000	       509.041	        88.698	     0.000	   371.483	   -27.464	    76.071	     0.000	    -2.309	423.371538	423.374375	509.168583	2343.395488
  55.400	   0.000	       492.370	        88.627	     0.000	   370.615	   -27.272	    77.459	     0.000	    -2.394	407.431643	407.432802	492.570485	2343.379137
  55.600	   0.000	       490.823	        88.393	     0.000	   369.751	   -27.082	    77.342	     0.000	    -2.387	405.369002	405.386068	490.659428	2343.144838
  55.800	   0.000	       481.095	        89.817	     0.000	   368.890	   -26.893	    78.346	     0.000	    -2.449	396.024764	396.024065	481.273931	2344.570652
  56.000	   0.000	       474.362	        90.986	     0.000	   368.034	   -26.706	    78.869	     0.000	    -2.482	389.565073	389.581394	474.641893	2345.721059
  56.200	   0.000	       479.259	        91.212	     0.000	   367.182	   -26.521	    78.366	     0.000	    -2.451	393.839024	393.814430	479.366819	2345.970120
  56.400	   0.000	       490.848	        91.628	     0.000	   366.333	   -26.338	    77.099	     0.000	    -2.372	406.371868	406.355058	490.930854	2346.368066
  56.600	   0.000	       514.152	        90.417	     0.000	   365.489	   -26.156	    74.626	     0.000	    -2.222	428.398212	428.392177	514.161515	2345.167981
  56.800	   0.000	       520.923	        89.443	     0.000	   364.648	   -25.976	    73.807	     0.000	    -2.174	436.841830	436.816275	521.727325	2344.159685
  57.000	   0.000	       538.495	        89.377	     0.000	   363.811	   -25.797	    72.106	     0.000	    -2.075	452.232638	452.232840	537.921344	2344.141571
  57.200	   0.000	       545.533	        89.177	     0.000	   362.978	   -25.621	    71.431	     0.000	    -2.036	460.918441	460.881549	545.960702	2343.924524
  57.400	   0.000	       563.299	        90.507	     0.000	   362.149	   -25.445	    70.005	     0.000	    -1.956	477.300733	477.291105	562.754294	2345.274075
  57.600	   0.000	       578.621	        91.742	     0.000	   361.324	   -25.272	    68.850	     0.000	    -1.891	493.379085	493.339500	578.756766	2346.461549
  57.800	   0.000	       583.528	        91.926	     0.000	   360.502	   -25.100	    68.290	     0.000	    -1.861	498.440466	498.438821	583.503902	2346.709778
  58.000	   0.000	       594.160	        92.336	     0.000	   359.684	   -24.929	    67.467	     0.000	    -1.816	507.863296	507.863669	593.485192	2347.073912
  58.200	   0.000	       588.349	        91.201	     0.000	   358.870	   -24.760	    67.639	     0.000	    -1.826	503.333476	503.325944	588.396719	2345.952495
  58.400	   0.000	       594.455	        90.183	     0.000	   358.059	   -24.593	    66.966	     0.000	    -1.789	508.189754	508.195412	593.870713	2344.886920
  58.600	   0.000	       590.599	        90.089	     0.000	   357.253	   -24.427	    67.106	     0.000	    -1.797	505.215053	505.209665	590.576308	2344.867040
  58.800	   0.000	       577.266	        89.931	     0.000	   356.449	   -24.263	    67.718	     0.000	    -1.830	491.227272	491.357683	576.714931	2344.671609
  59.000	   0.000	       557.143	        91.180	     0.000	   355.650	   -24.100	    69.169	     0.000	    -1.909	471.782432	471.806872	556.977703	2345.942190
  59.200	   0.000	       536.911	        92.467	     0.000	   354.854	   -23.938	    70.619	     0.000	    -1.990	451.561062	451.616709	537.149803	2347.171574
  59.400	   0.000	       525.949	        92.671	     0.000	   354.061	   -23.778	    71.404	     0.000	    -2.034	440.468110	440.487849	525.714793	2347.399031
  59.600	   0.000	       513.071	        92.996	     0.000	   353.272	   -23.620	    72.384	     0.000	    -2.091	427.661916	427.662254	512.945401	2347.742533
  59.800	   0.000	       505.980	        91.932	     0.000	   352.487	   -23.463	    72.688	     0.000	    -2.108	420.545645	420.617233	506.141315	2346.682927
  60.000	   0.000	       488.564	        90.843	     0.000	   351.705	   -23.307	    74.067	     0.000	    -2.189	403.411616	403.412659	488.418139	2345.560434
  60.200	   0.000	       480.291	        90.798	     0.000	   350.926	   -23.152	    74.580	     0.000	    -2.219	395.531142	395.606019	480.968926	2345.533976
  60.400	   0.000	       478.276	        90.610	     0.000	   350.151	   -22.999	    74.764	     0.000	    -2.230	392.880708	392.865390	478.089148	2345.349761
  60.600	   0.000	       476.791	        91.791	     0.000	   349.379	   -22.848	    74.766	     0.000	    -2.231	392.478245	392.477938	477.396557	2346.548660
  60.800	   0.000	       487.810	        93.103	     0.000	   348.611	   -22.697	    73.730	     0.000	    -2.169	402.285593	402.280681	487.755676	2347.811365
  61.000	   0.000	       484.797	        93.266	     0.000	   347.846	   -22.548	    73.834	     0.000	    -2.175	399.811588	399.806829	484.917932	2348.000951
  61.200	   0.000	       499.260	        93.606	     0.000	   347.085	   -22.400	    72.392	     0.000	    -2.091	414.406959	414.397938	499.666638	2348.329763
  61.400	   0.000	       517.758	        92.567	     0.000	   346.327	   -22.254	    70.689	     0.000	    -1.994	432.405883	432.244032	517.528224	2347.315905
  61.600	   0.000	       538.151	        91.420	     0.000	   345.572	   -22.109	    68.699	     0.000	    -1.883	453.052641	453.040664	538.445749	2346.139672
  61.800	   0.000	       556.982	        91.382	     0.000	   344.820	   -21.965	    67.210	     0.000	    -1.802	471.224969	471.122798	556.691380	2346.114909
  62.000	   0.000	       563.321	        91.191	     0.000	   344.072	   -21.822	    66.522	     0.000	    -1.766	478.485131	478.484808	563.403742	2345.922699
  62.200	   0.000	       572.595	        92.292	     0.000	   343.327	   -21.680	    65.796	     0.000	    -1.727	487.127693	487.118852	572.670959	2347.043664
  62.400	   0.000	       576.307	        93.615	     0.000	   342.585	   -21.540	    65.558	     0.000	    -1.715	491.116051	491.080732	576.165248	2348.327045
  62.600	   0.000	       589.558	        93.734	     0.000	   341.846	   -21.401	    64.471	     0.000	    -1.659	503.552552	503.557357	589.058609	2348.480764
  62.800	   0.000	       590.078	        94.025	     0.000	   341.110	   -21.263	    64.373	     0.000	    -1.654	504.658472	504.621055	590.052172	2348.795411
  63.000	   0.000	       586.014	        93.053	     0.000	   340.378	   -21.127	    64.350	     0.000	    -1.652	500.448926	500.522847	585.759028	2347.803409
  63.200	   0.000	       576.988	        91.848	     0.000	   339.649	   -20.991	    64.754	     0.000	    -1.673	491.423476	491.428504	576.956932	2346.573181
  63.400	   0.000	       564.704	        91.817	     0.000	   338.923	   -20.857	    65.443	     0.000	    -1.709	479.275775	479.292986	564.226431	2346.538328
  63.600	   0.000	       561.177	        91.559	     0.000	   338.200	   -20.724	    65.513	     0.000	    -1.713	475.215051	475.247103	560.970960	2346.330432
  63.800	   0.000	       538.264	        92.600	     0.000	   337.480	   -20.592	    67.084	     0.000	    -1.796	453.589661	453.611259	538.665913	2347.369150
  64.000	   0.000	       521.043	        93.964	     0.000	   336.763	   -20.461	    68.328	     0.000	    -1.863	434.974058	435.124599	520.586271	2348.676940
  64.200	   0.000	       500.521	        94.056	     0.000	   336.049	   -20.331	    70.012	     0.000	    -1.956	415.427341	415.430102	500.780985	2348.796220
  64.400	   0.000	       486.084	        94.337	     0.000	   335.338	   -20.202	    71.067	     0.000	    -2.015	400.980320	401.058864	485.890062	2349.087570
  64.600	   0.000	       485.979	        93.380	     0.000	   334.630	   -20.074	    70.983	     0.000	    -2.011	400.805783	400.796358	486.365704	2348.132023
  64.800	   0.000	       479.887	        92.086	     0.000	   333.926	   -19.948	    71.160	     0.000	    -2.021	394.718794	394.730057	480.012517	2346.814926
  65.000	   0.000	       480.086	        92.030	     0.000	   333.224	   -19.822	    71.042	     0.000	    -2.014	394.424942	394.431886	479.677010	2346.757744
  65.200	   0.000	       473.272	        91.764	     0.000	   332.525	   -19.698	    71.544	     0.000	    -2.042	388.942908	388.926917	473.912062	2346.522711
  65.400	   0.000	       476.709	        92.734	     0.000	   331.829	   -19.574	    71.079	     0.000	    -2.016	391.541261	391.545122	476.794459	2347.488383
  65.600	   0.000	       490.467	        94.112	     0.000	   331.136	   -19.452	    69.978	     0.000	    -1.954	405.228027	405.107380	490.495861	2348.822098
  65.800	   0.000	       503.149	        94.174	     0.000	   330.445	   -19.331	    68.638	     0.000	    -1.880	417.826504	417.824975	503.104797	2348.911242
  66.000	   0.000	       516.058	        94.432	     0.000	   329.758	   -19.210	    67.551	     0.000	    -1.821	430.564557	430.515352	515.745546	2349.158358
  66.200	   0.000	       525.566	        93.501	     0.000	   329.074	   -19.091	    66.537	     0.000	    -1.767	441.137264	441.101593	526.246312	2348.232082
  66.400	   0.000	       547.797	        92.103	     0.000	   328.392	   -18.972	    64.685	     0.000	    -1.670	462.232551	462.188452	547.619095	2346.836859
  66.600	   0.000	       562.310	        92.012	     0.000	   327.713	   -18.855	    63.540	     0.000	    -1.611	477.353222	477.275914	562.256912	2346.748721
  66.800	   0.000	       578.444	        91.738	     0.000	   327.037	   -18.739	    62.280	     0.000	    -1.548	493.172967	493.172211	578.430491	2346.489430
  67.000	   0.000	       584.208	        92.596	     0.000	   326.364	   -18.623	    61.857	     0.000	    -1.527	498.487428	498.479499	583.814178	2347.353537
  67.200	   0.000	       577.086	        93.999	     0.000	   325.693	   -18.509	    62.178	     0.000	    -1.543	492.178909	492.196092	577.564993	2348.719727
  67.400	   0.000	       579.353	        94.031	     0.000	   325.026	   -18.395	    62.005	     0.000	    -1.534	493.165263	493.162426	578.607808	2348.773144
  67.600	   0.000	       573.533	        94.229	     0.000	   324.361	   -18.282	    62.239	     0.000	    -1.546	488.278054	488.279999	573.424721	2348.959360
  67.800	   0.000	       574.320	        93.337	     0.000	   323.698	   -18.171	    61.959	     0.000	    -1.532	488.949789	488.964351	574.414711	2348.074399
  68.000	   0.000	       563.545	        91.846	     0.000	   323.039	   -18.060	    62.459	     0.000	    -1.557	477.422850	477.444573	562.898444	2346.588968
  68.200	   0.000	       543.913	        91.718	     0.000	   322.382	   -17.950	    63.585	     0.000	    -1.613	458.848813	458.940812	544.030674	2346.464950
  68.400	   0.000	       529.839	        91.454	     0.000	   321.728	   -17.841	    64.529	     0.000	    -1.662	444.076205	444.080491	529.299256	2346.187538
  68.600	   0.000	       515.561	        92.198	     0.000	   321.076	   -17.733	    65.475	     0.000	    -1.711	430.295095	430.380886	515.738156	2346.948396
  68.800	   0.000	       502.243	        93.604	     0.000	   320.427	   -17.625	    66.518	     0.000	    -1.766	416.658060	416.674400	502.186921	2348.330378
  69.000	   0.000	       485.621	        93.600	     0.000	   319.781	   -17.519	    67.797	     0.000	    -1.834	399.939620	399.991748	485.192906	2348.352820
  69.200	   0.000	       474.177	        93.745	     0.000	   319.137	   -17.413	    68.660	     0.000	    -1.881	388.745650	388.780975	474.213475	2348.478598
  69.400	   0.000	       464.284	        92.924	     0.000	   318.496	   -17.308	    69.463	     0.000	    -1.925	379.290963	379.288163	464.416910	2347.639151
  69.600	   0.000	       469.515	        91.333	     0.000	   317.857	   -17.205	    68.670	     0.000	    -1.882	384.482772	384.481138	469.712553	2346.066650
  69.800	   0.000	       477.877	        91.157	     0.000	   317.221	   -17.101	    67.793	     0.000	    -1.834	392.753014	392.715098	478.059814	2345.913693
  70.000	   0.000	       482.694	        90.896	     0.000	   316.588	   -16.999	    67.188	     0.000	    -1.801	397.677924	397.679198	482.562680	2345.622228
  70.200	   0.000	       489.896	        91.516	     0.000	   315.957	   -16.898	    66.514	     0.000	    -1.765	404.585927	404.569105	490.221403	2346.275183
  70.400	   0.000	       493.125	        92.955	     0.000	   315.328	   -16.797	    66.244	     0.000	    -1.751	408.135572	408.119508	493.272809	2347.689541
  70.600	   0.000	       512.878	        92.927	     0.000	   314.702	   -16.697	    64.595	     0.000	    -1.665	427.614501	427.530615	512.787867	2347.678674
  70.800	   0.000	       529.209	        93.022	     0.000	   314.079	   -16.598	    63.232	     0.000	    -1.595	444.602646	444.553003	529.741279	2347.755815
  71.000	   0.000	       544.504	        92.223	     0.000	   313.458	   -16.500	    61.945	     0.000	    -1.531	458.860393	458.853919	544.094596	2346.960954
  71.200	   0.000	       557.190	        90.547	     0.000	   312.839	   -16.403	    60.885	     0.000	    -1.479	472.169082	472.088622	557.586065	2345.307357
  71.400	   0.000	       565.632	        90.383	     0.000	   312.223	   -16.306	    60.150	     0.000	    -1.444	480.754642	480.754506	565.637393	2345.141740
  71.600	   0.000	       578.041	        90.111	     0.000	   311.610	   -16.210	    59.310	     0.000	    -1.404	492.410596	492.357050	577.790384	2344.837424
  71.800	   0.000	       581.050	        90.641	     0.000	   310.998	   -16.115	    58.975	     0.000	    -1.388	495.998672	495.998377	581.207327	2345.406791
  72.000	   0.000	       582.097	        92.135	     0.000	   310.389	   -16.020	    58.885	     0.000	    -1.384	495.769832	495.788358	581.556825	2346.849583
  72.200	   0.000	       567.198	        92.052	     0.000	   309.783	   -15.926	    59.643	     0.000	    -1.419	482.337293	482.360391	567.435998	2346.809768
  72.400	   0.000	       556.796	        92.123	     0.000	   309.179	   -15.833	    60.204	     0.000	    -1.446	470.673119	470.728436	556.328286	2346.852402
  72.600	   0.000	       547.238	        91.348	     0.000	   308.577	   -15.741	    60.725	     0.000	    -1.471	461.814904	461.814909	547.054312	2346.091600
  72.800	   0.000	       538.309	        89.628	     0.000	   307.978	   -15.650	    61.003	     0.000	    -1.485	453.194964	453.225869	538.348707	2344.383459
  73.000	   0.000	       529.994	        89.438	     0.000	   307.380	   -15.559	    61.490	     0.000	    -1.509	444.192262	444.223827	529.525919	2344.215719
  73.200	   0.000	       504.990	        89.170	     0.000	   306.786	   -15.469	    63.097	     0.000	    -1.589	420.347647	420.431454	505.386062	2343.903812
  73.400	   0.000	       494.157	        89.653	     0.000	   306.193	   -15.379	    63.902	     0.000	    -1.629	408.128586	408.163104	493.842733	2344.414144
  73.600	   0.000	       478.213	        91.164	     0.000	   305.603	   -15.290	    65.231	     0.000	    -1.698	392.645673	392.655648	477.886365	2345.872310
  73.800	   0.000	       469.644	        91.053	     0.000	   305.015	   -15.202	    65.781	     0.000	    -1.727	384.866331	384.896981	470.185206	2345.812375
  74.000	   0.000	       468.456	        91.102	     0.000	   304.429	   -15.115	    65.857	     0.000	    -1.731	383.251594	383.249176	468.461198	2345.842639
  74.200	   0.000	       459.524	        90.370	     0.000	   303.846	   -15.028	    66.374	     0.000	    -1.758	374.907209	374.924727	460.069298	2345.109401
  74.400	   0.000	       465.785	        88.609	     0.000	   303.264	   -14.942	    65.618	     0.000	    -1.718	380.489960	380.478961	465.696832	2343.374698
  74.600	   0.000	       472.680	        88.448	     0.000	   302.685	   -14.857	    64.910	     0.000	    -1.681	387.774676	387.734759	472.859028	2343.209938
  74.800	   0.000	       491.536	        88.148	     0.000	   302.109	   -14.772	    63.226	     0.000	    -1.595	406.539203	406.497311	491.963996	2342.898035
  75.000	   0.000	       504.220	        88.610	     0.000	   301.534	   -14.688	    62.174	     0.000	    -1.542	418.765242	418.710520	504.060171	2343.361433
  75.200	   0.000	       512.775	        90.118	     0.000	   300.962	   -14.604	    61.501	     0.000	    -1.509	427.898062	427.898133	513.092978	2344.828450
  75.400	   0.000	       522.409	        89.980	     0.000	   300.391	   -14.521	    60.734	     0.000	    -1.472	437.006427	436.958984	522.217690	2344.761197
  75.600	   0.000	       534.731	        90.043	     0.000	   299.823	   -14.439	    59.770	     0.000	    -1.426	449.981017	449.952117	535.019015	2344.788218
  75.800	   0.000	       555.508	        89.344	     0.000	   299.257	   -14.358	    58.268	     0.000	    -1.355	469.934113	469.884881	555.571386	2344.085067
  76.000	   0.000	       562.987	        87.588	     0.000	   298.693	   -14.277	    57.570	     0.000	    -1.322	477.672931	477.648210	562.591290	2342.346296
  76.200	   0.000	       574.529	        87.411	     0.000	   298.132	   -14.196	    56.749	     0.000	    -1.285	488.921812	488.921875	574.345637	2342.184968
  76.400	   0.000	       572.214	        87.136	     0.000	   297.572	   -14.116	    56.752	     0.000	    -1.285	486.948918	486.948931	572.298286	2341.879869
  76.600	   0.000	       568.753	        87.558	     0.000	   297.015	   -14.037	    56.853	     0.000	    -1.290	483.433397	483.438958	568.592804	2342.301069
  76.800	   0.000	       570.046	        89.059	     0.000	   296.459	   -13.959	    56.781	     0.000	    -1.287	483.807344	483.807931	569.604431	2343.774158
  77.000	   0.000	       556.053	        88.940	     0.000	   295.906	   -13.881	    57.484	     0.000	    -1.319	470.857038	470.893295	555.877870	2343.720817
  77.200	   0.000	       542.895	        88.994	     0.000	   295.355	   -13.803	    58.184	     0.000	    -1.351	457.310329	457.356958	542.812131	2343.747411
  77.400	   0.000	       520.524	        88.347	     0.000	   294.805	   -13.726	    59.503	     0.000	    -1.413	435.712793	435.767712	520.826237	2343.077492
  77.600	   0.000	       509.871	        86.587	     0.000	   294.258	   -13.650	    60.046	     0.000	    -1.439	424.127399	424.149659	509.418586	2341.345212
  77.800	   0.000	       501.527	        86.404	     0.000	   293.713	   -13.574	    60.547	     0.000	    -1.463	416.459078	416.461675	501.605276	2341.176713
  78.000	   0.000	       491.501	        86.116	     0.000	   293.170	   -13.499	    61.108	     0.000	    -1.490	405.840417	405.887279	491.128954	2340.885869
  78.200	   0.000	       477.585	        86.536	     0.000	   292.629	   -13.424	    62.119	     0.000	    -1.540	392.361166	392.380920	477.899860	2341.272338
  78.400	   0.000	       463.862	        88.041	     0.000	   292.089	   -13.350	    63.209	     0.000	    -1.594	378.745563	378.772983	463.868765	2342.757571
  78.600	   0.000	       458.665	        87.955	     0.000	   291.552	   -13.277	    63.610	     0.000	    -1.615	373.084597	373.091134	458.578538	2342.725983
  78.800	   0.000	       455.748	        88.005	     0.000	   291.017	   -13.204	    63.762	     0.000	    -1.622	371.330972	371.321597	456.371533	2342.749412
  79.000	   0.000	       467.111	        87.395	     0.000	   290.484	   -13.131	    62.651	     0.000	    -1.566	381.499231	381.489345	467.020023	2342.123071
  79.200	   0.000	       471.663	        85.637	     0.000	   289.953	   -13.060	    62.015	     0.000	    -1.535	386.582808	386.572624	471.704086	2340.394920
  79.400	   0.000	       480.302	        85.434	     0.000	   289.423	   -12.988	    61.204	     0.000	    -1.495	395.223349	395.198699	480.359743	2340.213198
  79.600	   0.000	       495.090	        85.185	     0.000	   288.896	   -12.917	    60.017	     0.000	    -1.437	410.153674	410.107979	495.335127	2339.945329
  79.800	   0.000	       512.057	        85.545	     0.000	   288.370	   -12.847	    58.688	     0.000	    -1.374	427.045688	427.005246	512.273528	2340.297947
  80.000	   0.000	       533.139	        87.075	     0.000	   287.847	   -12.777	    57.296	     0.000	    -1.310	447.425805	447.387938	532.953556	2341.796194
  80.200	   0.000	       538.175	        87.024	     0.000	   287.325	   -12.708	    56.845	     0.000	    -1.289	453.055459	453.051538	538.227288	2341.783136
  80.400	   0.000	       546.184	        87.044	     0.000	   286.805	   -12.639	    56.238	     0.000	    -1.262	460.777854	460.771378	546.125827	2341.797049
  80.600	   0.000	       553.468	        86.493	     0.000	   286.287	   -12.571	    55.686	     0.000	    -1.237	468.182226	468.156096	553.327111	2341.224285
  80.800	   0.000	       562.780	        84.739	     0.000	   285.771	   -12.503	    54.911	     0.000	    -1.203	477.543336	477.540790	562.953107	2339.501143
  81.000	   0.000	       570.188	        84.533	     0.000	   285.257	   -12.435	    54.396	     0.000	    -1.181	484.918508	484.902666	569.963633	2339.307907
  81.200	   0.000	       568.961	        84.303	     0.000	   284.745	   -12.368	    54.311	     0.000	    -1.177	483.522733	483.532722	569.093358	2339.066603
  81.400	   0.000	       560.445	        84.637	     0.000	   284.234	   -12.302	    54.696	     0.000	    -1.194	474.781875	474.809577	560.306185	2339.382609
  81.600	   0.000	       544.014	        86.155	     0.000	   283.725	   -12.236	    55.654	     0.000	    -1.236	458.754427	458.776010	543.871386	2340.881860
  81.800	   0.000	       536.875	        86.123	     0.000	   283.219	   -12.171	    55.996	     0.000	    -1.251	451.547306	451.574128	536.914591	2340.882113
  82.000	   0.000	       520.764	        86.127	     0.000	   282.714	   -12.106	    56.915	     0.000	    -1.293	435.407525	435.436938	520.676106	2340.893208
  82.200	   0.000	       506.951	        85.636	     0.000	   282.210	   -12.041	    57.694	     0.000	    -1.328	421.294356	421.369819	506.857552	2340.372765
  82.400	   0.000	       488.073	        83.890	     0.000	   281.709	   -11.977	    58.813	     0.000	    -1.380	402.641544	402.666200	487.965591	2338.650140
  82.600	   0.000	       472.020	        83.681	     0.000	   281.209	   -11.913	    59.908	     0.000	    -1.432	387.073156	387.087065	472.165963	2338.450246
  82.800	   0.000	       472.202	        83.468	     0.000	   280.711	   -11.850	    59.786	     0.000	    -1.426	386.569132	386.570541	472.097689	2338.225048
  83.000	   0.000	       463.980	        83.734	     0.000	   280.215	   -11.787	    60.351	     0.000	    -1.453	378.682624	378.684383	463.877483	2338.496544
  83.200	   0.000	       462.478	        85.283	     0.000	   279.721	   -11.725	    60.467	     0.000	    -1.459	377.265175	377.273311	462.701316	2339.997732
  83.400	   0.000	       456.749	        85.255	     0.000	   279.228	   -11.663	    60.857	     0.000	    -1.478	371.728436	371.728201	456.972666	2340.011170
  83.600	   0.000	       455.017	        85.255	     0.000	   278.737	   -11.602	    60.887	     0.000	    -1.479	370.030890	370.031729	455.238699	2340.023543
  83.800	   0.000	       465.055	        84.812	     0.000	   278.248	   -11.541	    59.997	     0.000	    -1.436	379.954652	379.895591	465.243540	2339.549939
  84.000	   0.000	       480.198	        83.073	     0.000	   277.760	   -11.480	    58.608	     0.000	    -1.371	395.530908	395.492887	480.431996	2337.825558
  84.200	   0.000	       498.010	        82.859	     0.000	   277.274	   -11.420	    57.193	     0.000	    -1.305	412.658742	412.634427	498.116704	2337.616904
  84.400	   0.000	       506.990	        82.637	     0.000	   276.790	   -11.361	    56.481	     0.000	    -1.273	422.302434	422.266320	507.395707	2337.393825
  84.600	   0.000	       523.717	        82.862	     0.000	   276.308	   -11.301	    55.308	     0.000	    -1.221	437.875821	437.863216	523.455306	2337.630252
  84.800	   0.000	       535.627	        84.399	     0.000	   275.827	   -11.242	    54.604	     0.000	    -1.190	450.898313	450.811667	535.914476	2339.126426
  85.000	   0.000	       551.161	        84.395	     0.000	   275.348	   -11.184	    53.537	     0.000	    -1.144	466.014544	466.009013	551.306173	2339.151165
  85.200	   0.000	       557.744	        84.409	     0.000	   274.871	   -11.126	    53.067	     0.000	    -1.124	472.430624	472.430250	557.976074	2339.165855
  85.400	   0.000	       555.454	        83.994	     0.000	   274.395	   -11.068	    53.090	     0.000	    -1.125	470.452602	470.451666	555.343763	2338.727784
  85.600	   0.000	       557.980	        82.262	     0.000	   273.921	   -11.011	    52.736	     0.000	    -1.110	472.224235	472.229747	557.724793	2337.008378
  85.800	   0.000	       553.054	        82.036	     0.000	   273.448	   -10.954	    52.921	     0.000	    -1.118	468.276712	468.276028	553.508303	2336.791049
  86.000	   0.000	       555.260	        81.802	     0.000	   272.977	   -10.898	    52.681	     0.000	    -1.107	469.541713	469.546928	555.016829	2336.557871
  86.200	   0.000	       548.544	        81.992	     0.000	   272.508	   -10.841	    52.964	     0.000	    -1.119	462.785484	462.801668	548.288758	2336.767412
  86.400	   0.000	       530.509	        83.535	     0.000	   272.041	   -10.786	    53.987	     0.000	    -1.163	444.867961	444.968304	530.162911	2338.253309
  86.600	   0.000	       512.206	        83.518	     0.000	   271.575	   -10.730	    55.047	     0.000	    -1.209	427.040628	427.083548	512.318522	2338.287067
  86.800	   0.000	       495.130	        83.555	     0.000	   271.110	   -10.675	    56.085	     0.000	    -1.255	409.847397	409.868481	495.181057	2338.302052
  87.000	   0.000	       485.336	        83.156	     0.000	   270.647	   -10.621	    56.664	     0.000	    -1.281	399.406632	399.430303	484.940870	2337.892711
  87.200	   0.000	       472.570	        81.437	     0.000	   270.186	   -10.567	    57.364	     0.000	    -1.313	387.275679	387.286366	472.418885	2336.184969
  87.400	   0.000	       461.105	        81.200	     0.000	   269.726	   -10.513	    58.076	     0.000	    -1.346	375.766617	375.823052	461.229045	2335.952315
  87.600	   0.000	       453.147	        80.960	     0.000	   269.268	   -10.459	    58.632	     0.000	    -1.372	367.845105	367.844538	453.221269	2335.713538
  87.800	   0.000	       453.953	        81.134	     0.000	   268.812	   -10.406	    58.489	     0.000	    -1.365	368.689531	368.688729	454.021644	2335.904286
  88.000	   0.000	       457.649	        82.647	     0.000	   268.357	   -10.353	    58.241	     0.000	    -1.353	372.582075	372.579267	457.509949	2337.373054
  88.200	   0.000	       463.625	        82.660	     0.000	   267.903	   -10.301	    57.677	     0.000	    -1.327	378.595668	378.578174	463.970920	2337.416650
  88.400	   0.000	       469.364	        82.686	     0.000	   267.451	   -10.249	    57.133	     0.000	    -1.302	384.207801	384.207402	469.673686	2337.429184
  88.600	   0.000	       471.780	        82.295	     0.000	   267.001	   -10.197	    56.851	     0.000	    -1.290	386.676295	386.659405	471.847999	2337.044126
  88.800	   0.000	       487.282	        80.605	     0.000	   266.552	   -10.146	    55.586	     0.000	    -1.233	402.233694	402.184956	487.470242	2335.359428
  89.000	   0.000	       506.811	        80.356	     0.000	   266.104	   -10.095	    54.211	     0.000	    -1.173	421.603972	421.512854	506.763603	2335.105998
  89.200	   0.000	       524.501	        80.125	     0.000	   265.658	   -10.044	    52.967	     0.000	    -1.119	439.497711	439.464878	524.939439	2334.870076
  89.400	   0.000	       537.622	        80.280	     0.000	   265.214	    -9.994	    52.101	     0.000	    -1.083	452.253105	452.237668	537.555461	2335.044815
  89.600	   0.000	       544.051	        81.754	     0.000	   264.771	    -9.944	    51.738	     0.000	    -1.068	458.863791	458.860181	544.039053	2336.492889
  89.800	   0.000	       551.972	        81.787	     0.000	   264.330	    -9.894	    51.224	     0.000	    -1.047	466.912020	466.904003	552.183291	2336.550930
  90.000	   0.000	       557.808	        81.832	     0.000	   263.890	    -9.845	    50.811	     0.000	    -1.030	472.465546	472.458186	557.813051	2336.560270
  90.200	   0.000	       557.483	        81.456	     0.000	   263.451	    -9.796	    50.704	     0.000	    -1.026	472.069049	472.077338	557.481243	2336.204704
  90.400	   0.000	       550.937	        79.800	     0.000	   263.014	    -9.747	    50.887	     0.000	    -1.033	465.462082	465.467693	550.650150	2334.545305
  90.600	   0.000	       542.658	        79.540	     0.000	   262.578	    -9.699	    51.223	     0.000	    -1.047	456.994792	457.037044	542.466999	2334.279092
  90.800	   0.000	       529.909	        79.321	     0.000	   262.144	    -9.651	    51.857	     0.000	    -1.073	444.655562	444.663593	530.071659	2334.055615
  91.000	   0.000	       524.410	        79.447	     0.000	   261.711	    -9.603	    52.096	     0.000	    -1.083	439.126510	439.135239	524.218453	2334.204817
  91.200	   0.000	       515.974	        80.905	     0.000	   261.280	    -9.556	    52.569	     0.000	    -1.103	430.377461	430.412475	515.858765	2335.644026
  91.400	   0.000	       495.027	        80.965	     0.000	   260.850	    -9.509	    53.794	     0.000	    -1.155	409.736616	409.789950	495.067611	2335.721408
  91.600	   0.000	       477.754	        80.989	     0.000	   260.422	    -9.462	    54.839	     0.000	    -1.200	392.059483	392.144987	477.527471	2335.730339
  91.800	   0.000	       461.434	        80.674	     0.000	   259.995	    -9.415	    55.932	     0.000	    -1.248	376.220551	376.231228	461.597536	2335.412855
  92.000	   0.000	       455.570	        79.025	     0.000	   259.569	    -9.369	    56.180	     0.000	    -1.259	370.183432	370.188168	455.410421	2333.777122
  92.200	   0.000	       453.706	        78.771	     0.000	   259.145	    -9.323	    56.229	     0.000	    -1.262	368.229584	368.229525	453.851493	2333.501784
  92.400	   0.000	       449.824	        78.572	     0.000	   258.722	    -9.278	    56.384	     0.000	    -1.269	364.901041	364.902518	450.089928	2333.301098
  92.600	   0.000	       452.035	        78.669	     0.000	   258.300	    -9.233	    56.155	     0.000	    -1.258	366.754079	366.752056	452.062326	2333.427446
  92.800	   0.000	       457.054	        80.134	     0.000	   257.880	    -9.188	    55.815	     0.000	    -1.243	372.313744	372.297600	457.447292	2334.873098
  93.000	   0.000	       468.443	        80.229	     0.000	   257.461	    -9.143	    54.912	     0.000	    -1.203	383.023730	383.008341	468.313033	2334.977568
  93.200	   0.000	       482.322	        80.252	     0.000	   257.044	    -9.098	    53.908	     0.000	    -1.160	397.163317	397.087124	482.570925	2334.987782
  93.400	   0.000	       493.626	        79.974	     0.000	   256.628	    -9.054	    52.994	     0.000	    -1.121	408.357164	408.357151	493.759880	2334.712217
  93.600	   0.000	       500.972	        78.348	     0.000	   256.213	    -9.011	    52.411	     0.000	    -1.096	415.913959	415.886317	501.147770	2333.101517
  93.800	   0.000	       513.115	        78.086	     0.000	   255.799	    -8.967	    51.543	     0.000	    -1.060	428.313166	428.269213	513.555341	2332.823142
  94.000	   0.000	       532.799	        77.918	     0.000	   255.387	    -8.924	    50.339	     0.000	    -1.011	447.186473	447.155036	532.647274	2332.648814
  94.200	   0.000	       547.086	        78.006	     0.000	   254.977	    -8.881	    49.491	     0.000	    -0.977	462.085551	462.025311	547.189592	2332.761713
  94.400	   0.000	       555.697	        79.484	     0.000	   254.567	    -8.838	    48.980	     0.000	    -0.957	470.623998	470.624219	555.887201	2334.224653
  94.600	   0.000	       553.916	        79.607	     0.000	   254.159	    -8.796	    49.027	     0.000	    -0.959	468.657382	468.657373	553.890166	2334.360158
  94.800	   0.000	       550.053	        79.638	     0.000	   253.752	    -8.753	    49.114	     0.000	    -0.963	464.906426	464.913477	550.264572	2334.378456
  95.000	   0.000	       547.773	        79.430	     0.000	   253.347	    -8.711	    49.173	     0.000	    -0.965	462.053150	462.056731	547.461906	2334.145683
  95.200	   0.000	       539.043	        77.800	     0.000	   252.942	    -8.670	    49.453	     0.000	    -0.976	453.791758	453.804651	539.106658	2332.565061
  95.400	   0.000	       530.642	        77.559	     0.000	   252.540	    -8.628	    49.802	     0.000	    -0.990	445.166364	445.194838	530.683932	2332.290941
  95.600	   0.000	       514.600	        77.416	     0.000	   252.138	    -8.587	    50.611	     0.000	    -1.022	429.016020	429.052769	514.255192	2332.148938
  95.800	   0.000	       497.705	        77.505	     0.000	   251.737	    -8.547	    51.520	     0.000	    -1.059	412.480103	412.537057	497.867135	2332.255459
  96.000	   0.000	       490.309	        78.997	     0.000	   251.338	    -8.506	    52.048	     0.000	    -1.081	405.045425	405.045464	490.244307	2333.735911
  96.200	   0.000	       479.471	        79.153	     0.000	   250.941	    -8.466	    52.631	     0.000	    -1.105	394.278880	394.318391	479.709694	2333.911090
  96.400	   0.000	       467.411	        79.196	     0.000	   250.544	    -8.426	    53.361	     0.000	    -1.136	381.560851	381.590314	467.131914	2333.942229
  96.600	   0.000	       452.862	        79.034	     0.000	   250.149	    -8.386	    54.323	     0.000	    -1.178	367.177845	367.200987	452.521361	2333.752269
  96.800	   0.000	       441.795	        77.449	     0.000	   249.755	    -8.346	    54.926	     0.000	    -1.204	357.116713	357.130057	442.328106	2332.206698
  97.000	   0.000	       443.788	        77.204	     0.000	   249.362	    -8.307	    54.741	     0.000	    -1.196	358.374250	358.363695	443.758528	2331.937609
  97.200	   0.000	       451.409	        77.109	     0.000	   248.970	    -8.268	    54.068	     0.000	    -1.167	366.082467	366.080097	451.445936	2331.830674
  97.400	   0.000	       460.255	        77.205	     0.000	   248.580	    -8.229	    53.383	     0.000	    -1.137	375.085749	375.060947	460.262969	2331.946095
  97.600	   0.000	       468.880	        78.711	     0.000	   248.190	    -8.190	    52.808	     0.000	    -1.113	383.699470	383.689033	468.865588	2333.441471
  97.800	   0.000	       478.429	        78.912	     0.000	   247.803	    -8.152	    52.089	     0.000	    -1.083	393.348008	393.328300	478.783895	2333.666903
  98.000	   0.000	       490.743	        78.976	     0.000	   247.416	    -8.114	    51.269	     0.000	    -1.049	405.505887	405.459448	490.742667	2333.713657
  98.200	   0.000	       509.385	        78.845	     0.000	   247.030	    -8.076	    50.058	     0.000	    -1.000	424.006051	423.963289	509.284299	2333.561624
  98.400	   0.000	       522.128	        77.289	     0.000	   246.646	    -8.038	    49.154	     0.000	    -0.964	436.919787	436.903959	522.407163	2332.057414
  98.600	   0.000	       527.508	        77.058	     0.000	   246.263	    -8.001	    48.751	     0.000	    -0.948	442.572141	442.568795	527.729096	2331.786665
  98.800	   0.000	       537.794	        76.990	     0.000	   245.881	    -7.964	    48.126	     0.000	    -0.924	452.493909	452.471489	537.977152	2331.716780
  99.000	   0.000	       546.461	        77.115	     0.000	   245.500	    -7.927	    47.615	     0.000	    -0.905	461.342402	461.329847	546.272204	2331.849526
  99.200	   0.000	       555.210	        78.625	     0.000	   245.120	    -7.890	    47.180	     0.000	    -0.888	469.892526	469.881906	555.189893	2333.358648
  99.400	   0.000	       557.158	        78.894	     0.000	   244.742	    -7.854	    46.977	     0.000	    -0.881	471.803345	471.810728	557.320777	2333.647298
  99.600	   0.000	       547.124	        78.977	     0.000	   244.365	    -7.817	    47.414	     0.000	    -0.897	461.121050	461.142668	546.694112	2333.711059
  99.800	   0.000	       533.967	        78.882	     0.000	   243.989	    -7.781	    48.023	     0.000	    -0.920	448.793272	448.814086	534.069797	2333.598236
 100.000	   0.000	       520.539	        77.387	     0.000	   243.614	    -7.746	    48.583	     0.000	    -0.942	435.068424	435.106742	520.366694	2332.141568
