    时间	    开度值	      蜗壳压力	      尾水管压力	    流量	      转速	      出力	  单位转速	  单位流量	  单位力矩	球阀前压力	球阀后压力	蜗壳进口压力	尾水管出口压力
   0.000	   0.883	       496.798	        64.200	    81.324	   428.600	   306.065	    87.838	     0.225	    22.340	421.354739	420.753579	496.798437	2339.833435
   0.200	   0.883	       508.582	        64.108	    81.153	   436.922	   307.143	    89.170	     0.224	    21.808	422.730952	422.730952	507.890439	2339.959512
   0.400	   0.879	       510.759	        62.594	    80.762	   445.124	   307.336	    90.429	     0.221	    21.225	425.076399	425.076399	510.092454	2338.827253
   0.600	   0.875	       512.806	        61.807	    80.294	   453.167	   306.305	    91.734	     0.219	    20.630	427.053292	427.053292	512.082104	2337.280121
   0.800	   0.871	       514.267	        60.227	    79.861	   461.045	   305.296	    92.977	     0.217	    20.059	428.533816	428.533816	513.573578	2335.759223
   1.000	   0.867	       517.492	        60.328	    79.477	   468.758	   304.603	    94.173	     0.216	    19.534	430.856841	430.856841	516.063374	2335.357083
   1.200	   0.863	       519.840	        60.971	    78.903	   476.311	   301.876	    95.473	     0.213	    18.966	433.788972	433.788972	519.032897	2335.866823
   1.400	   0.859	       523.665	        62.234	    78.391	   483.696	   299.827	    96.644	     0.211	    18.431	437.437795	437.437795	522.378977	2336.924983
   1.600	   0.856	       526.141	        63.139	    77.702	   490.893	   295.712	    97.870	     0.209	    17.835	439.864443	439.864443	525.108922	2336.978306
   1.800	   0.852	       528.478	        62.422	    77.119	   497.902	   292.539	    98.896	     0.207	    17.265	443.283768	443.283768	528.456356	2337.287063
   2.000	   0.848	       530.765	        61.972	    76.358	   504.711	   287.445	    99.901	     0.204	    16.620	444.092007	444.092007	529.394385	2335.730942
   2.200	   0.844	       532.126	        60.162	    75.593	   511.312	   282.042	   100.812	     0.201	    15.971	445.778312	445.778312	530.918588	2333.579193
   2.400	   0.840	       535.611	        59.466	    74.766	   517.701	   275.771	   101.561	     0.198	    15.269	448.509407	448.509407	534.068429	2332.715897
   2.600	   0.836	       536.377	        56.283	    73.795	   523.874	   267.698	   102.281	     0.194	    14.508	447.710982	447.710982	534.710401	2331.266037
   2.800	   0.832	       541.595	        57.986	    72.560	   529.733	   256.492	   102.971	     0.190	    13.627	453.836808	453.836808	539.714963	2330.489242
   3.000	   0.828	       544.584	        57.653	    71.099	   535.258	   242.505	   103.603	     0.186	    12.643	456.046350	456.046350	542.366190	2329.770726
   3.200	   0.824	       547.724	        56.579	    69.598	   540.414	   228.347	   104.063	     0.181	    11.670	459.234680	459.234680	545.332251	2327.743218
   3.400	   0.820	       550.663	        55.701	    67.893	   545.207	   212.089	   104.486	     0.176	    10.642	459.356784	459.356784	543.859211	2327.018394
   3.600	   0.816	       555.384	        55.837	    66.339	   549.626	   197.846	   104.762	     0.171	     9.741	464.987362	464.987362	551.662507	2325.315949
   3.800	   0.812	       558.314	        55.127	    64.514	   553.673	   181.210	   105.058	     0.165	     8.777	469.817286	469.817286	555.855535	2324.685637
   4.000	   0.808	       562.971	        56.402	    62.683	   557.351	   165.124	   105.314	     0.160	     7.879	473.656452	473.656452	559.836258	2325.101400
   4.200	   0.805	       567.172	        57.716	    60.790	   560.652	   149.218	   105.551	     0.154	     7.026	477.484343	477.484343	563.938080	2325.532328
   4.400	   0.801	       569.915	        58.022	    58.864	   563.607	   133.458	   105.771	     0.149	     6.212	480.425071	480.425071	566.184647	2325.492485
   4.600	   0.797	       572.963	        58.740	    56.926	   566.233	   118.960	   105.942	     0.144	     5.478	482.992256	482.992256	569.760902	2324.976992
   4.800	   0.793	       574.782	        58.465	    55.042	   568.562	   105.427	   106.087	     0.139	     4.808	485.706034	485.706034	571.584499	2324.092136
   5.000	   0.789	       576.740	        58.367	    53.109	   570.614	    92.830	   106.185	     0.133	     4.196	487.991126	487.991126	573.353498	2323.252066
   5.200	   0.785	       577.510	        57.307	    51.199	   572.405	    80.630	   106.262	     0.128	     3.616	489.157539	489.157539	576.233849	2323.213860
   5.400	   0.781	       580.776	        59.169	    49.141	   573.926	    67.606	   106.330	     0.123	     3.012	490.477962	490.477962	577.479980	2323.158049
   5.600	   0.777	       581.970	        59.273	    46.953	   575.170	    53.785	   106.379	     0.117	     2.383	491.649489	491.649489	578.544650	2322.325291
   5.800	   0.773	       582.966	        59.363	    44.848	   576.134	    40.639	   106.400	     0.112	     1.792	492.079251	492.079251	579.410418	2322.068288
   6.000	   0.769	       582.686	        58.507	    42.525	   576.827	    26.433	   106.403	     0.106	     1.161	492.690447	492.690447	579.642627	2320.662985
   6.200	   0.765	       583.409	        58.205	    40.410	   577.279	    15.016	   106.324	     0.100	     0.657	493.762178	493.762178	581.099661	2319.236809
   6.400	   0.761	       585.238	        59.022	    38.168	   577.495	     3.746	   106.203	     0.095	     0.163	495.671079	495.671079	582.388731	2320.012385
   6.600	   0.757	       586.453	        59.261	    36.012	   577.502	    -6.388	   106.054	     0.089	    -0.278	496.768848	496.768848	583.305973	2319.685795
   6.800	   0.753	       589.744	        61.281	    33.799	   577.299	   -16.424	   105.838	     0.084	    -0.712	499.300570	499.300570	586.366730	2321.133196
   7.000	   0.750	       593.484	        63.916	    31.684	   576.895	   -26.037	   105.608	     0.078	    -1.127	501.627762	501.627762	588.502802	2322.198230
   7.200	   0.746	       594.195	        63.214	    29.672	   576.300	   -34.962	   105.319	     0.073	    -1.509	505.359975	505.359975	592.069150	2321.746506
   7.400	   0.742	       596.847	        64.804	    27.843	   575.542	   -42.544	   105.042	     0.069	    -1.834	508.551730	508.551730	594.562459	2323.069172
   7.600	   0.738	       598.554	        65.686	    26.049	   574.632	   -49.465	   104.764	     0.064	    -2.131	508.620730	508.620730	594.884507	2323.226165
   7.800	   0.734	       598.338	        64.926	    24.400	   573.590	   -55.658	   104.494	     0.060	    -2.399	509.902140	509.902140	596.177416	2323.656483
   8.000	   0.730	       601.961	        67.800	    22.718	   572.410	   -61.598	   104.181	     0.056	    -2.655	512.529945	512.529945	598.731447	2325.189740
   8.200	   0.726	       601.499	        66.833	    21.084	   571.117	   -67.399	   103.874	     0.052	    -2.908	512.760749	512.760749	598.980583	2323.731680
   8.400	   0.722	       602.847	        67.536	    19.558	   569.702	   -72.708	   103.535	     0.048	    -3.140	514.836339	514.836339	600.685510	2324.042375
   8.600	   0.718	       602.912	        67.160	    18.014	   568.189	   -77.971	   103.200	     0.044	    -3.372	514.864380	514.864380	601.554245	2324.126177
   8.800	   0.714	       601.517	        65.914	    16.559	   566.546	   -83.451	   102.900	     0.041	    -3.619	513.008485	513.008485	600.139631	2322.871702
   9.000	   0.710	       603.437	        67.584	    14.856	   564.773	   -89.732	   102.538	     0.036	    -3.901	514.680799	514.680799	600.578415	2323.791015
   9.200	   0.706	       601.469	        66.527	    13.352	   562.868	   -96.265	   102.266	     0.033	    -4.205	511.454784	511.454784	597.875988	2322.713140
   9.400	   0.702	       600.681	        67.117	    12.004	   560.825	  -101.582	   102.016	     0.029	    -4.464	513.648982	513.648982	599.955802	2323.585810
   9.600	   0.699	       601.769	        69.998	    10.823	   558.665	  -106.543	   101.787	     0.027	    -4.715	513.662347	513.662347	600.124160	2324.888850
   9.800	   0.695	       600.214	        70.763	     9.826	   556.387	  -110.699	   101.587	     0.024	    -4.940	513.470847	513.470847	600.322045	2326.234113
  10.000	   0.691	       601.737	        75.054	     9.051	   554.040	  -113.414	   101.420	     0.022	    -5.109	514.348964	514.348964	600.080329	2329.793626
  10.200	   0.687	       600.267	        76.843	     8.536	   551.630	  -114.482	   101.290	     0.021	    -5.212	513.383160	513.383160	599.119458	2332.203835
  10.400	   0.683	       599.347	        79.676	     8.362	   549.216	  -113.506	   101.209	     0.021	    -5.227	513.435171	513.435171	598.559472	2334.424062
  10.600	   0.679	       598.761	        83.196	     8.483	   546.832	  -110.830	   101.172	     0.021	    -5.167	514.494056	514.494056	599.118465	2337.253312
  10.800	   0.675	       595.305	        84.203	     8.965	   544.526	  -106.145	   101.186	     0.022	    -5.014	511.478967	511.478967	596.781443	2337.669968
  11.000	   0.671	       593.225	        86.814	     9.641	   542.307	  -101.141	   101.244	     0.024	    -4.842	510.441552	510.441552	594.901606	2340.804117
  11.200	   0.667	       589.311	        87.695	    10.498	   540.205	   -95.446	   101.338	     0.027	    -4.631	505.994670	505.994670	590.499185	2342.130395
  11.400	   0.663	       584.647	        87.670	    11.469	   538.231	   -89.136	   101.446	     0.029	    -4.382	501.761530	501.761530	586.642767	2342.544314
  11.600	   0.659	       582.105	        89.428	    12.389	   536.378	   -83.092	   101.544	     0.032	    -4.135	499.018643	499.018643	582.554635	2342.665552
  11.800	   0.655	       575.736	        87.471	    13.618	   534.677	   -75.318	   101.689	     0.035	    -3.795	493.226637	493.226637	577.443519	2341.839107
  12.000	   0.651	       572.150	        88.159	    15.005	   533.143	   -66.639	   101.858	     0.039	    -3.398	491.252939	491.252939	575.419646	2342.942320
  12.200	   0.648	       569.338	        89.488	    16.535	   531.800	   -57.337	   102.056	     0.043	    -2.958	486.556196	486.556196	571.540356	2344.427565
  12.400	   0.644	       567.695	        91.672	    18.048	   530.648	   -48.960	   102.262	     0.047	    -2.552	485.748828	485.748828	570.460017	2345.785088
  12.600	   0.640	       566.388	        94.118	    19.750	   529.685	   -41.440	   102.505	     0.052	    -2.182	485.601477	485.601477	568.216228	2348.966589
  12.800	   0.636	       564.000	        95.783	    22.019	   528.901	   -32.103	   102.829	     0.058	    -1.709	484.631682	484.631682	567.759538	2351.239161
  13.000	   0.632	       564.449	        98.970	    24.605	   528.331	   -21.825	   103.064	     0.065	    -1.171	485.428078	485.428078	568.837350	2353.766112
  13.200	   0.628	       566.276	       102.493	    27.417	   527.995	    -9.863	   103.239	     0.072	    -0.532	486.273987	486.273987	569.826919	2356.870775
  13.400	   0.624	       567.074	       103.340	    30.319	   527.951	     3.895	   103.296	     0.080	     0.210	486.598369	486.598369	570.551566	2359.105452
  13.600	   0.620	       568.765	       103.177	    33.270	   528.216	    18.937	   103.207	     0.088	     1.019	490.758803	490.758803	573.089399	2359.931962
  13.800	   0.616	       571.590	       102.156	    36.318	   528.825	    35.472	   102.973	     0.095	     1.894	492.371445	492.371445	575.348908	2358.313065
  14.000	   0.612	       572.319	        97.446	    38.962	   529.803	    51.249	   102.635	     0.102	     2.704	493.286065	493.286065	576.493914	2354.483196
  14.200	   0.608	       570.613	        89.998	    40.817	   531.086	    63.225	   102.312	     0.106	     3.291	489.528626	489.528626	573.478417	2348.107099
  14.400	   0.604	       565.772	        79.895	    41.891	   532.578	    70.743	   102.066	     0.108	     3.634	481.811606	481.811606	566.816313	2339.768045
  14.600	   0.600	       560.078	        69.877	    42.240	   534.171	    73.742	   101.923	     0.109	     3.743	474.680529	474.680529	559.385102	2330.160212
  14.800	   0.597	       554.728	        60.884	    42.054	   535.796	    73.471	   101.846	     0.108	     3.690	467.965217	467.965217	553.890598	2321.881844
  15.000	   0.593	       551.699	        55.705	    41.000	   537.353	    67.621	   101.889	     0.105	     3.370	464.499628	464.499628	550.559821	2316.283129
  15.200	   0.589	       548.164	        51.786	    39.025	   538.725	    55.810	   102.056	     0.100	     2.769	458.718155	458.718155	544.921618	2312.283334
  15.400	   0.585	       544.962	        48.339	    36.416	   539.791	    41.221	   102.168	     0.093	     2.038	452.843803	452.843803	540.608991	2309.514250
  15.600	   0.581	       541.854	        45.127	    33.382	   540.508	    24.898	   102.223	     0.085	     1.227	449.095133	449.095133	536.748511	2306.430585
  15.800	   0.577	       540.808	        43.329	    30.388	   540.907	     9.730	   102.158	     0.077	     0.478	447.284291	447.284291	535.581632	2303.536726
  16.000	   0.573	       542.301	        43.298	    27.298	   540.990	    -4.425	   101.958	     0.069	    -0.216	449.937195	449.937195	537.406951	2302.840737
  16.200	   0.569	       545.971	        44.848	    24.206	   540.784	   -18.329	   101.651	     0.061	    -0.892	454.776232	454.776232	541.080871	2304.317649
  16.400	   0.565	       552.737	        49.216	    21.282	   540.263	   -32.044	   101.267	     0.054	    -1.552	460.370983	460.370983	548.566755	2307.109066
  16.600	   0.561	       559.391	        53.195	    18.489	   539.416	   -47.575	   100.805	     0.047	    -2.294	467.841719	467.841719	554.912614	2311.066054
  16.800	   0.557	       564.240	        55.435	    15.813	   538.257	   -61.106	   100.301	     0.040	    -2.936	470.874838	470.874838	558.333034	2312.925782
  17.000	   0.553	       566.053	        54.148	    13.069	   536.847	   -72.213	    99.709	     0.033	    -3.456	473.046710	473.046710	560.935525	2312.958185
  17.200	   0.549	       567.190	        52.072	    10.032	   535.166	   -84.407	    99.065	     0.025	    -4.025	474.146801	474.146801	560.908924	2309.560862
  17.400	   0.545	       564.279	        46.717	     7.007	   533.205	   -97.177	    98.453	     0.017	    -4.628	471.556118	471.556118	559.276125	2304.336099
  17.600	   0.542	       563.192	        42.718	     3.749	   530.914	  -113.779	    97.745	     0.009	    -5.410	470.089388	470.089388	557.633036	2299.873434
  17.800	   0.538	       561.685	        36.950	    -0.254	   528.173	  -136.330	    96.840	    -0.001	    -6.463	465.335958	465.335958	553.506753	2294.834338
  18.000	   0.534	       557.059	        29.915	    -5.236	   524.831	  -165.875	    96.015	    -0.013	    -7.879	457.392344	457.392344	546.852701	2289.440766
  18.200	   0.530	       543.908	        26.340	   -10.335	   520.646	  -209.158	    96.150	    -0.026	   -10.205	448.397128	448.397128	536.542831	2286.262406
  18.400	   0.526	       522.510	        28.520	   -14.196	   515.415	  -249.295	    97.461	    -0.036	   -12.881	430.068155	430.068155	517.815029	2286.479727
  18.600	   0.522	       506.388	        39.657	   -16.864	   509.354	  -276.380	    99.119	    -0.044	   -15.304	416.478825	416.478825	503.323837	2296.855438
  18.800	   0.518	       497.430	        56.586	   -19.062	   502.630	  -299.983	   100.676	    -0.052	   -17.834	407.480970	407.480970	494.047786	2313.938146
  19.000	   0.514	       485.594	        72.665	   -20.691	   495.502	  -301.514	   102.583	    -0.058	   -19.426	397.195370	397.195370	484.106093	2330.921850
  19.200	   0.510	       477.209	        85.827	   -21.518	   488.340	  -295.923	   103.870	    -0.062	   -20.420	390.591598	390.591598	476.007216	2341.883896
  19.400	   0.506	       468.449	        87.788	   -21.167	   481.296	  -283.278	   103.802	    -0.062	   -20.391	385.765570	385.765570	470.361877	2342.942461
  19.600	   0.502	       463.964	        85.065	   -19.868	   474.543	  -265.465	   102.562	    -0.058	   -19.463	383.725375	383.725375	467.387099	2340.495650
  19.800	   0.498	       466.024	        83.725	   -17.999	   468.172	  -243.444	   100.702	    -0.052	   -17.919	385.130912	385.130912	469.027389	2338.326512
  20.000	   0.494	       468.935	        84.317	   -15.909	   462.384	  -213.145	    99.127	    -0.046	   -15.780	387.942192	387.942192	471.938070	2337.990607
  20.200	   0.491	       476.591	        89.854	   -13.948	   457.261	  -186.944	    97.736	    -0.040	   -13.912	394.909023	394.909023	478.959115	2343.210779
  20.400	   0.487	       480.604	        93.242	   -12.201	   452.715	  -165.388	    96.668	    -0.035	   -12.406	398.479173	398.479173	482.865996	2347.411991
  20.600	   0.483	       478.822	        92.883	   -10.798	   448.619	  -148.858	    95.957	    -0.031	   -11.307	397.341888	397.341888	481.360275	2347.436110
  20.800	   0.479	       477.562	        92.715	    -9.043	   444.932	  -130.798	    95.290	    -0.026	   -10.043	397.053110	397.053110	480.259799	2345.707136
  21.000	   0.475	       473.323	        89.862	    -6.463	   441.749	  -109.023	    94.763	    -0.019	    -8.459	394.865785	394.865785	477.729712	2342.742192
  21.200	   0.471	       469.882	        91.382	    -3.466	   439.119	   -88.066	    94.803	    -0.010	    -6.962	392.069072	392.069072	474.758521	2344.075333
  21.400	   0.467	       469.422	        97.955	    -0.514	   437.006	   -71.993	    95.231	    -0.002	    -5.827	389.636816	389.636816	472.817510	2350.231300
  21.600	   0.463	       467.401	       103.515	     2.424	   435.275	   -58.883	    95.839	     0.007	    -4.885	389.034158	389.034158	472.499081	2356.334196
  21.800	   0.459	       465.479	       107.998	     5.324	   433.873	   -46.802	    96.392	     0.016	    -3.966	387.144169	387.144169	470.062346	2360.295703
  22.000	   0.455	       458.194	       107.948	     8.697	   432.781	   -37.375	    97.158	     0.026	    -3.242	381.845870	381.845870	464.242971	2360.479118
  22.200	   0.451	       448.822	       105.946	    12.619	   431.975	   -22.588	    98.053	     0.039	    -2.007	374.218230	374.218230	456.210759	2358.302143
  22.400	   0.447	       442.479	       105.389	    16.935	   431.603	    -7.358	    98.867	     0.052	    -0.666	367.623275	367.623275	449.643918	2357.779193
  22.600	   0.443	       443.075	       105.457	    21.033	   431.609	     7.456	    98.863	     0.065	     0.675	366.967782	366.967782	449.327859	2358.768542
  22.800	   0.440	       448.686	       105.689	    24.635	   432.015	    21.574	    98.249	     0.076	     1.924	371.229824	371.229824	454.156670	2359.724830
  23.000	   0.436	       453.932	       103.373	    27.742	   432.823	    36.834	    97.432	     0.084	     3.212	375.227317	375.227317	458.291120	2358.309731
  23.200	   0.432	       456.671	        96.176	    30.386	   434.033	    51.867	    96.405	     0.091	     4.391	378.052932	378.052932	461.505961	2352.176021
  23.400	   0.428	       461.920	        88.620	    32.865	   435.650	    67.605	    95.141	     0.097	     5.513	381.835773	381.835773	464.962241	2344.331295
  23.600	   0.424	       471.212	        81.888	    35.263	   437.706	    84.654	    93.647	     0.102	     6.594	391.127976	391.127976	474.660565	2338.884561
  23.800	   0.420	       484.964	        78.548	    37.346	   440.204	   101.483	    92.215	     0.106	     7.535	403.867500	403.867500	487.795032	2336.548500
  24.000	   0.416	       498.375	        78.444	    38.625	   443.075	   113.392	    91.329	     0.107	     8.099	415.253811	415.253811	499.644815	2337.038035
  24.200	   0.412	       509.978	        79.016	    39.355	   446.190	   121.367	    90.792	     0.108	     8.389	426.442101	426.442101	511.048750	2337.970037
  24.400	   0.408	       517.205	        76.368	    39.790	   449.457	   127.029	    90.426	     0.108	     8.521	433.433121	433.433121	518.099391	2335.581716
  24.600	   0.404	       523.643	        72.159	    40.280	   452.856	   133.368	    90.030	     0.108	     8.670	440.335892	440.335892	524.652821	2331.747127
  24.800	   0.400	       532.579	        69.526	    40.828	   456.408	   140.653	    89.596	     0.108	     8.846	448.015648	448.015648	532.605514	2328.628491
  25.000	   0.396	       538.858	        65.729	    41.065	   460.089	   145.128	    89.347	     0.108	     8.860	453.257455	453.257455	538.550397	2326.049399
  25.200	   0.392	       543.700	        64.737	    40.644	   463.771	   143.064	    89.495	     0.106	     8.556	457.075909	457.075909	542.747285	2325.349177
  25.400	   0.389	       546.064	        63.719	    39.872	   467.322	   137.793	    89.841	     0.103	     8.117	459.160857	459.160857	545.108960	2324.314810
  25.600	   0.385	       545.879	        61.292	    38.982	   470.700	   131.231	    90.258	     0.101	     7.635	458.235218	458.235218	544.495539	2321.298189
  25.800	   0.381	       543.994	        58.847	    37.905	   473.872	   123.200	    90.788	     0.098	     7.108	457.198146	457.198146	543.218305	2319.350693
  26.000	   0.377	       541.720	        57.098	    36.740	   476.818	   114.379	    91.376	     0.095	     6.562	453.514517	453.514517	539.501213	2317.031481
  26.200	   0.373	       540.654	        56.929	    35.541	   479.525	   105.590	    91.955	     0.092	     6.031	452.471269	452.471269	538.449979	2316.855912
  26.400	   0.369	       543.071	        59.922	    34.445	   482.013	    97.788	    92.464	     0.089	     5.560	455.059620	455.059620	540.923605	2318.952286
  26.600	   0.365	       543.943	        61.656	    33.297	   484.299	    89.681	    92.962	     0.086	     5.082	456.353562	456.353562	542.725209	2321.302322
  26.800	   0.361	       548.042	        65.754	    32.229	   486.388	    82.552	    93.341	     0.083	     4.656	460.254580	460.254580	546.090536	2324.005822
  27.000	   0.357	       550.161	        67.210	    31.287	   488.311	    76.520	    93.627	     0.081	     4.291	462.850059	462.850059	548.542664	2325.711819
  27.200	   0.353	       551.757	        66.934	    30.562	   490.101	    72.318	    93.773	     0.079	     4.024	465.605804	465.605804	550.859728	2325.169521
  27.400	   0.349	       556.928	        68.430	    30.153	   491.814	    70.722	    93.736	     0.078	     3.891	471.240362	471.240362	556.743447	2326.511897
  27.600	   0.345	       561.842	        69.203	    29.826	   493.494	    69.797	    93.652	     0.076	     3.794	474.839039	474.839039	560.311795	2326.603215
  27.800	   0.341	       565.180	        69.536	    29.308	   495.126	    67.290	    93.666	     0.075	     3.623	478.713251	478.713251	564.155788	2327.342238
  28.000	   0.338	       568.631	        70.587	    28.694	   496.684	    63.994	    93.722	     0.073	     3.417	482.649456	482.649456	568.016610	2328.630594
  28.200	   0.334	       570.464	        69.529	    28.180	   498.170	    61.507	    93.721	     0.072	     3.255	484.117762	484.117762	569.845398	2327.249808
  28.400	   0.330	       572.086	        68.570	    27.576	   499.591	    58.642	    93.735	     0.070	     3.078	485.909992	485.909992	570.996437	2325.965687
  28.600	   0.326	       572.630	        67.229	    26.866	   500.931	    54.903	    93.799	     0.068	     2.862	485.385824	485.385824	571.595555	2324.837178
  28.800	   0.322	       571.399	        65.066	    25.990	   502.161	    49.881	    93.929	     0.066	     2.589	484.147950	484.147950	570.096212	2322.940117
  29.000	   0.318	       572.665	        65.288	    25.084	   503.290	    44.807	    94.029	     0.063	     2.315	485.110744	485.110744	571.280666	2323.041560
  29.200	   0.314	       573.215	        65.068	    24.058	   504.295	    39.023	    94.130	     0.061	     2.008	485.573791	485.573791	571.857074	2322.534923
  29.400	   0.310	       574.223	        65.401	    22.993	   505.158	    33.079	    94.213	     0.058	     1.697	486.924367	486.924367	572.704014	2322.547378
  29.600	   0.306	       576.421	        66.985	    21.890	   505.881	    27.006	    94.276	     0.055	     1.381	488.536954	488.536954	574.724395	2324.079757
  29.800	   0.302	       576.930	        66.863	    20.861	   506.466	    21.448	    94.314	     0.052	     1.094	489.107996	489.107996	575.371182	2323.744932
  30.000	   0.298	       579.807	        68.368	    19.999	   506.937	    17.040	    94.264	     0.050	     0.866	493.032863	493.032863	578.977688	2324.971926
  30.200	   0.294	       583.462	        70.142	    19.208	   507.312	    13.031	    94.152	     0.048	     0.659	495.787406	495.787406	581.978028	2326.155282
  30.400	   0.290	       587.752	        69.110	    18.239	   507.584	     8.392	    93.706	     0.045	     0.420	499.795011	499.795011	585.736032	2325.913865
  30.600	   0.286	       593.431	        68.229	    16.860	   507.723	     1.473	    93.130	     0.042	     0.073	505.485035	505.485035	591.839498	2325.310002
  30.800	   0.283	       594.496	        66.320	    15.672	   507.714	    -4.527	    92.854	     0.039	    -0.222	506.660754	506.660754	592.799916	2322.563973
  31.000	   0.279	       595.036	        64.937	    14.656	   507.567	    -9.627	    92.650	     0.036	    -0.471	506.892929	506.892929	592.730460	2320.469506
  31.200	   0.275	       596.563	        64.588	    13.542	   507.302	   -15.292	    92.429	     0.033	    -0.745	508.469208	508.469208	594.899210	2320.761703
  31.400	   0.271	       598.692	        65.066	    12.205	   506.899	   -22.182	    92.203	     0.030	    -1.078	509.887845	509.887845	596.390746	2322.140224
  31.600	   0.267	       601.944	        66.818	    10.632	   506.312	   -30.428	    91.957	     0.026	    -1.477	512.610486	512.610486	599.284148	2323.180063
  31.800	   0.263	       603.435	        65.518	     8.752	   505.516	   -40.340	    91.564	     0.021	    -1.950	513.907611	513.907611	600.247957	2321.809624
  32.000	   0.259	       603.114	        62.901	     6.982	   504.493	   -49.674	    91.177	     0.017	    -2.395	513.569287	513.569287	600.412504	2319.332187
  32.200	   0.255	       602.216	        59.976	     5.162	   503.247	   -59.448	    90.776	     0.013	    -2.863	513.155690	513.155690	599.884858	2316.480771
  32.400	   0.251	       602.162	        58.678	     3.466	   501.783	   -68.562	    90.404	     0.008	    -3.303	512.980672	512.980672	599.321463	2314.772086
  32.600	   0.247	       604.793	        60.896	     1.797	   500.091	   -77.760	    90.063	     0.004	    -3.756	515.792014	515.792014	602.480736	2317.231693
  32.800	   0.243	       607.388	        63.987	     0.127	   498.172	   -87.272	    89.757	     0.000	    -4.236	518.477739	518.477739	605.264917	2320.289355
  33.000	   0.239	       609.806	        67.684	    -1.625	   496.015	   -97.494	    89.474	    -0.004	    -4.764	519.336043	519.336043	606.122891	2324.117767
  33.200	   0.235	       608.169	        69.518	    -3.358	   493.587	  -108.902	    89.325	    -0.008	    -5.382	519.033870	519.033870	605.193175	2325.415779
  33.400	   0.232	       604.155	        70.318	    -4.345	   490.927	  -114.909	    89.246	    -0.011	    -5.761	517.215322	517.215322	603.029318	2325.902658
  33.600	   0.228	       601.532	        73.294	    -4.798	   488.158	  -117.008	    89.212	    -0.012	    -5.963	514.612485	514.612485	600.525501	2327.841288
  33.800	   0.224	       598.067	        75.402	    -5.028	   485.360	  -117.304	    89.173	    -0.012	    -6.076	513.000467	513.000467	598.074334	2330.926136
  34.000	   0.220	       597.614	        80.587	    -5.265	   482.531	  -117.608	    89.136	    -0.013	    -6.195	511.987914	511.987914	597.206684	2335.837396
  34.200	   0.216	       594.623	        83.311	    -5.526	   479.682	  -118.089	    89.105	    -0.014	    -6.327	509.018313	509.018313	594.464221	2338.594060
  34.400	   0.212	       589.676	        83.718	    -5.558	   476.819	  -116.622	    89.041	    -0.014	    -6.353	504.032252	504.032252	589.311928	2337.969698
  34.600	   0.208	       585.259	        83.608	    -5.203	   474.007	  -111.821	    88.894	    -0.013	    -6.180	500.873225	500.873225	586.083476	2337.905230
  34.800	   0.204	       580.545	        81.981	    -4.637	   471.331	  -105.076	    88.663	    -0.012	    -5.876	497.210286	497.210286	581.699479	2336.394711
  35.000	   0.200	       579.519	        83.330	    -3.947	   468.813	   -97.141	    88.399	    -0.010	    -5.487	495.742099	495.742099	580.699443	2337.869900
  35.200	   0.196	       579.312	        86.766	    -3.399	   466.454	   -91.093	    88.278	    -0.009	    -5.210	495.748754	495.748754	580.427455	2340.742506
  35.400	   0.192	       577.336	        88.519	    -2.635	   464.264	   -84.591	    88.196	    -0.007	    -4.898	494.298191	494.298191	579.023436	2343.146014
  35.600	   0.188	       576.984	        91.073	    -1.936	   462.216	   -78.716	    88.069	    -0.005	    -4.605	492.918923	492.918923	577.996664	2345.139818
  35.800	   0.184	       571.772	        89.292	    -1.365	   460.281	   -75.129	    88.011	    -0.004	    -4.445	488.649888	488.649888	573.573851	2343.547084
  36.000	   0.181	       568.912	        88.035	    -0.501	   458.455	   -69.354	    87.807	    -0.001	    -4.133	485.484382	485.484382	570.390310	2341.962336
  36.200	   0.177	       566.798	        86.238	     0.376	   456.772	   -63.769	    87.513	     0.001	    -3.817	483.675253	483.675253	568.598366	2340.582556
  36.400	   0.173	       563.549	        83.910	     0.950	   455.215	   -59.494	    87.299	     0.002	    -3.580	479.428836	479.428836	564.072353	2338.602681
  36.600	   0.169	       562.087	        83.693	     1.053	   453.731	   -57.836	    87.128	     0.003	    -3.501	475.775300	475.775300	561.357022	2338.508360
  36.800	   0.165	       557.056	        80.325	     0.746	   452.246	   -58.739	    86.994	     0.002	    -3.580	470.792551	470.792551	556.300764	2335.538939
  37.000	   0.161	       550.545	        76.506	     0.224	   450.714	   -61.214	    86.945	     0.001	    -3.764	463.424103	463.424103	549.316640	2331.418685
  37.200	   0.157	       544.515	        73.377	    -0.380	   449.104	   -64.140	    86.901	    -0.001	    -3.983	457.738597	457.738597	543.433962	2328.754227
  37.400	   0.153	       538.266	        70.360	    -1.129	   447.404	   -67.914	    86.870	    -0.003	    -4.262	451.083601	451.083601	536.724823	2325.974476
  37.600	   0.149	       534.258	        70.253	    -2.183	   445.569	   -73.556	    86.878	    -0.006	    -4.675	446.093062	446.093062	532.180740	2326.262021
  37.800	   0.145	       530.446	        72.201	    -3.386	   443.560	   -80.456	    87.030	    -0.009	    -5.201	442.167178	442.167178	528.268608	2327.469861
  38.000	   0.141	       525.828	        74.238	    -4.288	   441.370	   -85.629	    87.239	    -0.011	    -5.645	438.678898	438.678898	524.392464	2329.490254
  38.200	   0.137	       523.293	        77.699	    -4.865	   439.062	   -88.464	    87.366	    -0.013	    -5.942	436.985140	436.985140	522.583248	2333.053002
  38.400	   0.133	       520.813	        80.649	    -5.236	   436.682	   -89.767	    87.428	    -0.014	    -6.137	435.166006	435.166006	520.749614	2336.141395
  38.600	   0.130	       519.670	        84.762	    -5.350	   434.278	   -89.504	    87.471	    -0.015	    -6.228	434.507084	434.507084	519.408460	2339.220365
  38.800	   0.126	       518.710	        87.384	    -5.122	   431.905	   -86.721	    87.353	    -0.014	    -6.117	434.729831	434.729831	519.768221	2342.319259
  39.000	   0.122	       517.931	        89.011	    -4.649	   429.620	   -82.323	    87.132	    -0.013	    -5.871	433.455539	433.455539	518.709482	2343.391688
  39.200	   0.118	       516.586	        89.831	    -4.130	   427.440	   -77.849	    86.909	    -0.011	    -5.608	432.260487	432.260487	517.416464	2344.358502
  39.400	   0.114	       515.423	        89.677	    -3.598	   425.379	   -73.126	    86.591	    -0.010	    -5.306	431.468732	431.468732	516.213071	2343.959218
  39.600	   0.110	       513.199	        87.443	    -3.176	   423.437	   -68.874	    86.193	    -0.009	    -5.020	428.905107	428.905107	514.017528	2342.202603
  39.800	   0.106	       511.700	        85.634	    -2.925	   421.588	   -65.569	    85.785	    -0.008	    -4.796	427.115036	427.115036	512.454438	2340.356990
  40.000	   0.102	       509.676	        83.543	    -2.812	   419.811	   -63.195	    85.417	    -0.008	    -4.642	424.219045	424.219045	509.672024	2338.201420
  40.200	   0.098	       507.169	        80.490	    -3.039	   418.064	   -63.381	    85.007	    -0.008	    -4.669	421.214796	421.214796	506.441778	2335.662799
  40.400	   0.094	       506.290	        79.126	    -3.494	   416.264	   -65.688	    84.594	    -0.010	    -4.854	419.794432	419.794432	505.509492	2334.198072
  40.600	   0.090	       505.068	        78.226	    -3.967	   414.388	   -68.214	    84.246	    -0.011	    -5.068	418.519161	418.519161	504.003774	2333.229002
  40.800	   0.086	       504.944	        78.669	    -4.336	   412.429	   -70.124	    83.904	    -0.012	    -5.241	418.663440	418.663440	504.386499	2333.785605
  41.000	   0.082	       505.194	        81.032	    -4.688	   410.393	   -72.277	    83.699	    -0.013	    -5.456	419.494273	419.494273	504.975299	2336.284458
  41.200	   0.078	       506.997	        83.972	    -4.915	   408.296	   -73.347	    83.384	    -0.014	    -5.581	420.819647	420.819647	506.477350	2338.794017
  41.400	   0.075	       509.190	        86.654	    -5.071	   406.167	   -73.781	    82.997	    -0.014	    -5.650	423.833426	423.833426	509.340969	2341.423066
  41.600	   0.071	       513.173	        87.732	    -5.068	   404.043	   -72.488	    82.281	    -0.014	    -5.542	428.319054	428.319054	513.370056	2342.708879
  41.800	   0.067	       516.509	        86.897	    -5.054	   401.946	   -70.872	    81.455	    -0.014	    -5.393	431.359514	431.359514	516.796642	2342.150777
  42.000	   0.063	       520.476	        86.532	    -4.933	   399.873	   -69.974	    80.629	    -0.013	    -5.299	435.331021	435.331021	520.444791	2341.034399
  42.200	   0.059	       523.499	        85.161	    -4.799	   397.823	   -68.999	    79.813	    -0.013	    -5.200	438.639131	438.639131	523.949996	2340.014015
  42.400	   0.055	       527.765	        84.937	    -4.651	   395.791	   -67.916	    79.001	    -0.013	    -5.092	442.828747	442.828747	528.105363	2339.796272
  42.600	   0.051	       532.320	        86.198	    -4.514	   393.782	   -67.098	    78.309	    -0.012	    -5.019	447.299064	447.299064	532.743918	2341.232794
  42.800	   0.047	       534.394	        87.328	    -4.474	   391.773	   -66.948	    77.827	    -0.012	    -5.023	448.954415	448.954415	534.301302	2341.906747
  43.000	   0.043	       535.683	        88.227	    -4.425	   389.760	   -66.591	    77.393	    -0.012	    -5.017	450.531611	450.531611	536.091705	2343.030924
  43.200	   0.039	       537.952	        88.454	    -4.313	   387.758	   -65.507	    76.820	    -0.012	    -4.939	452.955924	452.955924	538.047782	2343.447076
  43.400	   0.035	       540.752	        87.574	    -4.174	   385.784	   -63.950	    76.118	    -0.011	    -4.807	455.664957	455.664957	541.004947	2342.419584
  43.600	   0.031	       542.602	        87.594	    -4.041	   383.851	   -62.397	    75.584	    -0.011	    -4.694	457.788221	457.788221	542.854448	2342.075387
  43.800	   0.027	       545.254	        87.555	    -3.801	   381.969	   -59.888	    74.991	    -0.010	    -4.501	460.586376	460.586376	545.723383	2342.215754
  44.000	   0.024	       546.118	        88.252	    -3.554	   380.160	   -57.136	    74.622	    -0.009	    -4.313	461.686601	461.686601	546.569882	2342.694284
  44.200	   0.020	       547.387	        90.544	    -3.156	   378.438	   -53.732	    74.366	    -0.008	    -4.084	463.003024	463.003024	548.152274	2345.069989
  44.400	   0.016	       547.622	        92.770	    -2.670	   376.824	   -49.756	    74.210	    -0.007	    -3.814	463.897499	463.897499	548.883427	2346.935602
  44.600	   0.012	       547.854	        94.307	    -2.089	   375.338	   -45.142	    74.023	    -0.006	    -3.484	463.433732	463.433732	548.441985	2348.535146
  44.800	   0.008	       546.320	        95.865	    -1.437	   373.997	   -40.063	    74.011	    -0.004	    -3.125	462.844180	462.844180	547.584624	2350.164064
  45.000	   0.004	       543.092	        95.087	    -0.739	   372.821	   -34.488	    73.979	    -0.002	    -2.713	459.807232	459.807232	544.595854	2349.312215
  45.200	   0.000	       540.849	        94.483	     0.000	   371.826	   -27.540	    73.904	    -0.000	    -2.276	457.317066	457.317066	542.130528	2348.627642
  45.400	   0.000	       549.850	        92.483	     0.000	   370.956	   -27.347	    72.866	     0.000	    -2.119	463.875780	463.875780	549.484809	2345.785969
  45.600	   0.000	       544.671	        90.483	     0.000	   370.090	   -27.156	    72.957	     0.000	    -2.124	459.869454	459.869454	544.985545	2342.564960
  45.800	   0.000	       545.461	        88.483	     0.000	   369.228	   -26.967	    72.526	     0.000	    -2.099	460.442933	460.442933	546.002606	2340.722865
  46.000	   0.000	       545.881	        86.483	     0.000	   368.370	   -26.779	    72.212	     0.000	    -2.081	460.267326	460.267326	545.796345	2338.538999
  46.200	   0.000	       544.010	        84.683	     0.000	   367.516	   -26.594	    72.011	     0.000	    -2.069	459.063079	459.063079	544.047935	2339.717600
  46.400	   0.000	       547.356	        86.683	     0.000	   366.666	   -26.409	    71.764	     0.000	    -2.055	461.751589	461.751589	547.223731	2342.098641
  46.600	   0.000	       547.681	        88.683	     0.000	   365.820	   -26.227	    71.718	     0.000	    -2.052	463.142687	463.142687	548.307152	2344.229510
  46.800	   0.000	       551.928	        90.683	     0.000	   364.978	   -26.046	    71.365	     0.000	    -2.032	466.434795	466.434795	551.827079	2346.355336
  47.000	   0.000	       556.252	        92.683	     0.000	   364.140	   -25.867	    71.062	     0.000	    -2.015	470.807501	470.807501	556.123232	2347.515137
  47.200	   0.000	       558.969	        91.163	     0.000	   363.305	   -25.690	    70.580	     0.000	    -1.988	473.752265	473.752265	558.868885	2345.854619
  47.400	   0.000	       566.656	        89.284	     0.000	   362.474	   -25.514	    69.710	     0.000	    -1.939	481.407998	481.407998	567.095651	2344.042879
  47.600	   0.000	       571.679	        87.508	     0.000	   361.648	   -25.340	    69.066	     0.000	    -1.903	486.071864	486.071864	571.357382	2342.256146
  47.800	   0.000	       574.721	        86.174	     0.000	   360.824	   -25.167	    68.549	     0.000	    -1.875	489.332041	489.332041	575.042069	2340.958791
  48.000	   0.000	       573.478	        87.680	     0.000	   360.005	   -24.996	    68.664	     0.000	    -1.881	488.857873	488.857873	573.630156	2342.602233
  48.200	   0.000	       580.209	        89.680	     0.000	   359.189	   -24.827	    68.086	     0.000	    -1.850	494.862907	494.862907	580.437195	2344.652947
  48.400	   0.000	       585.190	        91.680	     0.000	   358.378	   -24.659	    67.761	     0.000	    -1.832	499.951553	499.951553	585.361749	2346.648016
  48.600	   0.000	       584.761	        93.606	     0.000	   357.569	   -24.492	    67.779	     0.000	    -1.833	499.608021	499.608021	584.614356	2348.332464
  48.800	   0.000	       582.961	        92.272	     0.000	   356.765	   -24.327	    67.633	     0.000	    -1.825	497.639265	497.639265	582.911054	2347.023723
  49.000	   0.000	       576.178	        90.487	     0.000	   355.964	   -24.164	    67.846	     0.000	    -1.837	490.609039	490.609039	576.169957	2345.239583
  49.200	   0.000	       571.565	        88.730	     0.000	   355.166	   -24.002	    67.882	     0.000	    -1.839	486.584982	486.584982	571.992116	2343.480114
  49.400	   0.000	       566.309	        87.110	     0.000	   354.372	   -23.841	    67.976	     0.000	    -1.844	481.155556	481.155556	566.371232	2341.914722
  49.600	   0.000	       558.517	        88.557	     0.000	   353.582	   -23.682	    68.471	     0.000	    -1.871	473.160002	473.160002	558.383151	2343.361754
  49.800	   0.000	       546.512	        90.557	     0.000	   352.795	   -23.524	    69.328	     0.000	    -1.918	461.777615	461.777615	547.056830	2345.355306
  50.000	   0.000	       533.337	        92.557	     0.000	   352.012	   -23.368	    70.353	     0.000	    -1.975	448.067918	448.067918	533.324242	2347.323595
  50.200	   0.000	       522.531	        94.373	     0.000	   351.232	   -23.213	    71.243	     0.000	    -2.025	437.620849	437.620849	522.817872	2349.113906
  50.400	   0.000	       517.015	        93.161	     0.000	   350.455	   -23.059	    71.473	     0.000	    -2.038	431.226974	431.226974	516.864455	2347.911858
  50.600	   0.000	       500.772	        91.368	     0.000	   349.682	   -22.907	    72.521	     0.000	    -2.099	415.571502	415.571502	500.894386	2346.117848
  50.800	   0.000	       491.721	        89.583	     0.000	   348.913	   -22.756	    73.051	     0.000	    -2.129	405.905702	405.905702	491.443533	2344.332058
  51.000	   0.000	       477.094	        87.954	     0.000	   348.147	   -22.606	    74.090	     0.000	    -2.190	392.366900	392.366900	477.505018	2342.741450
  51.200	   0.000	       478.539	        89.307	     0.000	   347.384	   -22.458	    73.952	     0.000	    -2.182	392.664953	392.664953	477.950510	2344.070260
  51.400	   0.000	       482.523	        91.296	     0.000	   346.624	   -22.311	    73.682	     0.000	    -2.166	397.234012	397.234012	482.593583	2346.046464
  51.600	   0.000	       492.806	        93.248	     0.000	   345.868	   -22.166	    72.654	     0.000	    -2.106	406.840983	406.840983	492.264485	2347.996696
  51.800	   0.000	       497.785	        95.022	     0.000	   345.115	   -22.021	    72.312	     0.000	    -2.087	412.263284	412.263284	497.667284	2349.763816
  52.000	   0.000	       503.890	        93.879	     0.000	   344.365	   -21.878	    71.444	     0.000	    -2.037	418.797429	418.797429	504.046349	2348.629314
  52.200	   0.000	       521.240	        92.061	     0.000	   343.619	   -21.736	    69.807	     0.000	    -1.944	435.044617	435.044617	520.593976	2346.810664
  52.400	   0.000	       531.498	        90.273	     0.000	   342.876	   -21.595	    68.632	     0.000	    -1.880	447.175629	447.175629	532.158366	2345.022573
  52.600	   0.000	       554.817	        88.648	     0.000	   342.136	   -21.456	    66.599	     0.000	    -1.770	468.738622	468.738622	554.368220	2343.432315
  52.800	   0.000	       559.995	        89.906	     0.000	   341.399	   -21.317	    66.198	     0.000	    -1.749	475.485537	475.485537	560.563473	2344.666098
  53.000	   0.000	       574.298	        91.884	     0.000	   340.665	   -21.180	    65.138	     0.000	    -1.693	488.825897	488.825897	574.312384	2346.633130
  53.200	   0.000	       586.542	        93.808	     0.000	   339.935	   -21.044	    64.421	     0.000	    -1.656	501.093787	501.093787	586.208303	2348.555964
  53.400	   0.000	       594.716	        95.551	     0.000	   339.208	   -20.910	    63.744	     0.000	    -1.621	510.404556	510.404556	595.288094	2350.291887
  53.600	   0.000	       608.723	        94.469	     0.000	   338.483	   -20.776	    62.744	     0.000	    -1.571	523.056221	523.056221	608.789112	2349.218737
  53.800	   0.000	       597.140	        92.626	     0.000	   337.762	   -20.643	    63.117	     0.000	    -1.590	511.673124	511.673124	596.914476	2347.375701
  54.000	   0.000	       586.031	        90.835	     0.000	   337.044	   -20.512	    63.573	     0.000	    -1.613	500.778754	500.778754	586.284456	2345.583759
  54.200	   0.000	       571.856	        89.215	     0.000	   336.329	   -20.382	    64.316	     0.000	    -1.651	487.042951	487.042951	571.976246	2343.991383
  54.400	   0.000	       563.207	        90.383	     0.000	   335.617	   -20.253	    64.720	     0.000	    -1.671	478.442028	478.442028	563.737963	2345.136278
  54.600	   0.000	       552.369	        92.345	     0.000	   334.908	   -20.124	    65.585	     0.000	    -1.716	466.672274	466.672274	552.060678	2347.095053
  54.800	   0.000	       534.936	        94.245	     0.000	   334.202	   -19.997	    66.735	     0.000	    -1.777	449.684350	449.684350	534.821367	2348.992862
  55.000	   0.000	       521.511	        95.952	     0.000	   333.499	   -19.872	    67.853	     0.000	    -1.837	436.063315	436.063315	521.576556	2350.697161
  55.200	   0.000	       502.240	        94.929	     0.000	   332.799	   -19.747	    69.212	     0.000	    -1.911	417.005102	417.005102	502.071396	2349.676541
  55.400	   0.000	       498.883	        93.066	     0.000	   332.102	   -19.623	    69.217	     0.000	    -1.912	413.255638	413.255638	499.012731	2347.815759
  55.600	   0.000	       486.423	        91.269	     0.000	   331.408	   -19.500	    70.017	     0.000	    -1.956	401.046501	401.046501	486.000988	2346.018204
  55.800	   0.000	       483.237	        89.650	     0.000	   330.716	   -19.378	    69.987	     0.000	    -1.955	397.611417	397.611417	482.898705	2344.421268
  56.000	   0.000	       475.861	        90.718	     0.000	   330.028	   -19.257	    70.644	     0.000	    -1.991	390.615177	390.615177	476.068732	2345.479298
  56.200	   0.000	       475.313	        92.683	     0.000	   329.342	   -19.138	    70.720	     0.000	    -1.996	389.908346	389.908346	474.875579	2347.432932
  56.400	   0.000	       497.608	        94.556	     0.000	   328.660	   -19.019	    68.903	     0.000	    -1.894	411.859541	411.859541	497.275061	2349.306462
  56.600	   0.000	       506.852	        96.237	     0.000	   327.980	   -18.901	    68.001	     0.000	    -1.845	422.036110	422.036110	507.033152	2350.983284
  56.800	   0.000	       528.282	        95.274	     0.000	   327.302	   -18.784	    66.158	     0.000	    -1.747	442.399397	442.399397	528.039757	2350.022543
  57.000	   0.000	       533.213	        93.380	     0.000	   326.628	   -18.668	    65.457	     0.000	    -1.710	448.261636	448.261636	533.482503	2348.131778
  57.200	   0.000	       548.181	        91.574	     0.000	   325.957	   -18.554	    64.100	     0.000	    -1.640	462.324337	462.324337	547.633151	2346.324806
  57.400	   0.000	       564.066	        89.950	     0.000	   325.288	   -18.440	    62.865	     0.000	    -1.577	478.591779	478.591779	564.083706	2344.718797
  57.600	   0.000	       574.624	        90.922	     0.000	   324.622	   -18.326	    61.997	     0.000	    -1.534	489.738739	489.738739	574.871694	2345.687352
  57.800	   0.000	       589.641	        92.892	     0.000	   323.958	   -18.214	    61.092	     0.000	    -1.489	503.798181	503.798181	589.233930	2347.644010
  58.000	   0.000	       586.713	        94.746	     0.000	   323.298	   -18.103	    61.213	     0.000	    -1.495	502.153845	502.153845	587.242170	2349.495049
  58.200	   0.000	       594.831	        96.403	     0.000	   322.640	   -17.993	    60.704	     0.000	    -1.470	508.625966	508.625966	594.104911	2351.148529
  58.400	   0.000	       589.465	        95.500	     0.000	   321.984	   -17.883	    60.892	     0.000	    -1.480	504.791944	504.791944	590.014131	2350.248927
  58.600	   0.000	       592.152	        93.565	     0.000	   321.332	   -17.775	    60.390	     0.000	    -1.455	506.540291	506.540291	592.081825	2348.316910
  58.800	   0.000	       578.428	        91.748	     0.000	   320.682	   -17.667	    61.055	     0.000	    -1.487	492.718769	492.718769	577.938836	2346.498376
  59.000	   0.000	       552.601	        90.114	     0.000	   320.034	   -17.561	    62.377	     0.000	    -1.553	468.319974	468.319974	553.321671	2344.879666
  59.200	   0.000	       542.853	        90.994	     0.000	   319.390	   -17.455	    63.089	     0.000	    -1.588	456.662605	456.662605	542.401828	2345.758234
  59.400	   0.000	       519.342	        92.976	     0.000	   318.748	   -17.350	    64.768	     0.000	    -1.674	435.053048	435.053048	519.901451	2347.722235
  59.600	   0.000	       518.536	        94.802	     0.000	   318.108	   -17.245	    64.842	     0.000	    -1.678	432.475565	432.475565	518.071680	2349.551771
  59.800	   0.000	       502.764	        96.440	     0.000	   317.471	   -17.142	    66.167	     0.000	    -1.747	417.373805	417.373805	502.653009	2351.183881
  60.000	   0.000	       488.980	        95.596	     0.000	   316.836	   -17.039	    66.960	     0.000	    -1.789	404.223473	404.223473	489.281821	2350.342856
  60.200	   0.000	       483.056	        93.611	     0.000	   316.205	   -16.938	    67.353	     0.000	    -1.810	397.064604	397.064604	482.630585	2348.364103
  60.400	   0.000	       473.563	        91.780	     0.000	   315.575	   -16.837	    67.799	     0.000	    -1.834	389.056600	389.056600	473.895559	2346.530589
  60.600	   0.000	       483.297	        90.131	     0.000	   314.948	   -16.736	    66.775	     0.000	    -1.779	397.475087	397.475087	483.020037	2344.895454
  60.800	   0.000	       481.803	        90.927	     0.000	   314.324	   -16.637	    66.813	     0.000	    -1.781	396.695624	396.695624	481.563946	2345.683561
  61.000	   0.000	       490.138	        92.905	     0.000	   313.702	   -16.539	    66.065	     0.000	    -1.742	404.397279	404.397279	490.128283	2347.650855
  61.200	   0.000	       496.609	        94.710	     0.000	   313.082	   -16.441	    65.694	     0.000	    -1.722	411.352186	411.352186	496.301280	2349.457054
  61.400	   0.000	       518.320	        96.320	     0.000	   312.465	   -16.344	    63.940	     0.000	    -1.631	432.894193	432.894193	518.275910	2351.064715
  61.600	   0.000	       540.704	        95.544	     0.000	   311.851	   -16.247	    62.186	     0.000	    -1.543	454.835118	454.835118	540.539283	2350.274855
  61.800	   0.000	       552.645	        93.544	     0.000	   311.238	   -16.152	    61.071	     0.000	    -1.488	467.312590	467.312590	552.345993	2348.268561
  62.000	   0.000	       569.016	        91.648	     0.000	   310.628	   -16.057	    59.745	     0.000	    -1.424	483.519830	483.519830	569.158857	2346.399343
  62.200	   0.000	       566.683	        89.982	     0.000	   310.021	   -15.963	    59.665	     0.000	    -1.421	481.959540	481.959540	566.755037	2344.745603
  62.400	   0.000	       581.137	        90.685	     0.000	   309.416	   -15.870	    58.707	     0.000	    -1.375	495.433896	495.433896	581.105813	2345.435505
  62.600	   0.000	       586.289	        92.622	     0.000	   308.813	   -15.777	    58.396	     0.000	    -1.361	501.190633	501.190633	586.272695	2347.370741
  62.800	   0.000	       590.611	        94.432	     0.000	   308.213	   -15.686	    58.110	     0.000	    -1.347	504.935591	504.935591	590.401746	2349.185467
  63.000	   0.000	       587.467	        96.020	     0.000	   307.615	   -15.594	    58.258	     0.000	    -1.354	502.659924	502.659924	588.018871	2350.763749
  63.200	   0.000	       572.901	        95.300	     0.000	   307.019	   -15.504	    58.967	     0.000	    -1.387	487.706843	487.706843	572.786422	2350.025289
  63.400	   0.000	       569.632	        93.300	     0.000	   306.426	   -15.414	    58.960	     0.000	    -1.387	484.164728	484.164728	569.510296	2348.012240
  63.600	   0.000	       555.512	        91.335	     0.000	   305.835	   -15.325	    59.586	     0.000	    -1.417	470.624544	470.624544	555.839557	2346.084989
  63.800	   0.000	       542.633	        89.651	     0.000	   305.246	   -15.237	    60.166	     0.000	    -1.444	457.265753	457.265753	542.599786	2344.414542
  64.000	   0.000	       518.075	        90.253	     0.000	   304.659	   -15.149	    61.783	     0.000	    -1.523	433.196110	433.196110	518.458616	2345.002254
  64.200	   0.000	       500.871	        92.146	     0.000	   304.075	   -15.062	    63.100	     0.000	    -1.589	415.256464	415.256464	500.549088	2346.895446
  64.400	   0.000	       488.077	        93.978	     0.000	   303.493	   -14.976	    64.187	     0.000	    -1.644	403.102204	403.102204	488.090649	2348.724574
  64.600	   0.000	       482.135	        95.521	     0.000	   302.913	   -14.890	    64.663	     0.000	    -1.668	397.232166	397.232166	482.543592	2350.267806
  64.800	   0.000	       485.118	        94.856	     0.000	   302.335	   -14.805	    64.287	     0.000	    -1.649	398.892886	398.892886	484.468165	2349.582593
  65.000	   0.000	       475.212	        92.856	     0.000	   301.760	   -14.721	    64.805	     0.000	    -1.676	390.248152	390.248152	475.279567	2347.567293
  65.200	   0.000	       477.452	        90.856	     0.000	   301.186	   -14.637	    64.368	     0.000	    -1.653	391.933698	391.933698	477.101995	2345.593449
  65.400	   0.000	       475.065	        89.133	     0.000	   300.615	   -14.554	    64.320	     0.000	    -1.651	389.888707	389.888707	475.155309	2343.895217
  65.600	   0.000	       490.258	        89.639	     0.000	   300.046	   -14.471	    62.986	     0.000	    -1.583	404.766647	404.766647	490.094503	2344.384441
  65.800	   0.000	       506.281	        91.479	     0.000	   299.479	   -14.390	    61.866	     0.000	    -1.527	419.779672	419.779672	505.335752	2346.229264
  66.000	   0.000	       511.664	        93.291	     0.000	   298.915	   -14.308	    61.402	     0.000	    -1.504	427.051320	427.051320	511.981678	2348.040246
  66.200	   0.000	       531.093	        94.833	     0.000	   298.352	   -14.228	    60.079	     0.000	    -1.440	445.112615	445.112615	530.689181	2349.574683
  66.400	   0.000	       543.020	        94.210	     0.000	   297.792	   -14.148	    59.118	     0.000	    -1.395	458.311608	458.311608	543.354826	2348.940082
  66.600	   0.000	       565.899	        92.210	     0.000	   297.233	   -14.068	    57.405	     0.000	    -1.315	480.287450	480.287450	565.620868	2346.926353
  66.800	   0.000	       577.001	        90.210	     0.000	   296.677	   -13.989	    56.554	     0.000	    -1.276	491.723871	491.723871	576.764380	2344.931189
  67.000	   0.000	       583.235	        88.432	     0.000	   296.123	   -13.911	    55.894	     0.000	    -1.247	498.236660	498.236660	583.581411	2343.192609
  67.200	   0.000	       579.814	        88.843	     0.000	   295.571	   -13.834	    56.022	     0.000	    -1.252	494.254403	494.254403	579.766821	2343.585454
  67.400	   0.000	       574.862	        90.631	     0.000	   295.021	   -13.756	    56.299	     0.000	    -1.265	489.939653	489.939653	574.965711	2345.381534
  67.600	   0.000	       578.111	        92.409	     0.000	   294.473	   -13.680	    56.128	     0.000	    -1.257	492.367250	492.367250	577.970203	2347.158858
  67.800	   0.000	       569.707	        93.952	     0.000	   293.927	   -13.604	    56.572	     0.000	    -1.277	485.245492	485.245492	570.077801	2348.698487
  68.000	   0.000	       566.422	        93.373	     0.000	   293.383	   -13.529	    56.597	     0.000	    -1.278	480.432573	480.432573	566.311170	2348.107966
  68.200	   0.000	       542.254	        91.373	     0.000	   292.841	   -13.454	    57.892	     0.000	    -1.337	457.580034	457.580034	542.288864	2346.098973
  68.400	   0.000	       529.125	        89.373	     0.000	   292.301	   -13.379	    58.478	     0.000	    -1.365	443.751735	443.751735	528.998718	2344.099393
  68.600	   0.000	       517.677	        87.556	     0.000	   291.763	   -13.306	    59.065	     0.000	    -1.392	432.498489	432.498489	517.968318	2342.324111
  68.800	   0.000	       498.673	        87.890	     0.000	   291.227	   -13.233	    60.271	     0.000	    -1.450	413.345165	413.345165	498.465200	2342.628629
  69.000	   0.000	       489.609	        89.633	     0.000	   290.693	   -13.160	    60.989	     0.000	    -1.484	403.804483	403.804483	489.441723	2344.383114
  69.200	   0.000	       470.497	        91.377	     0.000	   290.161	   -13.088	    62.558	     0.000	    -1.562	385.190141	385.190141	470.170062	2346.125636
  69.400	   0.000	       467.188	        92.906	     0.000	   289.631	   -13.016	    62.862	     0.000	    -1.577	381.732323	381.732323	467.185675	2347.656809
  69.600	   0.000	       468.446	        92.385	     0.000	   289.103	   -12.945	    62.694	     0.000	    -1.568	383.451417	383.451417	468.578538	2347.115530
  69.800	   0.000	       477.639	        90.385	     0.000	   288.577	   -12.874	    61.601	     0.000	    -1.514	391.875572	391.875572	477.151471	2345.114191
  70.000	   0.000	       485.105	        88.385	     0.000	   288.052	   -12.804	    60.801	     0.000	    -1.475	399.867351	399.867351	485.067095	2343.116579
  70.200	   0.000	       486.718	        86.563	     0.000	   287.530	   -12.735	    60.394	     0.000	    -1.455	401.136456	401.136456	486.447081	2341.317810
  70.400	   0.000	       497.395	        86.796	     0.000	   287.009	   -12.666	    59.541	     0.000	    -1.415	411.670450	411.670450	497.243957	2341.536936
  70.600	   0.000	       509.386	        88.509	     0.000	   286.491	   -12.597	    58.744	     0.000	    -1.377	424.319125	424.319125	509.333921	2343.260301
  70.800	   0.000	       532.105	        90.221	     0.000	   285.974	   -12.529	    57.191	     0.000	    -1.305	446.598180	446.598180	531.932044	2344.970704
  71.000	   0.000	       543.605	        91.738	     0.000	   285.459	   -12.462	    56.465	     0.000	    -1.272	458.239669	458.239669	543.579802	2346.489066
  71.200	   0.000	       556.356	        91.274	     0.000	   284.946	   -12.395	    55.524	     0.000	    -1.230	471.109382	471.109382	556.381492	2346.009128
  71.400	   0.000	       568.339	        89.274	     0.000	   284.435	   -12.328	    54.628	     0.000	    -1.191	483.095412	483.095412	568.330439	2344.013328
  71.600	   0.000	       574.011	        87.274	     0.000	   283.925	   -12.262	    54.076	     0.000	    -1.167	489.258118	489.258118	574.289315	2342.019503
  71.800	   0.000	       585.326	        85.459	     0.000	   283.418	   -12.196	    53.265	     0.000	    -1.132	499.410000	499.410000	584.951819	2340.210402
  72.000	   0.000	       577.975	        85.619	     0.000	   282.912	   -12.131	    53.527	     0.000	    -1.143	492.975966	492.975966	578.433472	2340.358245
  72.200	   0.000	       569.535	        87.311	     0.000	   282.408	   -12.066	    53.946	     0.000	    -1.161	484.269414	484.269414	569.450484	2342.060815
  72.400	   0.000	       555.858	        88.999	     0.000	   281.906	   -12.002	    54.789	     0.000	    -1.198	470.349530	470.349530	555.873886	2343.747293
  72.600	   0.000	       545.664	        90.510	     0.000	   281.405	   -11.938	    55.355	     0.000	    -1.223	460.924904	460.924904	546.000535	2345.253216
  72.800	   0.000	       541.146	        90.105	     0.000	   280.907	   -11.875	    55.542	     0.000	    -1.231	455.543078	455.543078	540.816867	2344.834271
  73.000	   0.000	       525.720	        88.105	     0.000	   280.410	   -11.812	    56.238	     0.000	    -1.262	441.277943	441.277943	526.238423	2342.841661
  73.200	   0.000	       508.947	        86.105	     0.000	   279.915	   -11.750	    57.103	     0.000	    -1.301	423.554297	423.554297	508.784371	2340.853636
  73.400	   0.000	       490.708	        84.291	     0.000	   279.421	   -11.688	    58.194	     0.000	    -1.351	405.535583	405.535583	490.857651	2339.048797
  73.600	   0.000	       480.107	        84.378	     0.000	   278.930	   -11.626	    58.825	     0.000	    -1.381	394.300431	394.300431	479.770487	2339.132789
  73.800	   0.000	       469.531	        86.066	     0.000	   278.440	   -11.565	    59.720	     0.000	    -1.423	384.535987	384.535987	469.633066	2340.816403
  74.000	   0.000	       467.047	        87.742	     0.000	   277.952	   -11.504	    59.901	     0.000	    -1.432	382.177465	382.177465	467.431031	2342.492059
  74.200	   0.000	       462.479	        89.247	     0.000	   277.465	   -11.444	    60.321	     0.000	    -1.452	377.031142	377.031142	462.284208	2343.990277
  74.400	   0.000	       462.576	        88.887	     0.000	   276.980	   -11.384	    60.203	     0.000	    -1.446	377.514853	377.514853	462.523519	2343.632432
  74.600	   0.000	       476.262	        86.891	     0.000	   276.497	   -11.325	    58.902	     0.000	    -1.384	390.669784	390.669784	476.139350	2341.642449
  74.800	   0.000	       489.290	        84.923	     0.000	   276.016	   -11.265	    57.748	     0.000	    -1.331	403.961984	403.961984	489.140003	2339.672893
  75.000	   0.000	       505.757	        83.123	     0.000	   275.536	   -11.207	    56.310	     0.000	    -1.265	420.072999	420.072999	505.716783	2337.882934
  75.200	   0.000	       513.126	        83.150	     0.000	   275.058	   -11.149	    55.782	     0.000	    -1.242	427.687775	427.687775	512.807136	2337.915071
  75.400	   0.000	       521.121	        84.839	     0.000	   274.582	   -11.091	    55.235	     0.000	    -1.217	435.684421	435.684421	520.914367	2339.590106
  75.600	   0.000	       537.361	        86.498	     0.000	   274.107	   -11.033	    54.290	     0.000	    -1.176	452.212027	452.212027	537.547747	2341.248406
  75.800	   0.000	       552.655	        87.992	     0.000	   273.634	   -10.976	    53.360	     0.000	    -1.136	467.057750	467.057750	552.406811	2342.736348
  76.000	   0.000	       565.872	        87.681	     0.000	   273.162	   -10.920	    52.493	     0.000	    -1.100	480.448979	480.448979	565.786655	2342.434689
  76.200	   0.000	       572.198	        85.710	     0.000	   272.692	   -10.863	    51.965	     0.000	    -1.077	486.763453	486.763453	571.870618	2340.459289
  76.400	   0.000	       573.351	        83.769	     0.000	   272.224	   -10.808	    51.661	     0.000	    -1.065	488.128704	488.128704	573.618276	2338.518005
  76.600	   0.000	       568.593	        81.985	     0.000	   271.758	   -10.752	    51.754	     0.000	    -1.069	483.630887	483.630887	568.805954	2336.744744
  76.800	   0.000	       568.543	        81.969	     0.000	   271.292	   -10.697	    51.637	     0.000	    -1.064	482.544117	482.544117	568.054407	2336.730681
  77.000	   0.000	       558.184	        83.655	     0.000	   270.829	   -10.642	    52.203	     0.000	    -1.087	473.216474	473.216474	558.543614	2338.403211
  77.200	   0.000	       539.598	        85.299	     0.000	   270.367	   -10.588	    53.213	     0.000	    -1.130	454.722144	454.722144	539.684829	2340.048614
  77.400	   0.000	       523.353	        86.786	     0.000	   269.907	   -10.534	    54.191	     0.000	    -1.172	438.355809	438.355809	523.746231	2341.529212
  77.600	   0.000	       507.141	        86.537	     0.000	   269.448	   -10.480	    55.153	     0.000	    -1.214	422.328055	422.328055	507.290792	2341.288108
  77.800	   0.000	       502.902	        84.579	     0.000	   268.991	   -10.427	    55.224	     0.000	    -1.217	417.447145	417.447145	502.617407	2339.331097
  78.000	   0.000	       491.261	        82.665	     0.000	   268.535	   -10.374	    55.771	     0.000	    -1.241	406.138669	406.138669	491.434645	2337.415438
  78.200	   0.000	       476.226	        80.902	     0.000	   268.081	   -10.322	    56.574	     0.000	    -1.277	391.085921	391.085921	476.338448	2335.662918
  78.400	   0.000	       466.387	        80.841	     0.000	   267.629	   -10.269	    57.208	     0.000	    -1.306	380.833841	380.833841	466.210798	2335.607058
  78.600	   0.000	       455.564	        82.532	     0.000	   267.178	   -10.218	    58.070	     0.000	    -1.346	370.624761	370.624761	455.793433	2337.283718
  78.800	   0.000	       459.121	        84.169	     0.000	   266.728	   -10.166	    57.888	     0.000	    -1.337	373.601584	373.601584	458.911835	2338.918739
  79.000	   0.000	       464.768	        85.651	     0.000	   266.280	   -10.115	    57.470	     0.000	    -1.318	379.686073	379.686073	465.056382	2340.394573
  79.200	   0.000	       473.208	        85.472	     0.000	   265.834	   -10.064	    56.719	     0.000	    -1.284	387.324609	387.324609	472.562922	2340.219225
  79.400	   0.000	       480.718	        83.527	     0.000	   265.388	   -10.014	    56.008	     0.000	    -1.252	395.343428	395.343428	480.539840	2338.276795
  79.600	   0.000	       493.742	        81.638	     0.000	   264.945	    -9.964	    54.866	     0.000	    -1.201	408.814170	408.814170	494.006107	2336.388825
  79.800	   0.000	       514.995	        79.903	     0.000	   264.503	    -9.914	    53.349	     0.000	    -1.136	428.964422	428.964422	514.396297	2334.662390
  80.000	   0.000	       530.266	        79.795	     0.000	   264.062	    -9.864	    52.290	     0.000	    -1.091	445.005321	445.005321	530.456994	2334.565287
  80.200	   0.000	       541.100	        81.497	     0.000	   263.623	    -9.815	    51.678	     0.000	    -1.066	455.191268	455.191268	540.563149	2336.245547
  80.400	   0.000	       544.337	        83.123	     0.000	   263.186	    -9.766	    51.510	     0.000	    -1.059	459.077525	459.077525	544.304309	2337.872927
  80.600	   0.000	       554.149	        84.605	     0.000	   262.749	    -9.718	    50.932	     0.000	    -1.035	468.904673	468.904673	554.210524	2339.348296
  80.800	   0.000	       563.469	        84.494	     0.000	   262.315	    -9.670	    50.396	     0.000	    -1.013	477.858597	477.858597	563.225071	2339.239465
  81.000	   0.000	       568.202	        82.560	     0.000	   261.881	    -9.622	    49.910	     0.000	    -0.994	483.632389	483.632389	568.645572	2337.311561
  81.200	   0.000	       571.434	        80.703	     0.000	   261.449	    -9.574	    49.582	     0.000	    -0.981	485.636021	485.636021	571.321452	2335.452886
  81.400	   0.000	       557.449	        78.993	     0.000	   261.019	    -9.527	    50.089	     0.000	    -1.001	472.481565	472.481565	557.713860	2333.752070
  81.600	   0.000	       546.133	        78.837	     0.000	   260.590	    -9.480	    50.580	     0.000	    -1.021	461.027694	461.027694	546.357925	2333.613040
  81.800	   0.000	       535.179	        80.549	     0.000	   260.162	    -9.434	    51.232	     0.000	    -1.047	450.106775	450.106775	535.144239	2335.298265
  82.000	   0.000	       520.860	        82.175	     0.000	   259.736	    -9.387	    52.001	     0.000	    -1.079	436.076856	436.076856	521.428862	2336.924420
  82.200	   0.000	       507.551	        83.656	     0.000	   259.311	    -9.341	    52.867	     0.000	    -1.115	421.927165	421.927165	507.348171	2338.400840
  82.400	   0.000	       486.106	        83.609	     0.000	   258.888	    -9.296	    54.129	     0.000	    -1.169	401.210497	401.210497	486.300361	2338.354950
  82.600	   0.000	       474.248	        81.693	     0.000	   258.466	    -9.250	    54.775	     0.000	    -1.197	389.238367	389.238367	474.580768	2336.444152
  82.800	   0.000	       469.718	        79.860	     0.000	   258.045	    -9.205	    54.881	     0.000	    -1.202	384.335386	384.335386	469.430231	2334.612039
  83.000	   0.000	       466.124	        78.176	     0.000	   257.626	    -9.160	    54.924	     0.000	    -1.204	380.667948	380.667948	466.221834	2332.933775
  83.200	   0.000	       461.115	        77.978	     0.000	   257.208	    -9.116	    55.186	     0.000	    -1.215	375.988685	375.988685	461.111783	2332.757163
  83.400	   0.000	       457.372	        79.698	     0.000	   256.791	    -9.072	    55.480	     0.000	    -1.228	371.996058	371.996058	457.356213	2334.448681
  83.600	   0.000	       455.725	        81.326	     0.000	   256.376	    -9.028	    55.671	     0.000	    -1.237	370.666191	370.666191	455.960372	2336.076239
  83.800	   0.000	       463.821	        82.810	     0.000	   255.962	    -8.984	    55.118	     0.000	    -1.212	378.325646	378.325646	463.438899	2337.552836
  84.000	   0.000	       482.607	        82.822	     0.000	   255.549	    -8.941	    53.758	     0.000	    -1.153	397.474050	397.474050	482.801591	2337.566513
  84.200	   0.000	       495.859	        80.929	     0.000	   255.138	    -8.898	    52.650	     0.000	    -1.106	410.489118	410.489118	495.630740	2335.676256
  84.400	   0.000	       509.419	        79.119	     0.000	   254.728	    -8.855	    51.631	     0.000	    -1.064	423.900557	423.900557	509.368661	2333.868665
  84.600	   0.000	       522.359	        77.453	     0.000	   254.319	    -8.812	    50.694	     0.000	    -1.025	436.804363	436.804363	522.269065	2332.212006
  84.800	   0.000	       536.412	        77.222	     0.000	   253.912	    -8.770	    49.826	     0.000	    -0.991	450.913715	450.913715	536.058814	2332.002351
  85.000	   0.000	       551.762	        78.947	     0.000	   253.506	    -8.728	    48.987	     0.000	    -0.958	466.709943	466.709943	552.167768	2333.699082
  85.200	   0.000	       556.284	        80.576	     0.000	   253.101	    -8.686	    48.729	     0.000	    -0.948	470.988240	470.988240	556.342775	2335.326752
  85.400	   0.000	       557.604	        82.060	     0.000	   252.698	    -8.645	    48.690	     0.000	    -0.946	472.226185	472.226185	557.361082	2336.805366
  85.600	   0.000	       555.484	        82.134	     0.000	   252.296	    -8.604	    48.685	     0.000	    -0.946	470.444927	470.444927	555.747709	2336.878290
  85.800	   0.000	       555.034	        80.260	     0.000	   251.895	    -8.563	    48.562	     0.000	    -0.941	469.786506	469.786506	555.124458	2335.009016
  86.000	   0.000	       553.761	        78.473	     0.000	   251.495	    -8.522	    48.448	     0.000	    -0.937	468.758308	468.758308	554.172431	2333.223393
  86.200	   0.000	       548.577	        76.832	     0.000	   251.097	    -8.481	    48.520	     0.000	    -0.939	462.946583	462.946583	548.359716	2331.588678
  86.400	   0.000	       531.128	        76.568	     0.000	   250.700	    -8.441	    49.354	     0.000	    -0.972	445.671473	445.671473	530.914454	2331.349557
  86.600	   0.000	       510.124	        78.300	     0.000	   250.304	    -8.401	    50.512	     0.000	    -1.018	425.815793	425.815793	510.888038	2333.050490
  86.800	   0.000	       497.277	        79.932	     0.000	   249.909	    -8.362	    51.353	     0.000	    -1.052	411.608024	411.608024	496.995378	2334.680594
  87.000	   0.000	       482.830	        81.420	     0.000	   249.516	    -8.322	    52.261	     0.000	    -1.090	397.779569	397.779569	483.119283	2336.164202
  87.200	   0.000	       474.265	        81.547	     0.000	   249.124	    -8.283	    52.772	     0.000	    -1.111	388.760278	388.760278	473.956226	2336.292825
  87.400	   0.000	       460.107	        79.694	     0.000	   248.733	    -8.244	    53.541	     0.000	    -1.144	374.982688	374.982688	460.257343	2334.443165
  87.600	   0.000	       452.994	        77.928	     0.000	   248.343	    -8.205	    53.831	     0.000	    -1.156	367.984859	367.984859	453.384115	2332.679350
  87.800	   0.000	       455.167	        76.309	     0.000	   247.955	    -8.167	    53.564	     0.000	    -1.145	369.340996	369.340996	454.655244	2331.066777
  88.000	   0.000	       455.890	        76.021	     0.000	   247.568	    -8.129	    53.352	     0.000	    -1.136	371.257185	371.257185	456.097300	2330.801249
  88.200	   0.000	       465.970	        77.757	     0.000	   247.182	    -8.091	    52.730	     0.000	    -1.109	380.233063	380.233063	465.792491	2332.507257
  88.400	   0.000	       467.517	        79.394	     0.000	   246.797	    -8.053	    52.624	     0.000	    -1.105	382.396462	382.396462	467.641737	2334.142357
  88.600	   0.000	       473.486	        80.889	     0.000	   246.413	    -8.016	    52.240	     0.000	    -1.089	388.011072	388.011072	473.484540	2335.633585
  88.800	   0.000	       486.873	        81.070	     0.000	   246.031	    -7.978	    51.395	     0.000	    -1.054	401.351742	401.351742	486.436545	2335.814909
  89.000	   0.000	       506.877	        79.237	     0.000	   245.650	    -7.941	    49.959	     0.000	    -0.996	421.494887	421.494887	506.920562	2333.985785
  89.200	   0.000	       525.711	        77.496	     0.000	   245.270	    -7.905	    48.722	     0.000	    -0.947	440.197998	440.197998	525.707354	2332.246580
  89.400	   0.000	       536.230	        75.898	     0.000	   244.891	    -7.868	    47.955	     0.000	    -0.918	450.774328	450.774328	535.981699	2330.655241
  89.600	   0.000	       545.943	        75.583	     0.000	   244.513	    -7.832	    47.375	     0.000	    -0.896	460.513316	460.513316	545.996965	2330.364662
  89.800	   0.000	       550.310	        77.329	     0.000	   244.136	    -7.796	    47.177	     0.000	    -0.888	465.214096	465.214096	550.185152	2332.077896
  90.000	   0.000	       559.143	        78.969	     0.000	   243.761	    -7.760	    46.719	     0.000	    -0.871	473.700009	473.700009	559.390323	2333.719192
  90.200	   0.000	       556.663	        80.474	     0.000	   243.387	    -7.724	    46.840	     0.000	    -0.875	471.482591	471.482591	556.674115	2335.220408
  90.400	   0.000	       550.843	        80.709	     0.000	   243.014	    -7.688	    47.058	     0.000	    -0.884	465.312907	465.312907	550.558873	2335.455264
  90.600	   0.000	       543.191	        78.898	     0.000	   242.642	    -7.653	    47.281	     0.000	    -0.892	457.970086	457.970086	543.482752	2333.648782
  90.800	   0.000	       528.378	        77.186	     0.000	   242.271	    -7.618	    47.888	     0.000	    -0.915	443.291927	443.291927	528.440991	2331.934299
  91.000	   0.000	       525.922	        75.607	     0.000	   241.901	    -7.583	    47.868	     0.000	    -0.914	440.852717	440.852717	526.197035	2330.362224
  91.200	   0.000	       514.000	        75.271	     0.000	   241.533	    -7.549	    48.387	     0.000	    -0.934	428.984948	428.984948	514.110768	2330.050153
  91.400	   0.000	       496.189	        77.027	     0.000	   241.165	    -7.514	    49.418	     0.000	    -0.974	410.826753	410.826753	496.243340	2331.773324
  91.600	   0.000	       476.751	        78.675	     0.000	   240.799	    -7.480	    50.616	     0.000	    -1.022	391.807905	391.807905	477.088060	2333.424888
  91.800	   0.000	       461.288	        80.193	     0.000	   240.434	    -7.446	    51.678	     0.000	    -1.066	375.962554	375.962554	461.198371	2334.939671
  92.000	   0.000	       456.343	        80.481	     0.000	   240.070	    -7.412	    52.011	     0.000	    -1.079	371.154340	371.154340	456.519332	2335.228027
  92.200	   0.000	       452.171	        78.695	     0.000	   239.707	    -7.379	    52.098	     0.000	    -1.083	366.962685	366.962685	452.317945	2333.446001
  92.400	   0.000	       451.762	        77.003	     0.000	   239.345	    -7.345	    51.933	     0.000	    -1.076	366.339559	366.339559	451.714729	2331.753517
  92.600	   0.000	       450.258	        75.444	     0.000	   238.984	    -7.312	    51.853	     0.000	    -1.073	365.461903	365.461903	450.607265	2330.200480
  92.800	   0.000	       458.620	        75.091	     0.000	   238.624	    -7.279	    51.203	     0.000	    -1.046	373.157482	373.157482	458.362830	2329.871136
  93.000	   0.000	       468.011	        76.859	     0.000	   238.266	    -7.247	    50.635	     0.000	    -1.023	382.646330	382.646330	467.985864	2331.607064
  93.200	   0.000	       482.251	        78.523	     0.000	   237.908	    -7.214	    49.774	     0.000	    -0.989	396.780910	396.780910	482.189754	2333.273513
  93.400	   0.000	       495.028	        80.061	     0.000	   237.551	    -7.182	    48.999	     0.000	    -0.958	409.100606	409.100606	494.659724	2334.806186
  93.600	   0.000	       499.395	        80.403	     0.000	   237.196	    -7.149	    48.716	     0.000	    -0.947	414.612574	414.612574	499.770101	2335.148874
  93.800	   0.000	       515.317	        78.639	     0.000	   236.842	    -7.117	    47.659	     0.000	    -0.906	429.556480	429.556480	515.006809	2333.392003
  94.000	   0.000	       531.288	        76.971	     0.000	   236.488	    -7.086	    46.648	     0.000	    -0.868	445.925360	445.925360	531.345841	2331.719686
  94.200	   0.000	       548.317	        75.429	     0.000	   236.136	    -7.054	    45.653	     0.000	    -0.832	462.836840	462.836840	548.131953	2330.186306
  94.400	   0.000	       555.490	        75.062	     0.000	   235.785	    -7.023	    45.186	     0.000	    -0.815	470.239383	470.239383	555.461396	2329.843173
  94.600	   0.000	       553.345	        76.846	     0.000	   235.435	    -6.991	    45.290	     0.000	    -0.818	468.377245	468.377245	553.678943	2331.595043
  94.800	   0.000	       551.247	        78.531	     0.000	   235.086	    -6.960	    45.408	     0.000	    -0.823	465.697395	465.697395	551.063533	2333.281755
  95.000	   0.000	       546.061	        80.091	     0.000	   234.738	    -6.929	    45.658	     0.000	    -0.832	460.891247	460.891247	546.238464	2334.835754
  95.200	   0.000	       540.508	        80.489	     0.000	   234.390	    -6.899	    45.888	     0.000	    -0.840	455.162762	455.162762	540.584213	2335.235276
  95.400	   0.000	       529.169	        78.753	     0.000	   234.044	    -6.868	    46.297	     0.000	    -0.855	444.043978	444.043978	529.330234	2333.507919
  95.600	   0.000	       515.072	        77.110	     0.000	   233.699	    -6.838	    46.854	     0.000	    -0.876	429.875325	429.875325	515.249968	2331.859654
  95.800	   0.000	       497.413	        75.599	     0.000	   233.355	    -6.808	    47.684	     0.000	    -0.907	412.347832	412.347832	497.460595	2330.353959
  96.000	   0.000	       489.594	        75.224	     0.000	   233.012	    -6.778	    48.053	     0.000	    -0.921	404.774712	404.774712	490.033408	2330.002749
  96.200	   0.000	       480.258	        77.027	     0.000	   232.670	    -6.748	    48.621	     0.000	    -0.943	395.250726	395.250726	480.598028	2331.768323
  96.400	   0.000	       466.057	        78.730	     0.000	   232.329	    -6.718	    49.522	     0.000	    -0.979	380.442644	380.442644	465.813548	2333.477904
  96.600	   0.000	       453.954	        80.306	     0.000	   231.989	    -6.689	    50.374	     0.000	    -1.013	368.490618	368.490618	453.980047	2335.051425
  96.800	   0.000	       440.747	        80.758	     0.000	   231.650	    -6.660	    51.254	     0.000	    -1.048	356.111610	356.111610	441.014210	2335.505788
  97.000	   0.000	       444.479	        79.058	     0.000	   231.312	    -6.630	    50.851	     0.000	    -1.032	359.027944	359.027944	444.615872	2333.815687
  97.200	   0.000	       451.298	        77.444	     0.000	   230.975	    -6.602	    50.204	     0.000	    -1.006	366.003103	366.003103	451.220007	2332.193069
  97.400	   0.000	       460.091	        75.964	     0.000	   230.639	    -6.573	    49.461	     0.000	    -0.976	374.589362	374.589362	459.771807	2330.719280
  97.600	   0.000	       469.801	        75.585	     0.000	   230.304	    -6.544	    48.759	     0.000	    -0.949	384.545249	384.545249	469.869043	2330.361514
  97.800	   0.000	       477.541	        77.383	     0.000	   229.970	    -6.516	    48.297	     0.000	    -0.931	392.155305	392.155305	477.382349	2332.130397
  98.000	   0.000	       492.216	        79.123	     0.000	   229.637	    -6.487	    47.510	     0.000	    -0.901	406.531995	406.531995	492.108770	2333.868876
  98.200	   0.000	       508.482	        80.713	     0.000	   229.305	    -6.459	    46.617	     0.000	    -0.867	423.059133	423.059133	508.185407	2335.457918
  98.400	   0.000	       523.158	        81.218	     0.000	   228.974	    -6.431	    45.785	     0.000	    -0.836	437.301141	437.301141	522.959844	2335.965573
  98.600	   0.000	       527.321	        79.575	     0.000	   228.644	    -6.404	    45.414	     0.000	    -0.823	442.475219	442.475219	527.688746	2334.327042
  98.800	   0.000	       537.675	        77.972	     0.000	   228.314	    -6.376	    44.745	     0.000	    -0.799	451.990707	451.990707	537.396160	2332.723525
  99.000	   0.000	       547.391	        76.528	     0.000	   227.986	    -6.348	    44.165	     0.000	    -0.778	462.056806	462.056806	547.254888	2331.281348
  99.200	   0.000	       553.940	        76.139	     0.000	   227.659	    -6.321	    43.758	     0.000	    -0.764	468.890339	468.890339	553.985082	2330.917324
  99.400	   0.000	       558.616	        77.921	     0.000	   227.332	    -6.294	    43.530	     0.000	    -0.756	472.769144	472.769144	558.504222	2332.679074
  99.600	   0.000	       545.646	        79.695	     0.000	   227.007	    -6.267	    44.140	     0.000	    -0.777	460.312896	460.312896	545.745701	2334.446836
  99.800	   0.000	       534.739	        81.300	     0.000	   226.682	    -6.240	    44.691	     0.000	    -0.797	449.316012	449.316012	534.604095	2336.047380
 100.000	   0.000	       520.091	        81.860	     0.000	   226.358	    -6.213	    45.396	     0.000	    -0.822	435.037087	435.037087	520.327845	2336.606768
