    时间	    汇点水头	    大井水位	    升管水位	    大井流量	    升管流量	    底板压差
   0.000	      0.763	   2361.063	    2361.063	      0.000	      0.000	      0.000
   0.200	      0.763	   2361.063	    2361.063	     -0.238	      0.000	     -0.000
   0.400	      0.762	   2361.062	    2361.062	     -0.119	      0.000	     -0.000
   0.600	      0.761	   2361.061	    2361.061	     -0.309	      0.000	     -0.000
   0.800	      0.757	   2361.057	    2361.057	     -1.291	      0.000	     -0.000
   1.000	      0.751	   2361.051	    2361.051	     -2.055	      0.000	     -0.001
   1.200	      0.741	   2361.042	    2361.042	     -2.406	      0.000	     -0.001
   1.400	      0.730	   2361.032	    2361.032	     -3.076	      0.000	     -0.001
   1.600	      0.716	   2361.019	    2361.019	     -3.742	      0.000	     -0.002
   1.800	      0.701	   2361.004	    2361.004	     -4.081	      0.000	     -0.002
   2.000	      0.686	   2360.988	    2360.988	     -4.454	      0.000	     -0.003
   2.200	      0.667	   2360.971	    2360.971	     -5.355	      0.000	     -0.004
   2.400	      0.643	   2360.948	    2360.948	     -6.308	      0.000	     -0.006
   2.600	      0.615	   2360.923	    2360.923	     -7.274	      0.000	     -0.008
   2.800	      0.583	   2360.893	    2360.893	     -8.306	      0.000	     -0.010
   3.000	      0.544	   2360.859	    2360.859	    -10.333	      0.000	     -0.015
   3.200	      0.501	   2360.820	    2360.820	    -11.215	      0.000	     -0.019
   3.400	      0.452	   2360.775	    2360.775	    -12.571	      0.000	     -0.023
   3.600	      0.393	   2360.724	    2360.724	    -14.492	      0.000	     -0.031
   3.800	      0.322	   2360.664	    2360.664	    -16.867	      0.000	     -0.042
   4.000	      0.249	   2360.598	    2360.598	    -18.068	      0.000	     -0.049
   4.200	      0.166	   2360.525	    2360.525	    -19.991	      0.000	     -0.060
   4.400	      0.074	   2360.446	    2360.446	    -21.950	      0.000	     -0.072
   4.600	     -0.022	   2360.360	    2360.360	    -23.483	      0.000	     -0.082
   4.800	     -0.126	   2360.267	    2360.267	    -25.259	      0.000	     -0.093
   5.000	     -0.241	   2360.168	    2360.168	    -26.971	      0.000	     -0.108
   5.200	     -0.366	   2360.061	    2360.061	    -29.179	      0.000	     -0.127
   5.400	     -0.497	   2359.947	    2359.947	    -31.141	      0.000	     -0.144
   5.600	     -0.631	   2359.828	    2359.828	    -32.635	      0.000	     -0.159
   5.800	     -0.778	   2359.701	    2359.701	    -34.646	      0.000	     -0.178
   6.000	     -0.936	   2359.565	    2359.565	    -36.750	      0.000	     -0.201
   6.200	     -1.097	   2359.423	    2359.423	    -38.388	      0.000	     -0.219
   6.400	     -1.277	   2359.272	    2359.272	    -40.964	      0.000	     -0.249
   6.600	     -1.463	   2359.113	    2359.113	    -42.929	      0.000	     -0.277
   6.800	     -1.652	   2358.947	    2358.947	    -44.872	      0.000	     -0.299
   7.000	     -1.846	   2358.775	    2358.775	    -46.388	      0.000	     -0.321
   7.200	     -2.046	   2358.596	    2358.596	    -47.899	      0.000	     -0.343
   7.400	     -2.254	   2358.411	    2358.411	    -49.482	      0.000	     -0.365
   7.600	     -2.467	   2358.219	    2358.219	    -50.833	      0.000	     -0.387
   7.800	     -2.678	   2358.025	    2358.025	    -51.986	      0.000	     -0.403
   8.000	     -2.901	   2357.825	    2357.825	    -53.417	      0.000	     -0.426
   8.200	     -3.121	   2357.621	    2357.621	    -54.488	      0.000	     -0.441
   8.400	     -3.336	   2357.414	    2357.414	    -55.041	      0.000	     -0.450
   8.600	     -3.570	   2357.203	    2357.203	    -56.273	      0.000	     -0.473
   8.800	     -3.804	   2356.987	    2356.987	    -57.334	      0.000	     -0.491
   9.000	     -4.040	   2356.768	    2356.768	    -58.318	      0.000	     -0.507
   9.200	     -4.277	   2356.545	    2356.545	    -59.122	      0.000	     -0.522
   9.400	     -4.520	   2356.319	    2356.319	    -60.174	      0.000	     -0.539
   9.600	     -4.768	   2356.090	    2356.090	    -61.101	      0.000	     -0.557
   9.800	     -5.004	   2355.857	    2355.857	    -61.428	      0.000	     -0.561
  10.000	     -5.238	   2355.624	    2355.624	    -61.318	      0.000	     -0.562
  10.200	     -5.473	   2355.391	    2355.391	    -61.415	      0.000	     -0.565
  10.400	     -5.688	   2355.159	    2355.159	    -60.424	      0.000	     -0.547
  10.600	     -5.899	   2354.932	    2354.932	    -59.533	      0.000	     -0.530
  10.800	     -6.098	   2354.708	    2354.708	    -58.299	      0.000	     -0.507
  11.000	     -6.292	   2354.490	    2354.490	    -56.796	      0.000	     -0.482
  11.200	     -6.475	   2354.278	    2354.278	    -54.948	      0.000	     -0.453
  11.400	     -6.644	   2354.073	    2354.073	    -52.841	      0.000	     -0.417
  11.600	     -6.813	   2353.876	    2353.876	    -51.022	      0.000	     -0.389
  11.800	     -6.973	   2353.687	    2353.687	    -49.125	      0.000	     -0.360
  12.000	     -7.125	   2353.505	    2353.505	    -46.870	      0.000	     -0.329
  12.200	     -7.273	   2353.331	    2353.331	    -45.079	      0.000	     -0.304
  12.400	     -7.408	   2353.165	    2353.165	    -42.810	      0.000	     -0.273
  12.600	     -7.532	   2353.007	    2353.007	    -40.020	      0.000	     -0.240
  12.800	     -7.643	   2352.861	    2352.861	    -36.942	      0.000	     -0.204
  13.000	     -7.745	   2352.727	    2352.727	    -33.990	      0.000	     -0.172
  13.200	     -7.831	   2352.606	    2352.606	    -30.278	      0.000	     -0.137
  13.400	     -7.900	   2352.500	    2352.500	    -25.839	      0.000	     -0.101
  13.600	     -7.958	   2352.411	    2352.411	    -21.312	      0.000	     -0.069
  13.800	     -8.008	   2352.338	    2352.338	    -17.325	      0.000	     -0.046
  14.000	     -8.049	   2352.279	    2352.279	    -13.598	      0.000	     -0.028
  14.200	     -8.080	   2352.235	    2352.235	     -9.672	      0.000	     -0.014
  14.400	     -8.104	   2352.203	    2352.203	     -7.075	      0.000	     -0.008
  14.600	     -8.128	   2352.178	    2352.178	     -6.219	      0.000	     -0.006
  14.800	     -8.151	   2352.155	    2352.155	     -6.225	      0.000	     -0.006
  15.000	     -8.179	   2352.129	    2352.129	     -7.536	      0.000	     -0.008
  15.200	     -8.216	   2352.097	    2352.097	     -9.248	      0.000	     -0.012
  15.400	     -8.258	   2352.059	    2352.059	    -10.846	      0.000	     -0.017
  15.600	     -8.310	   2352.014	    2352.014	    -12.838	      0.000	     -0.025
  15.800	     -8.375	   2351.961	    2351.961	    -15.391	      0.000	     -0.035
  16.000	     -8.457	   2351.896	    2351.896	    -18.845	      0.000	     -0.052
  16.200	     -8.552	   2351.819	    2351.819	    -21.779	      0.000	     -0.070
  16.400	     -8.653	   2351.733	    2351.733	    -24.061	      0.000	     -0.086
  16.600	     -8.765	   2351.638	    2351.638	    -26.383	      0.000	     -0.102
  16.800	     -8.880	   2351.535	    2351.535	    -27.646	      0.000	     -0.115
  17.000	     -8.994	   2351.428	    2351.428	    -28.638	      0.000	     -0.122
  17.200	     -9.119	   2351.316	    2351.316	    -30.122	      0.000	     -0.136
  17.400	     -9.258	   2351.198	    2351.198	    -32.470	      0.000	     -0.157
  17.600	     -9.416	   2351.070	    2351.070	    -35.536	      0.000	     -0.186
  17.800	     -9.592	   2350.930	    2350.930	    -38.733	      0.000	     -0.222
  18.000	     -9.788	   2350.776	    2350.776	    -42.202	      0.000	     -0.264
  18.200	    -10.019	   2350.607	    2350.607	    -46.802	      0.000	     -0.326
  18.400	    -10.283	   2350.420	    2350.420	    -52.054	      0.000	     -0.403
  18.600	    -10.572	   2350.212	    2350.212	    -57.233	      0.000	     -0.484
  18.800	    -10.847	   2349.990	    2349.990	    -59.994	      0.000	     -0.537
  19.000	    -11.060	   2349.763	    2349.763	    -59.183	      0.000	     -0.523
  19.200	    -11.227	   2349.544	    2349.544	    -56.195	      0.000	     -0.472
  19.400	    -11.381	   2349.338	    2349.338	    -52.881	      0.000	     -0.418
  19.600	    -11.533	   2349.142	    2349.142	    -50.098	      0.000	     -0.375
  19.800	    -11.695	   2348.956	    2348.956	    -48.356	      0.000	     -0.350
  20.000	    -11.845	   2348.777	    2348.777	    -46.504	      0.000	     -0.323
  20.200	    -11.988	   2348.605	    2348.605	    -44.351	      0.000	     -0.293
  20.400	    -12.110	   2348.443	    2348.443	    -41.039	      0.000	     -0.253
  20.600	    -12.207	   2348.295	    2348.295	    -36.683	      0.000	     -0.202
  20.800	    -12.300	   2348.163	    2348.163	    -32.986	      0.000	     -0.163
  21.000	    -12.398	   2348.043	    2348.043	    -30.685	      0.000	     -0.141
  21.200	    -12.487	   2347.932	    2347.932	    -28.104	      0.000	     -0.118
  21.400	    -12.562	   2347.831	    2347.831	    -24.920	      0.000	     -0.093
  21.600	    -12.619	   2347.745	    2347.745	    -20.575	      0.000	     -0.064
  21.800	    -12.659	   2347.676	    2347.676	    -15.160	      0.000	     -0.035
  22.000	    -12.685	   2347.629	    2347.629	     -9.446	      0.000	     -0.014
  22.200	    -12.701	   2347.603	    2347.603	     -4.591	      0.000	     -0.003
  22.400	    -12.707	   2347.593	    2347.593	     -0.291	      0.000	     -0.000
  22.600	    -12.696	   2347.602	    2347.602	      4.413	      0.000	      0.003
  22.800	    -12.657	   2347.629	    2347.629	      9.896	      0.000	      0.014
  23.000	    -12.589	   2347.677	    2347.677	     15.231	      0.000	      0.034
  23.200	    -12.498	   2347.743	    2347.743	     19.890	      0.000	      0.058
  23.400	    -12.390	   2347.826	    2347.826	     23.789	      0.000	      0.084
  23.600	    -12.277	   2347.921	    2347.921	     26.116	      0.000	      0.102
  23.800	    -12.164	   2348.023	    2348.023	     27.668	      0.000	      0.113
  24.000	    -12.038	   2348.132	    2348.132	     29.633	      0.000	      0.131
  24.200	    -11.895	   2348.249	    2348.249	     32.368	      0.000	      0.156
  24.400	    -11.745	   2348.376	    2348.376	     34.742	      0.000	      0.179
  24.600	    -11.591	   2348.511	    2348.511	     36.440	      0.000	      0.198
  24.800	    -11.442	   2348.651	    2348.651	     37.261	      0.000	      0.207
  25.000	    -11.292	   2348.793	    2348.793	     37.933	      0.000	      0.214
  25.200	    -11.138	   2348.939	    2348.939	     38.706	      0.000	      0.223
  25.400	    -10.989	   2349.085	    2349.085	     38.919	      0.000	      0.226
  25.600	    -10.835	   2349.234	    2349.234	     39.315	      0.000	      0.231
  25.800	    -10.688	   2349.383	    2349.383	     39.187	      0.000	      0.230
  26.000	    -10.551	   2349.529	    2349.529	     38.420	      0.000	      0.220
  26.200	    -10.415	   2349.674	    2349.674	     37.608	      0.000	      0.212
  26.400	    -10.282	   2349.815	    2349.815	     36.939	      0.000	      0.203
  26.600	    -10.147	   2349.954	    2349.954	     36.470	      0.000	      0.199
  26.800	    -10.008	   2350.092	    2350.092	     36.622	      0.000	      0.200
  27.000	     -9.867	   2350.231	    2350.231	     36.698	      0.000	      0.201
  27.200	     -9.719	   2350.372	    2350.372	     37.464	      0.000	      0.209
  27.400	     -9.577	   2350.514	    2350.514	     37.441	      0.000	      0.209
  27.600	     -9.435	   2350.656	    2350.656	     37.469	      0.000	      0.209
  27.800	     -9.282	   2350.799	    2350.799	     38.290	      0.000	      0.218
  28.000	     -9.130	   2350.945	    2350.945	     38.795	      0.000	      0.224
  28.200	     -8.980	   2351.093	    2351.093	     39.043	      0.000	      0.227
  28.400	     -8.827	   2351.241	    2351.241	     39.373	      0.000	      0.232
  28.600	     -8.677	   2351.391	    2351.391	     39.440	      0.000	      0.233
  28.800	     -8.528	   2351.540	    2351.540	     39.369	      0.000	      0.231
  29.000	     -8.386	   2351.688	    2351.688	     38.835	      0.000	      0.225
  29.200	     -8.245	   2351.835	    2351.835	     38.433	      0.000	      0.220
  29.400	     -8.102	   2351.980	    2351.980	     38.229	      0.000	      0.218
  29.600	     -7.965	   2352.124	    2352.124	     37.598	      0.000	      0.211
  29.800	     -7.827	   2352.265	    2352.265	     37.315	      0.000	      0.208
  30.000	     -7.684	   2352.407	    2352.407	     37.365	      0.000	      0.209
  30.200	     -7.548	   2352.548	    2352.548	     36.962	      0.000	      0.204
  30.400	     -7.409	   2352.687	    2352.687	     36.936	      0.000	      0.203
  30.600	     -7.267	   2352.828	    2352.828	     37.141	      0.000	      0.205
  30.800	     -7.128	   2352.969	    2352.969	     36.875	      0.000	      0.203
  31.000	     -7.001	   2353.107	    2353.107	     35.781	      0.000	      0.192
  31.200	     -6.880	   2353.240	    2353.240	     34.695	      0.000	      0.180
  31.400	     -6.756	   2353.370	    2353.370	     34.112	      0.000	      0.173
  31.600	     -6.633	   2353.498	    2353.498	     33.620	      0.000	      0.168
  31.800	     -6.513	   2353.624	    2353.624	     32.916	      0.000	      0.162
  32.000	     -6.395	   2353.748	    2353.748	     32.359	      0.000	      0.157
  32.200	     -6.287	   2353.869	    2353.869	     30.979	      0.000	      0.144
  32.400	     -6.189	   2353.983	    2353.983	     29.160	      0.000	      0.128
  32.600	     -6.100	   2354.089	    2354.089	     27.219	      0.000	      0.111
  32.800	     -6.009	   2354.190	    2354.190	     25.977	      0.000	      0.101
  33.000	     -5.916	   2354.287	    2354.287	     25.474	      0.000	      0.097
  33.200	     -5.824	   2354.383	    2354.383	     24.981	      0.000	      0.093
  33.400	     -5.731	   2354.477	    2354.477	     24.718	      0.000	      0.092
  33.600	     -5.642	   2354.570	    2354.570	     24.258	      0.000	      0.088
  33.800	     -5.553	   2354.661	    2354.661	     23.977	      0.000	      0.086
  34.000	     -5.458	   2354.752	    2354.752	     24.519	      0.000	      0.089
  34.200	     -5.355	   2354.847	    2354.847	     25.617	      0.000	      0.098
  34.400	     -5.240	   2354.948	    2354.948	     27.356	      0.000	      0.111
  34.600	     -5.128	   2355.054	    2355.054	     28.142	      0.000	      0.118
  34.800	     -5.016	   2355.161	    2355.161	     28.698	      0.000	      0.122
  35.000	     -4.896	   2355.272	    2355.272	     29.713	      0.000	      0.132
  35.200	     -4.776	   2355.386	    2355.386	     30.482	      0.000	      0.138
  35.400	     -4.645	   2355.504	    2355.504	     31.875	      0.000	      0.151
  35.600	     -4.502	   2355.628	    2355.628	     33.775	      0.000	      0.170
  35.800	     -4.350	   2355.760	    2355.760	     35.663	      0.000	      0.190
  36.000	     -4.192	   2355.899	    2355.899	     37.477	      0.000	      0.209
  36.200	     -4.044	   2356.041	    2356.041	     37.919	      0.000	      0.214
  36.400	     -3.885	   2356.187	    2356.187	     39.119	      0.000	      0.228
  36.600	     -3.724	   2356.337	    2356.337	     40.008	      0.000	      0.238
  36.800	     -3.567	   2356.490	    2356.490	     40.325	      0.000	      0.243
  37.000	     -3.407	   2356.644	    2356.644	     40.892	      0.000	      0.249
  37.200	     -3.257	   2356.799	    2356.799	     40.404	      0.000	      0.244
  37.400	     -3.120	   2356.950	    2356.950	     39.288	      0.000	      0.230
  37.600	     -2.985	   2357.096	    2357.096	     38.270	      0.000	      0.218
  37.800	     -2.855	   2357.239	    2357.239	     37.138	      0.000	      0.206
  38.000	     -2.720	   2357.379	    2357.379	     36.611	      0.000	      0.200
  38.200	     -2.592	   2357.516	    2357.516	     35.880	      0.000	      0.192
  38.400	     -2.457	   2357.652	    2357.652	     35.727	      0.000	      0.191
  38.600	     -2.313	   2357.789	    2357.789	     36.473	      0.000	      0.198
  38.800	     -2.168	   2357.928	    2357.928	     36.985	      0.000	      0.204
  39.000	     -2.018	   2358.070	    2358.070	     37.839	      0.000	      0.213
  39.200	     -1.859	   2358.215	    2358.215	     38.946	      0.000	      0.226
  39.400	     -1.696	   2358.365	    2358.365	     40.039	      0.000	      0.239
  39.600	     -1.533	   2358.518	    2358.518	     40.893	      0.000	      0.249
  39.800	     -1.372	   2358.674	    2358.674	     41.318	      0.000	      0.255
  40.000	     -1.212	   2358.831	    2358.831	     41.526	      0.000	      0.258
  40.200	     -1.056	   2358.988	    2358.988	     41.418	      0.000	      0.256
  40.400	     -0.905	   2359.144	    2359.144	     40.958	      0.000	      0.250
  40.600	     -0.761	   2359.298	    2359.298	     40.161	      0.000	      0.241
  40.800	     -0.618	   2359.449	    2359.449	     39.486	      0.000	      0.233
  41.000	     -0.478	   2359.597	    2359.597	     38.787	      0.000	      0.224
  41.200	     -0.338	   2359.743	    2359.743	     38.333	      0.000	      0.219
  41.400	     -0.190	   2359.888	    2359.888	     38.521	      0.000	      0.222
  41.600	     -0.038	   2360.036	    2360.036	     38.967	      0.000	      0.226
  41.800	      0.112	   2360.184	    2360.184	     39.153	      0.000	      0.229
  42.000	      0.264	   2360.333	    2360.333	     39.403	      0.000	      0.232
  42.200	      0.412	   2360.482	    2360.482	     39.241	      0.000	      0.230
  42.400	      0.557	   2360.630	    2360.630	     38.991	      0.000	      0.227
  42.600	      0.698	   2360.777	    2360.777	     38.510	      0.000	      0.221
  42.800	      0.843	   2360.923	    2360.923	     38.382	      0.000	      0.220
  43.000	      0.993	   2361.069	    2361.069	     38.757	      0.000	      0.224
  43.200	      1.140	   2361.216	    2361.216	     38.753	      0.000	      0.224
  43.400	      1.284	   2361.362	    2361.362	     38.603	      0.000	      0.222
  43.600	      1.432	   2361.508	    2361.508	     38.722	      0.000	      0.224
  43.800	      1.573	   2361.655	    2361.655	     38.292	      0.000	      0.219
  44.000	      1.713	   2361.799	    2361.799	     37.919	      0.000	      0.214
  44.200	      1.856	   2361.942	    2361.942	     37.827	      0.000	      0.213
  44.400	      2.001	   2362.086	    2362.086	     37.990	      0.000	      0.215
  44.600	      2.152	   2362.231	    2362.231	     38.530	      0.000	      0.221
  44.800	      2.304	   2362.377	    2362.377	     38.977	      0.000	      0.226
  45.000	      2.458	   2362.526	    2362.526	     39.488	      0.000	      0.232
  45.200	      2.619	   2362.677	    2362.677	     40.221	      0.000	      0.242
  45.400	      2.770	   2362.830	    2362.830	     40.158	      0.000	      0.240
  45.600	      2.924	   2362.982	    2362.982	     40.288	      0.000	      0.242
  45.800	      3.065	   2363.133	    2363.133	     39.408	      0.000	      0.232
  46.000	      3.199	   2363.280	    2363.280	     38.298	      0.000	      0.219
  46.200	      3.330	   2363.423	    2363.423	     37.193	      0.000	      0.207
  46.400	      3.458	   2363.562	    2363.562	     36.226	      0.000	      0.196
  46.600	      3.589	   2363.699	    2363.699	     35.702	      0.000	      0.190
  46.800	      3.724	   2363.834	    2363.834	     35.676	      0.000	      0.190
  47.000	      3.857	   2363.969	    2363.969	     35.491	      0.000	      0.188
  47.200	      3.992	   2364.103	    2364.103	     35.596	      0.000	      0.189
  47.400	      4.125	   2364.238	    2364.238	     35.385	      0.000	      0.187
  47.600	      4.246	   2364.370	    2364.370	     34.311	      0.000	      0.176
  47.800	      4.364	   2364.498	    2364.498	     33.329	      0.000	      0.166
  48.000	      4.480	   2364.623	    2364.623	     32.468	      0.000	      0.157
  48.200	      4.593	   2364.744	    2364.744	     31.543	      0.000	      0.149
  48.400	      4.708	   2364.863	    2364.863	     31.202	      0.000	      0.145
  48.600	      4.825	   2364.981	    2364.981	     31.122	      0.000	      0.144
  48.800	      4.943	   2365.099	    2365.099	     31.125	      0.000	      0.145
  49.000	      5.058	   2365.216	    2365.216	     30.803	      0.000	      0.142
  49.200	      5.165	   2365.332	    2365.332	     29.926	      0.000	      0.134
  49.400	      5.270	   2365.443	    2365.443	     29.053	      0.000	      0.126
  49.600	      5.369	   2365.551	    2365.551	     28.008	      0.000	      0.117
  49.800	      5.464	   2365.655	    2365.655	     26.899	      0.000	      0.108
  50.000	      5.563	   2365.757	    2365.757	     26.669	      0.000	      0.106
  50.200	      5.664	   2365.858	    2365.858	     26.675	      0.000	      0.106
  50.400	      5.764	   2365.959	    2365.959	     26.523	      0.000	      0.105
  50.600	      5.861	   2366.058	    2366.058	     26.237	      0.000	      0.103
  50.800	      5.954	   2366.157	    2366.157	     25.527	      0.000	      0.097
  51.000	      6.041	   2366.251	    2366.251	     24.479	      0.000	      0.090
  51.200	      6.123	   2366.342	    2366.342	     23.320	      0.000	      0.081
  51.400	      6.203	   2366.428	    2366.428	     22.380	      0.000	      0.075
  51.600	      6.287	   2366.513	    2366.513	     22.246	      0.000	      0.074
  51.800	      6.370	   2366.597	    2366.597	     22.107	      0.000	      0.073
  52.000	      6.451	   2366.680	    2366.680	     21.868	      0.000	      0.071
  52.200	      6.533	   2366.763	    2366.763	     21.738	      0.000	      0.071
  52.400	      6.610	   2366.844	    2366.844	     21.012	      0.000	      0.066
  52.600	      6.681	   2366.922	    2366.922	     19.851	      0.000	      0.059
  52.800	      6.748	   2366.995	    2366.995	     18.886	      0.000	      0.053
  53.000	      6.814	   2367.065	    2367.065	     18.081	      0.000	      0.049
  53.200	      6.880	   2367.133	    2367.133	     17.781	      0.000	      0.047
  53.400	      6.946	   2367.200	    2367.200	     17.561	      0.000	      0.046
  53.600	      7.012	   2367.266	    2367.266	     17.488	      0.000	      0.046
  53.800	      7.078	   2367.332	    2367.332	     17.466	      0.000	      0.046
  54.000	      7.139	   2367.397	    2367.397	     16.630	      0.000	      0.041
  54.200	      7.194	   2367.458	    2367.458	     15.524	      0.000	      0.036
  54.400	      7.247	   2367.515	    2367.515	     14.706	      0.000	      0.032
  54.600	      7.297	   2367.569	    2367.569	     13.743	      0.000	      0.028
  54.800	      7.347	   2367.620	    2367.620	     13.325	      0.000	      0.026
  55.000	      7.397	   2367.670	    2367.670	     13.275	      0.000	      0.026
  55.200	      7.447	   2367.721	    2367.721	     13.309	      0.000	      0.026
  55.400	      7.497	   2367.771	    2367.771	     13.135	      0.000	      0.026
  55.600	      7.542	   2367.819	    2367.819	     12.227	      0.000	      0.022
  55.800	      7.583	   2367.864	    2367.864	     11.262	      0.000	      0.019
  56.000	      7.621	   2367.905	    2367.905	     10.393	      0.000	      0.016
  56.200	      7.655	   2367.942	    2367.942	      9.304	      0.000	      0.013
  56.400	      7.689	   2367.977	    2367.977	      9.032	      0.000	      0.012
  56.600	      7.723	   2368.011	    2368.011	      9.086	      0.000	      0.012
  56.800	      7.757	   2368.045	    2368.045	      8.943	      0.000	      0.012
  57.000	      7.790	   2368.079	    2368.079	      8.655	      0.000	      0.011
  57.200	      7.820	   2368.110	    2368.110	      7.897	      0.000	      0.009
  57.400	      7.846	   2368.139	    2368.139	      6.997	      0.000	      0.007
  57.600	      7.869	   2368.163	    2368.163	      5.965	      0.000	      0.005
  57.800	      7.887	   2368.183	    2368.183	      4.896	      0.000	      0.004
  58.000	      7.905	   2368.201	    2368.201	      4.704	      0.000	      0.003
  58.200	      7.922	   2368.219	    2368.219	      4.557	      0.000	      0.003
  58.400	      7.938	   2368.236	    2368.236	      4.270	      0.000	      0.003
  58.600	      7.954	   2368.251	    2368.251	      4.102	      0.000	      0.003
  58.800	      7.968	   2368.266	    2368.266	      3.420	      0.000	      0.002
  59.000	      7.978	   2368.277	    2368.277	      2.318	      0.000	      0.001
  59.200	      7.984	   2368.283	    2368.283	      1.155	      0.000	      0.000
  59.400	      7.986	   2368.286	    2368.286	      0.178	      0.000	      0.000
  59.600	      7.986	   2368.286	    2368.286	     -0.135	      0.000	     -0.000
  59.800	      7.985	   2368.285	    2368.285	     -0.449	      0.000	     -0.000
  60.000	      7.983	   2368.283	    2368.283	     -0.620	      0.000	     -0.000
  60.200	      7.980	   2368.280	    2368.280	     -0.736	      0.000	     -0.000
  60.400	      7.976	   2368.276	    2368.276	     -1.619	      0.000	     -0.000
  60.600	      7.966	   2368.268	    2368.268	     -2.878	      0.000	     -0.001
  60.800	      7.952	   2368.255	    2368.255	     -3.949	      0.000	     -0.002
  61.000	      7.934	   2368.238	    2368.238	     -4.898	      0.000	     -0.004
  61.200	      7.914	   2368.218	    2368.218	     -5.424	      0.000	     -0.004
  61.400	      7.892	   2368.197	    2368.197	     -5.746	      0.000	     -0.005
  61.600	      7.870	   2368.175	    2368.175	     -5.850	      0.000	     -0.005
  61.800	      7.846	   2368.152	    2368.152	     -6.199	      0.000	     -0.006
  62.000	      7.819	   2368.127	    2368.127	     -7.224	      0.000	     -0.008
  62.200	      7.787	   2368.097	    2368.097	     -8.376	      0.000	     -0.010
  62.400	      7.750	   2368.064	    2368.064	     -9.414	      0.000	     -0.013
  62.600	      7.709	   2368.026	    2368.026	    -10.564	      0.000	     -0.017
  62.800	      7.665	   2367.984	    2367.984	    -11.239	      0.000	     -0.019
  63.000	      7.621	   2367.941	    2367.941	    -11.474	      0.000	     -0.020
  63.200	      7.577	   2367.897	    2367.897	    -11.670	      0.000	     -0.020
  63.400	      7.530	   2367.852	    2367.852	    -12.180	      0.000	     -0.022
  63.600	      7.479	   2367.805	    2367.805	    -13.052	      0.000	     -0.025
  63.800	      7.424	   2367.753	    2367.753	    -14.130	      0.000	     -0.030
  64.000	      7.362	   2367.697	    2367.697	    -15.369	      0.000	     -0.035
  64.200	      7.296	   2367.637	    2367.637	    -16.629	      0.000	     -0.041
  64.400	      7.228	   2367.572	    2367.572	    -17.198	      0.000	     -0.044
  64.600	      7.162	   2367.507	    2367.507	    -17.373	      0.000	     -0.045
  64.800	      7.094	   2367.440	    2367.440	    -17.707	      0.000	     -0.047
  65.000	      7.023	   2367.372	    2367.372	    -18.178	      0.000	     -0.049
  65.200	      6.949	   2367.302	    2367.302	    -18.912	      0.000	     -0.053
  65.400	      6.868	   2367.228	    2367.228	    -20.155	      0.000	     -0.060
  65.600	      6.781	   2367.149	    2367.149	    -21.487	      0.000	     -0.069
  65.800	      6.690	   2367.066	    2367.066	    -22.579	      0.000	     -0.076
  66.000	      6.600	   2366.979	    2366.979	    -23.055	      0.000	     -0.079
  66.200	      6.510	   2366.891	    2366.891	    -23.359	      0.000	     -0.081
  66.400	      6.418	   2366.802	    2366.802	    -23.738	      0.000	     -0.084
  66.600	      6.325	   2366.711	    2366.711	    -24.033	      0.000	     -0.086
  66.800	      6.228	   2366.619	    2366.619	    -24.764	      0.000	     -0.091
  67.000	      6.122	   2366.523	    2366.523	    -26.064	      0.000	     -0.101
  67.200	      6.012	   2366.422	    2366.422	    -27.167	      0.000	     -0.110
  67.400	      5.900	   2366.318	    2366.318	    -28.104	      0.000	     -0.118
  67.600	      5.787	   2366.210	    2366.210	    -28.687	      0.000	     -0.123
  67.800	      5.675	   2366.100	    2366.100	    -29.005	      0.000	     -0.125
  68.000	      5.563	   2365.990	    2365.990	    -29.163	      0.000	     -0.127
  68.200	      5.452	   2365.880	    2365.880	    -29.289	      0.000	     -0.128
  68.400	      5.333	   2365.767	    2365.767	    -30.044	      0.000	     -0.134
  68.600	      5.206	   2365.651	    2365.651	    -31.188	      0.000	     -0.145
  68.800	      5.078	   2365.531	    2365.531	    -32.065	      0.000	     -0.153
  69.000	      4.945	   2365.408	    2365.408	    -33.067	      0.000	     -0.163
  69.200	      4.812	   2365.281	    2365.281	    -33.645	      0.000	     -0.169
  69.400	      4.684	   2365.153	    2365.153	    -33.693	      0.000	     -0.169
  69.600	      4.557	   2365.026	    2365.026	    -33.644	      0.000	     -0.169
  69.800	      4.428	   2364.898	    2364.898	    -33.782	      0.000	     -0.170
  70.000	      4.292	   2364.769	    2364.769	    -34.455	      0.000	     -0.177
  70.200	      4.151	   2364.637	    2364.637	    -35.324	      0.000	     -0.186
  70.400	      4.008	   2364.502	    2364.502	    -36.112	      0.000	     -0.194
  70.600	      3.858	   2364.363	    2364.363	    -37.072	      0.000	     -0.205
  70.800	      3.714	   2364.222	    2364.222	    -37.349	      0.000	     -0.208
  71.000	      3.575	   2364.081	    2364.081	    -37.151	      0.000	     -0.206
  71.200	      3.435	   2363.940	    2363.940	    -37.101	      0.000	     -0.205
  71.400	      3.294	   2363.799	    2363.799	    -37.152	      0.000	     -0.206
  71.600	      3.149	   2363.658	    2363.658	    -37.503	      0.000	     -0.210
  71.800	      2.998	   2363.515	    2363.515	    -38.131	      0.000	     -0.217
  72.000	      2.844	   2363.369	    2363.369	    -38.872	      0.000	     -0.225
  72.200	      2.686	   2363.220	    2363.220	    -39.605	      0.000	     -0.234
  72.400	      2.536	   2363.070	    2363.070	    -39.610	      0.000	     -0.234
  72.600	      2.388	   2362.920	    2362.920	    -39.407	      0.000	     -0.232
  72.800	      2.241	   2362.771	    2362.771	    -39.273	      0.000	     -0.230
  73.000	      2.096	   2362.623	    2362.623	    -38.997	      0.000	     -0.227
  73.200	      1.948	   2362.475	    2362.475	    -39.077	      0.000	     -0.228
  73.400	      1.791	   2362.326	    2362.326	    -39.663	      0.000	     -0.234
  73.600	      1.632	   2362.174	    2362.174	    -40.291	      0.000	     -0.242
  73.800	      1.474	   2362.021	    2362.021	    -40.720	      0.000	     -0.247
  74.000	      1.320	   2361.867	    2361.867	    -40.625	      0.000	     -0.246
  74.200	      1.170	   2361.713	    2361.713	    -40.352	      0.000	     -0.243
  74.400	      1.024	   2361.561	    2361.561	    -39.884	      0.000	     -0.237
  74.600	      0.880	   2361.411	    2361.411	    -39.350	      0.000	     -0.231
  74.800	      0.731	   2361.262	    2361.262	    -39.397	      0.000	     -0.231
  75.000	      0.575	   2361.112	    2361.112	    -39.886	      0.000	     -0.237
  75.200	      0.419	   2360.960	    2360.960	    -40.208	      0.000	     -0.241
  75.400	      0.264	   2360.808	    2360.808	    -40.408	      0.000	     -0.243
  75.600	      0.112	   2360.655	    2360.655	    -40.287	      0.000	     -0.242
  75.800	     -0.034	   2360.503	    2360.503	    -39.806	      0.000	     -0.237
  76.000	     -0.175	   2360.353	    2360.353	    -39.085	      0.000	     -0.228
  76.200	     -0.316	   2360.206	    2360.206	    -38.567	      0.000	     -0.222
  76.400	     -0.461	   2360.060	    2360.060	    -38.541	      0.000	     -0.221
  76.600	     -0.610	   2359.914	    2359.914	    -38.740	      0.000	     -0.224
  76.800	     -0.758	   2359.767	    2359.767	    -38.846	      0.000	     -0.225
  77.000	     -0.908	   2359.619	    2359.619	    -39.044	      0.000	     -0.227
  77.200	     -1.054	   2359.471	    2359.471	    -38.867	      0.000	     -0.226
  77.400	     -1.192	   2359.325	    2359.325	    -38.145	      0.000	     -0.217
  77.600	     -1.326	   2359.182	    2359.182	    -37.370	      0.000	     -0.208
  77.800	     -1.461	   2359.042	    2359.042	    -36.838	      0.000	     -0.203
  78.000	     -1.596	   2358.903	    2358.903	    -36.531	      0.000	     -0.199
  78.200	     -1.734	   2358.765	    2358.765	    -36.542	      0.000	     -0.199
  78.400	     -1.875	   2358.626	    2358.626	    -36.688	      0.000	     -0.201
  78.600	     -2.016	   2358.487	    2358.487	    -36.853	      0.000	     -0.203
  78.800	     -2.151	   2358.347	    2358.347	    -36.471	      0.000	     -0.199
  79.000	     -2.278	   2358.211	    2358.211	    -35.605	      0.000	     -0.189
  79.200	     -2.404	   2358.077	    2358.077	    -34.869	      0.000	     -0.182
  79.400	     -2.528	   2357.946	    2357.946	    -34.209	      0.000	     -0.175
  79.600	     -2.652	   2357.818	    2357.818	    -33.718	      0.000	     -0.170
  79.800	     -2.781	   2357.690	    2357.690	    -33.818	      0.000	     -0.171
  80.000	     -2.911	   2357.561	    2357.561	    -33.977	      0.000	     -0.172
  80.200	     -3.039	   2357.433	    2357.433	    -33.939	      0.000	     -0.172
  80.400	     -3.162	   2357.305	    2357.305	    -33.448	      0.000	     -0.167
  80.600	     -3.280	   2357.180	    2357.180	    -32.662	      0.000	     -0.159
  80.800	     -3.395	   2357.057	    2357.057	    -31.940	      0.000	     -0.152
  81.000	     -3.507	   2356.938	    2356.938	    -31.129	      0.000	     -0.145
  81.200	     -3.619	   2356.821	    2356.821	    -30.646	      0.000	     -0.140
  81.400	     -3.737	   2356.705	    2356.705	    -30.803	      0.000	     -0.142
  81.600	     -3.853	   2356.588	    2356.588	    -30.773	      0.000	     -0.141
  81.800	     -3.968	   2356.472	    2356.472	    -30.627	      0.000	     -0.140
  82.000	     -4.081	   2356.356	    2356.356	    -30.264	      0.000	     -0.137
  82.200	     -4.187	   2356.243	    2356.243	    -29.517	      0.000	     -0.130
  82.400	     -4.290	   2356.133	    2356.133	    -28.654	      0.000	     -0.123
  82.600	     -4.389	   2356.026	    2356.026	    -27.775	      0.000	     -0.115
  82.800	     -4.490	   2355.922	    2355.922	    -27.373	      0.000	     -0.112
  83.000	     -4.595	   2355.818	    2355.818	    -27.460	      0.000	     -0.112
  83.200	     -4.698	   2355.714	    2355.714	    -27.320	      0.000	     -0.111
  83.400	     -4.801	   2355.610	    2355.610	    -27.314	      0.000	     -0.111
  83.600	     -4.902	   2355.507	    2355.507	    -27.026	      0.000	     -0.109
  83.800	     -4.996	   2355.406	    2355.406	    -26.136	      0.000	     -0.102
  84.000	     -5.086	   2355.309	    2355.309	    -25.205	      0.000	     -0.095
  84.200	     -5.174	   2355.215	    2355.215	    -24.442	      0.000	     -0.089
  84.400	     -5.263	   2355.123	    2355.123	    -24.074	      0.000	     -0.086
  84.600	     -5.354	   2355.032	    2355.032	    -24.044	      0.000	     -0.086
  84.800	     -5.444	   2354.941	    2354.941	    -23.954	      0.000	     -0.086
  85.000	     -5.536	   2354.850	    2354.850	    -24.026	      0.000	     -0.086
  85.200	     -5.623	   2354.760	    2354.760	    -23.592	      0.000	     -0.083
  85.400	     -5.704	   2354.672	    2354.672	    -22.623	      0.000	     -0.076
  85.600	     -5.783	   2354.588	    2354.588	    -21.820	      0.000	     -0.071
  85.800	     -5.860	   2354.507	    2354.507	    -21.106	      0.000	     -0.067
  86.000	     -5.935	   2354.428	    2354.428	    -20.596	      0.000	     -0.063
  86.200	     -6.012	   2354.350	    2354.350	    -20.501	      0.000	     -0.063
  86.400	     -6.090	   2354.273	    2354.273	    -20.500	      0.000	     -0.063
  86.600	     -6.168	   2354.195	    2354.195	    -20.498	      0.000	     -0.063
  86.800	     -6.242	   2354.118	    2354.118	    -19.966	      0.000	     -0.060
  87.000	     -6.311	   2354.044	    2354.044	    -19.128	      0.000	     -0.055
  87.200	     -6.378	   2353.973	    2353.973	    -18.376	      0.000	     -0.050
  87.400	     -6.441	   2353.905	    2353.905	    -17.508	      0.000	     -0.046
  87.600	     -6.503	   2353.840	    2353.840	    -16.904	      0.000	     -0.043
  87.800	     -6.567	   2353.776	    2353.776	    -16.898	      0.000	     -0.043
  88.000	     -6.631	   2353.712	    2353.712	    -16.912	      0.000	     -0.043
  88.200	     -6.694	   2353.648	    2353.648	    -16.772	      0.000	     -0.042
  88.400	     -6.754	   2353.585	    2353.585	    -16.275	      0.000	     -0.040
  88.600	     -6.811	   2353.525	    2353.525	    -15.486	      0.000	     -0.036
  88.800	     -6.864	   2353.468	    2353.468	    -14.550	      0.000	     -0.032
  89.000	     -6.913	   2353.415	    2353.415	    -13.573	      0.000	     -0.028
  89.200	     -6.961	   2353.365	    2353.365	    -13.048	      0.000	     -0.025
  89.400	     -7.010	   2353.315	    2353.315	    -13.048	      0.000	     -0.025
  89.600	     -7.059	   2353.266	    2353.266	    -12.895	      0.000	     -0.025
  89.800	     -7.106	   2353.218	    2353.218	    -12.657	      0.000	     -0.024
  90.000	     -7.152	   2353.170	    2353.170	    -12.218	      0.000	     -0.022
  90.200	     -7.194	   2353.126	    2353.126	    -11.320	      0.000	     -0.019
  90.400	     -7.231	   2353.085	    2353.085	    -10.241	      0.000	     -0.016
  90.600	     -7.266	   2353.048	    2353.048	     -9.355	      0.000	     -0.013
  90.800	     -7.298	   2353.013	    2353.013	     -8.826	      0.000	     -0.012
  91.000	     -7.331	   2352.980	    2352.980	     -8.631	      0.000	     -0.011
  91.200	     -7.362	   2352.948	    2352.948	     -8.356	      0.000	     -0.010
  91.400	     -7.393	   2352.917	    2352.917	     -8.168	      0.000	     -0.010
  91.600	     -7.423	   2352.886	    2352.886	     -7.715	      0.000	     -0.009
  91.800	     -7.448	   2352.859	    2352.859	     -6.650	      0.000	     -0.007
  92.000	     -7.469	   2352.836	    2352.836	     -5.565	      0.000	     -0.005
  92.200	     -7.486	   2352.817	    2352.817	     -4.691	      0.000	     -0.003
  92.400	     -7.502	   2352.801	    2352.801	     -3.938	      0.000	     -0.002
  92.600	     -7.516	   2352.786	    2352.786	     -3.605	      0.000	     -0.002
  92.800	     -7.529	   2352.773	    2352.773	     -3.389	      0.000	     -0.002
  93.000	     -7.541	   2352.761	    2352.761	     -3.181	      0.000	     -0.002
  93.200	     -7.551	   2352.750	    2352.750	     -2.552	      0.000	     -0.001
  93.400	     -7.558	   2352.742	    2352.742	     -1.376	      0.000	     -0.000
  93.600	     -7.561	   2352.739	    2352.739	     -0.322	      0.000	     -0.000
  93.800	     -7.560	   2352.740	    2352.740	      0.677	      0.000	      0.000
  94.000	     -7.556	   2352.744	    2352.744	      1.591	      0.000	      0.000
  94.200	     -7.549	   2352.750	    2352.750	      1.842	      0.000	      0.001
  94.400	     -7.542	   2352.758	    2352.758	      2.057	      0.000	      0.001
  94.600	     -7.533	   2352.766	    2352.766	      2.455	      0.000	      0.001
  94.800	     -7.522	   2352.777	    2352.777	      3.187	      0.000	      0.001
  95.000	     -7.506	   2352.791	    2352.791	      4.303	      0.000	      0.003
  95.200	     -7.487	   2352.809	    2352.809	      5.367	      0.000	      0.004
  95.400	     -7.462	   2352.832	    2352.832	      6.514	      0.000	      0.006
  95.600	     -7.433	   2352.859	    2352.859	      7.417	      0.000	      0.008
  95.800	     -7.404	   2352.887	    2352.887	      7.634	      0.000	      0.009
  96.000	     -7.374	   2352.917	    2352.917	      8.032	      0.000	      0.010
  96.200	     -7.341	   2352.948	    2352.948	      8.528	      0.000	      0.011
  96.400	     -7.306	   2352.982	    2352.982	      9.152	      0.000	      0.012
  96.600	     -7.266	   2353.018	    2353.018	     10.242	      0.000	      0.016
  96.800	     -7.221	   2353.059	    2353.059	     11.438	      0.000	      0.019
  97.000	     -7.171	   2353.105	    2353.105	     12.637	      0.000	      0.024
  97.200	     -7.118	   2353.155	    2353.155	     13.460	      0.000	      0.027
  97.400	     -7.066	   2353.206	    2353.206	     13.743	      0.000	      0.028
  97.600	     -7.011	   2353.259	    2353.259	     14.223	      0.000	      0.030
  97.800	     -6.955	   2353.313	    2353.313	     14.569	      0.000	      0.032
  98.000	     -6.897	   2353.370	    2353.370	     15.112	      0.000	      0.034
  98.200	     -6.832	   2353.429	    2353.429	     16.306	      0.000	      0.040
  98.400	     -6.761	   2353.493	    2353.493	     17.530	      0.000	      0.046
  98.600	     -6.687	   2353.562	    2353.562	     18.585	      0.000	      0.051
  98.800	     -6.611	   2353.633	    2353.633	     19.342	      0.000	      0.056
  99.000	     -6.535	   2353.707	    2353.707	     19.689	      0.000	      0.058
  99.200	     -6.457	   2353.783	    2353.783	     20.057	      0.000	      0.060
  99.400	     -6.379	   2353.859	    2353.859	     20.276	      0.000	      0.061
  99.600	     -6.298	   2353.937	    2353.937	     20.898	      0.000	      0.065
  99.800	     -6.209	   2354.019	    2354.019	     22.081	      0.000	      0.073
 100.000	     -6.116	   2354.104	    2354.104	     23.110	      0.000	      0.079
