    时间	    汇点水头	    大井水位	    升管水位	    大井流量	    升管流量	    底板压差
   0.000	    431.157	   2791.457	    2791.457	      0.000	      0.000	      0.000
   0.200	    431.156	   2791.456	    2791.456	     -0.639	      0.000	     -0.000
   0.400	    431.155	   2791.455	    2791.455	     -0.965	      0.000	     -0.000
   0.600	    431.153	   2791.453	    2791.453	     -0.937	      0.000	     -0.000
   0.800	    431.151	   2791.451	    2791.451	     -0.794	      0.000	     -0.000
   1.000	    431.150	   2791.450	    2791.450	     -0.810	      0.000	     -0.000
   1.200	    431.148	   2791.448	    2791.448	     -1.030	      0.000	     -0.000
   1.400	    431.147	   2791.447	    2791.447	      0.024	      0.000	      0.000
   1.600	    431.148	   2791.448	    2791.448	      0.825	      0.000	      0.000
   1.800	    431.151	   2791.450	    2791.450	      1.740	      0.000	      0.000
   2.000	    431.155	   2791.454	    2791.454	      2.608	      0.000	      0.000
   2.200	    431.161	   2791.460	    2791.460	      2.933	      0.000	      0.000
   2.400	    431.168	   2791.467	    2791.467	      4.108	      0.000	      0.001
   2.600	    431.176	   2791.475	    2791.475	      4.192	      0.000	      0.001
   2.800	    431.185	   2791.484	    2791.484	      5.086	      0.000	      0.001
   3.000	    431.196	   2791.494	    2791.494	      6.234	      0.000	      0.002
   3.200	    431.208	   2791.506	    2791.506	      6.672	      0.000	      0.002
   3.400	    431.222	   2791.519	    2791.519	      7.559	      0.000	      0.003
   3.600	    431.239	   2791.535	    2791.535	      8.646	      0.000	      0.004
   3.800	    431.258	   2791.553	    2791.553	      9.695	      0.000	      0.005
   4.000	    431.280	   2791.573	    2791.573	     11.551	      0.000	      0.007
   4.200	    431.306	   2791.597	    2791.597	     13.227	      0.000	      0.009
   4.400	    431.335	   2791.623	    2791.623	     15.043	      0.000	      0.012
   4.600	    431.369	   2791.654	    2791.654	     16.680	      0.000	      0.015
   4.800	    431.406	   2791.688	    2791.688	     18.617	      0.000	      0.018
   5.000	    431.448	   2791.725	    2791.725	     20.620	      0.000	      0.023
   5.200	    431.494	   2791.767	    2791.767	     22.833	      0.000	      0.028
   5.400	    431.547	   2791.812	    2791.812	     25.572	      0.000	      0.035
   5.600	    431.602	   2791.862	    2791.862	     27.301	      0.000	      0.039
   5.800	    431.662	   2791.916	    2791.916	     29.400	      0.000	      0.046
   6.000	    431.726	   2791.973	    2791.973	     31.317	      0.000	      0.052
   6.200	    431.796	   2792.035	    2792.035	     33.814	      0.000	      0.061
   6.400	    431.869	   2792.101	    2792.101	     35.665	      0.000	      0.068
   6.600	    431.945	   2792.170	    2792.170	     37.553	      0.000	      0.075
   6.800	    432.027	   2792.243	    2792.243	     39.665	      0.000	      0.084
   7.000	    432.114	   2792.321	    2792.321	     41.978	      0.000	      0.094
   7.200	    432.201	   2792.401	    2792.401	     43.368	      0.000	      0.100
   7.400	    432.296	   2792.486	    2792.486	     45.482	      0.000	      0.110
   7.600	    432.400	   2792.575	    2792.575	     48.509	      0.000	      0.125
   7.800	    432.511	   2792.670	    2792.670	     51.448	      0.000	      0.141
   8.000	    432.632	   2792.771	    2792.771	     54.982	      0.000	      0.161
   8.200	    432.756	   2792.878	    2792.878	     57.866	      0.000	      0.178
   8.400	    432.890	   2792.991	    2792.991	     61.236	      0.000	      0.200
   8.600	    433.034	   2793.110	    2793.110	     64.971	      0.000	      0.225
   8.800	    433.180	   2793.235	    2793.235	     67.712	      0.000	      0.244
   9.000	    433.329	   2793.366	    2793.366	     70.314	      0.000	      0.263
   9.200	    433.483	   2793.501	    2793.501	     72.787	      0.000	      0.282
   9.400	    433.642	   2793.641	    2793.641	     75.121	      0.000	      0.301
   9.600	    433.808	   2793.786	    2793.786	     77.754	      0.000	      0.322
   9.800	    433.970	   2793.935	    2793.935	     79.334	      0.000	      0.335
  10.000	    434.144	   2794.087	    2794.087	     81.797	      0.000	      0.356
  10.200	    434.331	   2794.245	    2794.245	     85.158	      0.000	      0.386
  10.400	    434.522	   2794.409	    2794.409	     87.966	      0.000	      0.413
  10.600	    434.726	   2794.579	    2794.579	     91.637	      0.000	      0.447
  10.800	    434.937	   2794.756	    2794.756	     95.113	      0.000	      0.481
  11.000	    435.161	   2794.939	    2794.939	     98.847	      0.000	      0.522
  11.200	    435.388	   2795.130	    2795.130	    102.406	      0.000	      0.559
  11.400	    435.620	   2795.326	    2795.326	    105.525	      0.000	      0.593
  11.600	    435.851	   2795.529	    2795.529	    108.020	      0.000	      0.622
  11.800	    436.089	   2795.736	    2795.736	    110.667	      0.000	      0.653
  12.000	    436.323	   2795.948	    2795.948	    112.546	      0.000	      0.675
  12.200	    436.560	   2796.162	    2796.162	    114.387	      0.000	      0.698
  12.400	    436.784	   2796.378	    2796.378	    115.066	      0.000	      0.706
  12.600	    437.012	   2796.597	    2796.597	    115.847	      0.000	      0.715
  12.800	    437.258	   2796.818	    2796.818	    117.871	      0.000	      0.740
  13.000	    437.503	   2797.042	    2797.042	    119.496	      0.000	      0.761
  13.200	    437.759	   2797.270	    2797.270	    121.705	      0.000	      0.789
  13.400	    438.023	   2797.502	    2797.502	    124.073	      0.000	      0.820
  13.600	    438.304	   2797.740	    2797.740	    127.312	      0.000	      0.864
  13.800	    438.587	   2797.984	    2797.984	    130.131	      0.000	      0.902
  14.000	    438.889	   2798.234	    2798.234	    133.938	      0.000	      0.955
  14.200	    439.188	   2798.491	    2798.491	    136.780	      0.000	      0.997
  14.400	    439.480	   2798.751	    2798.751	    138.922	      0.000	      1.029
  14.600	    439.778	   2799.017	    2799.017	    141.078	      0.000	      1.062
  14.800	    440.063	   2799.284	    2799.284	    142.259	      0.000	      1.078
  15.000	    440.354	   2799.555	    2799.555	    143.482	      0.000	      1.098
  15.200	    440.612	   2799.827	    2799.827	    142.578	      0.000	      1.085
  15.400	    440.849	   2800.095	    2800.095	    140.497	      0.000	      1.054
  15.600	    441.071	   2800.358	    2800.358	    137.718	      0.000	      1.013
  15.800	    441.295	   2800.616	    2800.616	    135.428	      0.000	      0.979
  16.000	    441.523	   2800.871	    2800.871	    133.502	      0.000	      0.952
  16.200	    441.754	   2801.122	    2801.122	    132.103	      0.000	      0.932
  16.400	    441.981	   2801.371	    2801.371	    130.664	      0.000	      0.911
  16.600	    442.224	   2801.618	    2801.618	    130.380	      0.000	      0.907
  16.800	    442.485	   2801.865	    2801.865	    131.323	      0.000	      0.920
  17.000	    442.748	   2802.115	    2802.115	    132.246	      0.000	      0.933
  17.200	    443.014	   2802.366	    2802.366	    133.338	      0.000	      0.948
  17.400	    443.297	   2802.620	    2802.620	    135.446	      0.000	      0.977
  17.600	    443.580	   2802.878	    2802.878	    137.093	      0.000	      1.002
  17.800	    443.851	   2803.139	    2803.139	    137.787	      0.000	      1.013
  18.000	    444.093	   2803.399	    2803.399	    136.425	      0.000	      0.994
  18.200	    444.310	   2803.655	    2803.655	    133.726	      0.000	      0.955
  18.400	    444.534	   2803.907	    2803.907	    131.746	      0.000	      0.928
  18.600	    444.731	   2804.153	    2804.153	    128.203	      0.000	      0.878
  18.800	    444.930	   2804.393	    2804.393	    125.167	      0.000	      0.837
  19.000	    445.104	   2804.625	    2804.625	    120.762	      0.000	      0.779
  19.200	    445.283	   2804.850	    2804.850	    117.156	      0.000	      0.733
  19.400	    445.475	   2805.070	    2805.070	    114.876	      0.000	      0.705
  19.600	    445.647	   2805.284	    2805.284	    111.333	      0.000	      0.662
  19.800	    445.823	   2805.493	    2805.493	    108.623	      0.000	      0.630
  20.000	    445.997	   2805.696	    2805.696	    106.151	      0.000	      0.601
  20.200	    446.170	   2805.894	    2805.894	    103.786	      0.000	      0.575
  20.400	    446.340	   2806.089	    2806.089	    101.490	      0.000	      0.551
  20.600	    446.501	   2806.279	    2806.279	     98.899	      0.000	      0.522
  20.800	    446.666	   2806.464	    2806.464	     96.911	      0.000	      0.501
  21.000	    446.830	   2806.646	    2806.646	     95.208	      0.000	      0.484
  21.200	    446.990	   2806.825	    2806.825	     93.389	      0.000	      0.465
  21.400	    447.145	   2807.000	    2807.000	     91.356	      0.000	      0.446
  21.600	    447.290	   2807.170	    2807.170	     88.696	      0.000	      0.420
  21.800	    447.429	   2807.336	    2807.336	     85.841	      0.000	      0.394
  22.000	    447.568	   2807.496	    2807.496	     83.436	      0.000	      0.372
  22.200	    447.705	   2807.653	    2807.653	     81.237	      0.000	      0.353
  22.400	    447.829	   2807.803	    2807.803	     78.085	      0.000	      0.326
  22.600	    447.942	   2807.947	    2807.947	     74.301	      0.000	      0.295
  22.800	    448.055	   2808.085	    2808.085	     71.064	      0.000	      0.270
  23.000	    448.162	   2808.216	    2808.216	     67.760	      0.000	      0.245
  23.200	    448.267	   2808.342	    2808.342	     64.761	      0.000	      0.225
  23.400	    448.358	   2808.461	    2808.461	     60.741	      0.000	      0.198
  23.600	    448.442	   2808.571	    2808.571	     56.451	      0.000	      0.170
  23.800	    448.525	   2808.675	    2808.675	     52.906	      0.000	      0.150
  24.000	    448.612	   2808.773	    2808.773	     50.939	      0.000	      0.139
  24.200	    448.696	   2808.868	    2808.868	     48.880	      0.000	      0.128
  24.400	    448.779	   2808.959	    2808.959	     47.358	      0.000	      0.120
  24.600	    448.864	   2809.048	    2809.048	     46.772	      0.000	      0.117
  24.800	    448.955	   2809.137	    2809.137	     47.121	      0.000	      0.119
  25.000	    449.049	   2809.227	    2809.227	     47.783	      0.000	      0.122
  25.200	    449.138	   2809.317	    2809.317	     47.553	      0.000	      0.121
  25.400	    449.227	   2809.407	    2809.407	     47.351	      0.000	      0.120
  25.600	    449.314	   2809.497	    2809.497	     46.853	      0.000	      0.117
  25.800	    449.402	   2809.585	    2809.585	     46.661	      0.000	      0.116
  26.000	    449.483	   2809.673	    2809.673	     45.433	      0.000	      0.110
  26.200	    449.559	   2809.757	    2809.757	     43.586	      0.000	      0.102
  26.400	    449.632	   2809.838	    2809.838	     41.831	      0.000	      0.094
  26.600	    449.703	   2809.916	    2809.916	     40.492	      0.000	      0.088
  26.800	    449.771	   2809.991	    2809.991	     38.728	      0.000	      0.080
  27.000	    449.835	   2810.062	    2810.062	     36.925	      0.000	      0.073
  27.200	    449.900	   2810.131	    2810.131	     36.058	      0.000	      0.069
  27.400	    449.970	   2810.199	    2810.199	     36.288	      0.000	      0.070
  27.600	    450.043	   2810.269	    2810.269	     37.138	      0.000	      0.074
  27.800	    450.114	   2810.340	    2810.340	     37.406	      0.000	      0.075
  28.000	    450.191	   2810.412	    2810.412	     38.460	      0.000	      0.079
  28.200	    450.269	   2810.486	    2810.486	     39.516	      0.000	      0.083
  28.400	    450.348	   2810.562	    2810.562	     40.270	      0.000	      0.086
  28.600	    450.428	   2810.639	    2810.639	     41.002	      0.000	      0.090
  28.800	    450.504	   2810.716	    2810.716	     40.628	      0.000	      0.088
  29.000	    450.580	   2810.793	    2810.793	     40.479	      0.000	      0.088
  29.200	    450.655	   2810.869	    2810.869	     40.260	      0.000	      0.086
  29.400	    450.727	   2810.944	    2810.944	     39.307	      0.000	      0.083
  29.600	    450.801	   2811.019	    2811.019	     39.312	      0.000	      0.083
  29.800	    450.876	   2811.093	    2811.093	     39.336	      0.000	      0.083
  30.000	    450.951	   2811.168	    2811.168	     39.626	      0.000	      0.084
  30.200	    451.030	   2811.243	    2811.243	     40.226	      0.000	      0.086
  30.400	    451.109	   2811.320	    2811.320	     40.869	      0.000	      0.089
  30.600	    451.194	   2811.398	    2811.398	     42.346	      0.000	      0.096
  30.800	    451.280	   2811.480	    2811.480	     43.470	      0.000	      0.101
  31.000	    451.371	   2811.563	    2811.563	     44.903	      0.000	      0.107
  31.200	    451.464	   2811.650	    2811.650	     46.303	      0.000	      0.114
  31.400	    451.558	   2811.739	    2811.739	     47.351	      0.000	      0.120
  31.600	    451.652	   2811.829	    2811.829	     47.964	      0.000	      0.123
  31.800	    451.747	   2811.920	    2811.920	     48.712	      0.000	      0.126
  32.000	    451.847	   2812.014	    2812.014	     49.951	      0.000	      0.133
  32.200	    451.943	   2812.109	    2812.109	     50.186	      0.000	      0.134
  32.400	    452.041	   2812.204	    2812.204	     50.710	      0.000	      0.137
  32.600	    452.142	   2812.301	    2812.301	     51.476	      0.000	      0.141
  32.800	    452.246	   2812.399	    2812.399	     52.573	      0.000	      0.147
  33.000	    452.358	   2812.500	    2812.500	     54.379	      0.000	      0.158
  33.200	    452.470	   2812.604	    2812.604	     55.776	      0.000	      0.166
  33.400	    452.583	   2812.711	    2812.711	     56.913	      0.000	      0.173
  33.600	    452.701	   2812.820	    2812.820	     58.365	      0.000	      0.182
  33.800	    452.825	   2812.932	    2812.932	     60.142	      0.000	      0.193
  34.000	    452.953	   2813.048	    2813.048	     62.014	      0.000	      0.205
  34.200	    453.077	   2813.166	    2813.166	     62.889	      0.000	      0.211
  34.400	    453.209	   2813.287	    2813.287	     64.535	      0.000	      0.222
  34.600	    453.341	   2813.410	    2813.410	     65.785	      0.000	      0.231
  34.800	    453.466	   2813.535	    2813.535	     65.801	      0.000	      0.231
  35.000	    453.589	   2813.659	    2813.659	     65.552	      0.000	      0.229
  35.200	    453.714	   2813.784	    2813.784	     65.704	      0.000	      0.230
  35.400	    453.843	   2813.908	    2813.908	     66.212	      0.000	      0.235
  35.600	    453.970	   2814.034	    2814.034	     66.503	      0.000	      0.236
  35.800	    454.099	   2814.160	    2814.160	     66.963	      0.000	      0.239
  36.000	    454.229	   2814.287	    2814.287	     67.347	      0.000	      0.242
  36.200	    454.366	   2814.416	    2814.416	     68.478	      0.000	      0.250
  36.400	    454.508	   2814.547	    2814.547	     70.005	      0.000	      0.261
  36.600	    454.649	   2814.680	    2814.680	     70.926	      0.000	      0.268
  36.800	    454.778	   2814.813	    2814.813	     70.383	      0.000	      0.264
  37.000	    454.902	   2814.945	    2814.945	     69.345	      0.000	      0.257
  37.200	    455.023	   2815.076	    2815.076	     68.024	      0.000	      0.247
  37.400	    455.136	   2815.203	    2815.203	     66.115	      0.000	      0.234
  37.600	    455.238	   2815.325	    2815.325	     63.112	      0.000	      0.213
  37.800	    455.337	   2815.442	    2815.442	     60.368	      0.000	      0.195
  38.000	    455.436	   2815.555	    2815.555	     58.182	      0.000	      0.181
  38.200	    455.525	   2815.662	    2815.662	     55.105	      0.000	      0.163
  38.400	    455.614	   2815.764	    2815.764	     52.882	      0.000	      0.150
  38.600	    455.697	   2815.862	    2815.862	     50.328	      0.000	      0.135
  38.800	    455.782	   2815.956	    2815.956	     48.657	      0.000	      0.126
  39.000	    455.870	   2816.047	    2816.047	     48.049	      0.000	      0.123
  39.200	    455.951	   2816.136	    2816.136	     46.283	      0.000	      0.114
  39.400	    456.030	   2816.223	    2816.223	     44.888	      0.000	      0.108
  39.600	    456.105	   2816.306	    2816.306	     42.981	      0.000	      0.099
  39.800	    456.175	   2816.385	    2816.385	     40.901	      0.000	      0.090
  40.000	    456.240	   2816.460	    2816.460	     38.623	      0.000	      0.080
  40.200	    456.298	   2816.531	    2816.531	     35.408	      0.000	      0.067
  40.400	    456.352	   2816.595	    2816.595	     32.509	      0.000	      0.057
  40.600	    456.398	   2816.653	    2816.653	     28.923	      0.000	      0.045
  40.800	    456.438	   2816.704	    2816.704	     25.171	      0.000	      0.034
  41.000	    456.474	   2816.749	    2816.749	     21.736	      0.000	      0.025
  41.200	    456.505	   2816.787	    2816.787	     18.355	      0.000	      0.018
  41.400	    456.532	   2816.819	    2816.819	     15.462	      0.000	      0.013
  41.600	    456.555	   2816.846	    2816.846	     13.152	      0.000	      0.009
  41.800	    456.575	   2816.869	    2816.869	     11.183	      0.000	      0.007
  42.000	    456.593	   2816.888	    2816.888	      9.389	      0.000	      0.005
  42.200	    456.607	   2816.904	    2816.904	      7.482	      0.000	      0.003
  42.400	    456.619	   2816.917	    2816.917	      5.990	      0.000	      0.002
  42.600	    456.628	   2816.927	    2816.927	      4.347	      0.000	      0.001
  42.800	    456.634	   2816.934	    2816.934	      3.309	      0.000	      0.001
  43.000	    456.638	   2816.938	    2816.938	      1.215	      0.000	      0.000
  43.200	    456.639	   2816.939	    2816.939	     -0.440	      0.000	     -0.000
  43.400	    456.636	   2816.937	    2816.937	     -1.958	      0.000	     -0.000
  43.600	    456.631	   2816.931	    2816.931	     -3.408	      0.000	     -0.001
  43.800	    456.623	   2816.924	    2816.924	     -4.410	      0.000	     -0.001
  44.000	    456.613	   2816.915	    2816.915	     -5.941	      0.000	     -0.002
  44.200	    456.600	   2816.903	    2816.903	     -6.728	      0.000	     -0.002
  44.400	    456.586	   2816.889	    2816.889	     -7.343	      0.000	     -0.003
  44.600	    456.571	   2816.875	    2816.875	     -7.941	      0.000	     -0.003
  44.800	    456.555	   2816.859	    2816.859	     -8.584	      0.000	     -0.004
  45.000	    456.538	   2816.842	    2816.842	     -8.999	      0.000	     -0.004
  45.200	    456.520	   2816.825	    2816.825	     -9.353	      0.000	     -0.005
  45.400	    456.501	   2816.806	    2816.806	    -10.250	      0.000	     -0.006
  45.600	    456.479	   2816.786	    2816.786	    -11.443	      0.000	     -0.007
  45.800	    456.454	   2816.763	    2816.763	    -13.051	      0.000	     -0.009
  46.000	    456.425	   2816.736	    2816.736	    -14.680	      0.000	     -0.011
  46.200	    456.392	   2816.707	    2816.707	    -16.759	      0.000	     -0.015
  46.400	    456.353	   2816.673	    2816.673	    -19.347	      0.000	     -0.020
  46.600	    456.314	   2816.635	    2816.635	    -19.871	      0.000	     -0.021
  46.800	    456.274	   2816.597	    2816.597	    -20.796	      0.000	     -0.023
  47.000	    456.233	   2816.557	    2816.557	    -21.215	      0.000	     -0.024
  47.200	    456.191	   2816.516	    2816.516	    -21.907	      0.000	     -0.026
  47.400	    456.147	   2816.474	    2816.474	    -22.672	      0.000	     -0.027
  47.600	    456.105	   2816.431	    2816.431	    -22.268	      0.000	     -0.026
  47.800	    456.063	   2816.389	    2816.389	    -22.259	      0.000	     -0.026
  48.000	    456.020	   2816.347	    2816.347	    -22.256	      0.000	     -0.026
  48.200	    455.980	   2816.305	    2816.305	    -21.872	      0.000	     -0.026
  48.400	    455.940	   2816.264	    2816.264	    -21.370	      0.000	     -0.024
  48.600	    455.902	   2816.224	    2816.224	    -20.502	      0.000	     -0.023
  48.800	    455.865	   2816.186	    2816.186	    -19.805	      0.000	     -0.021
  49.000	    455.826	   2816.148	    2816.148	    -20.136	      0.000	     -0.022
  49.200	    455.789	   2816.110	    2816.110	    -19.950	      0.000	     -0.021
  49.400	    455.756	   2816.074	    2816.074	    -18.024	      0.000	     -0.017
  49.600	    455.724	   2816.040	    2816.040	    -17.181	      0.000	     -0.016
  49.800	    455.693	   2816.008	    2816.008	    -16.982	      0.000	     -0.015
  50.000	    455.656	   2815.975	    2815.975	    -18.758	      0.000	     -0.019
  50.200	    455.612	   2815.937	    2815.937	    -21.506	      0.000	     -0.025
  50.400	    455.565	   2815.894	    2815.894	    -23.487	      0.000	     -0.029
  50.600	    455.512	   2815.847	    2815.847	    -25.789	      0.000	     -0.035
  50.800	    455.451	   2815.795	    2815.795	    -28.999	      0.000	     -0.045
  51.000	    455.378	   2815.737	    2815.737	    -33.295	      0.000	     -0.059
  51.200	    455.291	   2815.669	    2815.669	    -38.384	      0.000	     -0.078
  51.400	    455.192	   2815.591	    2815.591	    -43.132	      0.000	     -0.099
  51.600	    455.090	   2815.506	    2815.506	    -46.691	      0.000	     -0.116
  51.800	    454.976	   2815.414	    2815.414	    -50.999	      0.000	     -0.138
  52.000	    454.848	   2815.313	    2815.313	    -55.686	      0.000	     -0.165
  52.200	    454.712	   2815.203	    2815.203	    -59.969	      0.000	     -0.191
  52.400	    454.576	   2815.087	    2815.087	    -62.897	      0.000	     -0.211
  52.600	    454.465	   2814.968	    2814.968	    -61.615	      0.000	     -0.203
  52.800	    454.360	   2814.853	    2814.853	    -60.213	      0.000	     -0.194
  53.000	    454.251	   2814.740	    2814.740	    -59.445	      0.000	     -0.189
  53.200	    454.144	   2814.628	    2814.628	    -58.612	      0.000	     -0.183
  53.400	    454.043	   2814.518	    2814.518	    -57.249	      0.000	     -0.175
  53.600	    453.952	   2814.412	    2814.412	    -54.699	      0.000	     -0.160
  53.800	    453.863	   2814.311	    2814.311	    -52.484	      0.000	     -0.147
  54.000	    453.774	   2814.213	    2814.213	    -50.903	      0.000	     -0.138
  54.200	    453.684	   2814.117	    2814.117	    -50.019	      0.000	     -0.133
  54.400	    453.598	   2814.024	    2814.024	    -48.539	      0.000	     -0.126
  54.600	    453.513	   2813.933	    2813.933	    -47.433	      0.000	     -0.120
  54.800	    453.429	   2813.844	    2813.844	    -46.472	      0.000	     -0.115
  55.000	    453.332	   2813.755	    2813.755	    -48.233	      0.000	     -0.124
  55.200	    453.209	   2813.660	    2813.660	    -53.342	      0.000	     -0.151
  55.400	    453.080	   2813.555	    2813.555	    -57.279	      0.000	     -0.175
  55.600	    452.941	   2813.442	    2813.442	    -61.497	      0.000	     -0.201
  55.800	    452.798	   2813.322	    2813.322	    -64.932	      0.000	     -0.224
  56.000	    452.645	   2813.196	    2813.196	    -68.687	      0.000	     -0.251
  56.200	    452.467	   2813.061	    2813.061	    -74.332	      0.000	     -0.294
  56.400	    452.289	   2812.916	    2812.916	    -78.301	      0.000	     -0.326
  56.600	    452.111	   2812.765	    2812.765	    -81.475	      0.000	     -0.353
  56.800	    451.936	   2812.608	    2812.608	    -83.580	      0.000	     -0.372
  57.000	    451.757	   2812.448	    2812.448	    -85.592	      0.000	     -0.391
  57.200	    451.574	   2812.284	    2812.284	    -87.687	      0.000	     -0.410
  57.400	    451.404	   2812.117	    2812.117	    -87.983	      0.000	     -0.413
  57.600	    451.264	   2811.952	    2811.952	    -85.287	      0.000	     -0.389
  57.800	    451.140	   2811.795	    2811.795	    -81.509	      0.000	     -0.355
  58.000	    451.008	   2811.643	    2811.643	    -79.189	      0.000	     -0.335
  58.200	    450.879	   2811.495	    2811.495	    -76.950	      0.000	     -0.316
  58.400	    450.742	   2811.350	    2811.350	    -76.032	      0.000	     -0.309
  58.600	    450.610	   2811.208	    2811.208	    -74.621	      0.000	     -0.298
  58.800	    450.490	   2811.069	    2811.069	    -72.223	      0.000	     -0.279
  59.000	    450.363	   2810.933	    2810.933	    -71.194	      0.000	     -0.271
  59.200	    450.230	   2810.799	    2810.799	    -70.976	      0.000	     -0.269
  59.400	    450.086	   2810.664	    2810.664	    -72.155	      0.000	     -0.277
  59.600	    449.940	   2810.526	    2810.526	    -73.196	      0.000	     -0.286
  59.800	    449.797	   2810.387	    2810.387	    -73.742	      0.000	     -0.289
  60.000	    449.625	   2810.244	    2810.244	    -77.419	      0.000	     -0.319
  60.200	    449.422	   2810.092	    2810.092	    -83.376	      0.000	     -0.370
  60.400	    449.210	   2809.929	    2809.929	    -88.701	      0.000	     -0.419
  60.600	    448.993	   2809.756	    2809.756	    -93.271	      0.000	     -0.463
  60.800	    448.785	   2809.577	    2809.577	    -96.037	      0.000	     -0.491
  61.000	    448.576	   2809.393	    2809.393	    -98.486	      0.000	     -0.516
  61.200	    448.346	   2809.203	    2809.203	   -102.170	      0.000	     -0.556
  61.400	    448.121	   2809.006	    2809.006	   -104.793	      0.000	     -0.585
  61.600	    447.898	   2808.806	    2808.806	   -106.770	      0.000	     -0.608
  61.800	    447.696	   2808.603	    2808.603	   -106.659	      0.000	     -0.607
  62.000	    447.508	   2808.402	    2808.402	   -105.503	      0.000	     -0.594
  62.200	    447.313	   2808.203	    2808.203	   -105.125	      0.000	     -0.590
  62.400	    447.135	   2808.006	    2808.006	   -103.323	      0.000	     -0.570
  62.600	    446.982	   2807.813	    2807.813	    -99.715	      0.000	     -0.532
  62.800	    446.842	   2807.628	    2807.628	    -95.371	      0.000	     -0.486
  63.000	    446.697	   2807.451	    2807.451	    -92.168	      0.000	     -0.454
  63.200	    446.546	   2807.279	    2807.279	    -90.044	      0.000	     -0.433
  63.400	    446.371	   2807.108	    2807.108	    -90.485	      0.000	     -0.437
  63.600	    446.200	   2806.936	    2806.936	    -90.419	      0.000	     -0.437
  63.800	    446.037	   2806.766	    2806.766	    -89.616	      0.000	     -0.429
  64.000	    445.866	   2806.596	    2806.596	    -89.781	      0.000	     -0.430
  64.200	    445.690	   2806.426	    2806.426	    -90.507	      0.000	     -0.436
  64.400	    445.481	   2806.252	    2806.252	    -94.017	      0.000	     -0.471
  64.600	    445.269	   2806.071	    2806.071	    -97.049	      0.000	     -0.502
  64.800	    445.061	   2805.885	    2805.885	    -99.183	      0.000	     -0.524
  65.000	    444.822	   2805.693	    2805.693	   -103.648	      0.000	     -0.572
  65.200	    444.564	   2805.493	    2805.493	   -108.730	      0.000	     -0.629
  65.400	    444.293	   2805.282	    2805.282	   -113.746	      0.000	     -0.689
  65.600	    444.030	   2805.063	    2805.063	   -117.323	      0.000	     -0.733
  65.800	    443.787	   2804.839	    2804.839	   -118.770	      0.000	     -0.752
  66.000	    443.557	   2804.614	    2804.614	   -119.109	      0.000	     -0.757
  66.200	    443.320	   2804.388	    2804.388	   -119.953	      0.000	     -0.767
  66.400	    443.083	   2804.160	    2804.160	   -120.709	      0.000	     -0.777
  66.600	    442.853	   2803.931	    2803.931	   -120.721	      0.000	     -0.778
  66.800	    442.647	   2803.703	    2803.703	   -118.954	      0.000	     -0.756
  67.000	    442.470	   2803.482	    2803.482	   -115.426	      0.000	     -0.712
  67.200	    442.290	   2803.266	    2803.266	   -112.568	      0.000	     -0.676
  67.400	    442.109	   2803.055	    2803.055	   -109.966	      0.000	     -0.646
  67.600	    441.943	   2802.850	    2802.850	   -106.592	      0.000	     -0.607
  67.800	    441.781	   2802.651	    2802.651	   -103.280	      0.000	     -0.570
  68.000	    441.620	   2802.459	    2802.459	   -100.372	      0.000	     -0.538
  68.200	    441.439	   2802.270	    2802.270	    -99.691	      0.000	     -0.530
  68.400	    441.227	   2802.079	    2802.079	   -101.788	      0.000	     -0.552
  68.600	    441.015	   2801.885	    2801.885	   -103.448	      0.000	     -0.570
  68.800	    440.806	   2801.688	    2801.688	   -104.493	      0.000	     -0.582
  69.000	    440.597	   2801.489	    2801.489	   -105.419	      0.000	     -0.593
  69.200	    440.376	   2801.288	    2801.288	   -107.171	      0.000	     -0.612
  69.400	    440.117	   2801.082	    2801.082	   -111.751	      0.000	     -0.665
  69.600	    439.858	   2800.866	    2800.866	   -115.273	      0.000	     -0.708
  69.800	    439.593	   2800.644	    2800.644	   -118.697	      0.000	     -0.751
  70.000	    439.317	   2800.416	    2800.416	   -122.475	      0.000	     -0.799
  70.200	    439.044	   2800.181	    2800.181	   -125.326	      0.000	     -0.837
  70.400	    438.759	   2799.941	    2799.941	   -128.658	      0.000	     -0.882
  70.600	    438.488	   2799.696	    2799.696	   -130.417	      0.000	     -0.907
  70.800	    438.245	   2799.449	    2799.449	   -130.095	      0.000	     -0.904
  71.000	    438.033	   2799.205	    2799.205	   -127.754	      0.000	     -0.871
  71.200	    437.819	   2798.965	    2798.965	   -125.856	      0.000	     -0.846
  71.400	    437.599	   2798.728	    2798.728	   -124.560	      0.000	     -0.828
  71.600	    437.379	   2798.493	    2798.493	   -123.480	      0.000	     -0.814
  71.800	    437.185	   2798.261	    2798.261	   -120.532	      0.000	     -0.777
  72.000	    437.028	   2798.038	    2798.038	   -115.314	      0.000	     -0.710
  72.200	    436.848	   2797.822	    2797.822	   -112.346	      0.000	     -0.674
  72.400	    436.672	   2797.612	    2797.612	   -109.562	      0.000	     -0.641
  72.600	    436.493	   2797.407	    2797.407	   -107.293	      0.000	     -0.615
  72.800	    436.302	   2797.205	    2797.205	   -106.277	      0.000	     -0.603
  73.000	    436.121	   2797.006	    2797.006	   -104.673	      0.000	     -0.584
  73.200	    435.914	   2796.807	    2796.807	   -105.535	      0.000	     -0.594
  73.400	    435.675	   2796.604	    2796.604	   -108.632	      0.000	     -0.629
  73.600	    435.426	   2796.395	    2796.395	   -112.084	      0.000	     -0.669
  73.800	    435.178	   2796.180	    2796.180	   -114.807	      0.000	     -0.702
  74.000	    434.941	   2795.961	    2795.961	   -116.187	      0.000	     -0.720
  74.200	    434.695	   2795.739	    2795.739	   -118.204	      0.000	     -0.745
  74.400	    434.418	   2795.512	    2795.512	   -122.115	      0.000	     -0.794
  74.600	    434.134	   2795.278	    2795.278	   -125.777	      0.000	     -0.843
  74.800	    433.857	   2795.037	    2795.037	   -128.505	      0.000	     -0.880
  75.000	    433.585	   2794.792	    2794.792	   -130.381	      0.000	     -0.906
  75.200	    433.333	   2794.544	    2794.544	   -130.680	      0.000	     -0.911
  75.400	    433.082	   2794.297	    2794.297	   -130.974	      0.000	     -0.914
  75.600	    432.839	   2794.049	    2794.049	   -130.521	      0.000	     -0.909
  75.800	    432.623	   2793.803	    2793.803	   -128.346	      0.000	     -0.880
  76.000	    432.435	   2793.564	    2793.564	   -124.559	      0.000	     -0.829
  76.200	    432.258	   2793.332	    2793.332	   -120.405	      0.000	     -0.774
  76.400	    432.066	   2793.107	    2793.107	   -117.866	      0.000	     -0.741
  76.600	    431.864	   2792.885	    2792.885	   -116.243	      0.000	     -0.722
  76.800	    431.681	   2792.668	    2792.668	   -113.341	      0.000	     -0.687
  77.000	    431.523	   2792.458	    2792.458	   -108.977	      0.000	     -0.635
  77.200	    431.353	   2792.254	    2792.254	   -106.069	      0.000	     -0.601
  77.400	    431.180	   2792.056	    2792.056	   -103.800	      0.000	     -0.575
  77.600	    430.983	   2791.859	    2791.859	   -103.937	      0.000	     -0.576
  77.800	    430.771	   2791.661	    2791.661	   -105.207	      0.000	     -0.590
  78.000	    430.567	   2791.462	    2791.462	   -105.584	      0.000	     -0.595
  78.200	    430.335	   2791.260	    2791.260	   -108.269	      0.000	     -0.624
  78.400	    430.091	   2791.052	    2791.052	   -111.381	      0.000	     -0.661
  78.600	    429.829	   2790.837	    2790.837	   -115.326	      0.000	     -0.708
  78.800	    429.563	   2790.615	    2790.615	   -118.865	      0.000	     -0.753
  79.000	    429.322	   2790.389	    2790.389	   -119.881	      0.000	     -0.767
  79.200	    429.078	   2790.161	    2790.161	   -121.164	      0.000	     -0.783
  79.400	    428.824	   2789.930	    2789.930	   -122.963	      0.000	     -0.806
  79.600	    428.558	   2789.695	    2789.695	   -125.341	      0.000	     -0.837
  79.800	    428.299	   2789.456	    2789.456	   -126.781	      0.000	     -0.857
  80.000	    428.060	   2789.216	    2789.216	   -126.552	      0.000	     -0.855
  80.200	    427.856	   2788.978	    2788.978	   -124.077	      0.000	     -0.822
  80.400	    427.659	   2788.746	    2788.746	   -121.430	      0.000	     -0.787
  80.600	    427.453	   2788.517	    2788.517	   -119.606	      0.000	     -0.764
  80.800	    427.280	   2788.295	    2788.295	   -115.608	      0.000	     -0.714
  81.000	    427.115	   2788.079	    2788.079	   -111.492	      0.000	     -0.665
  81.200	    426.963	   2787.873	    2787.873	   -106.831	      0.000	     -0.610
  81.400	    426.798	   2787.674	    2787.674	   -103.891	      0.000	     -0.576
  81.600	    426.615	   2787.478	    2787.478	   -102.705	      0.000	     -0.563
  81.800	    426.447	   2787.286	    2787.286	   -100.376	      0.000	     -0.538
  82.000	    426.279	   2787.097	    2787.097	    -98.512	      0.000	     -0.518
  82.200	    426.115	   2786.913	    2786.913	    -96.594	      0.000	     -0.498
  82.400	    425.941	   2786.731	    2786.731	    -95.821	      0.000	     -0.490
  82.600	    425.741	   2786.549	    2786.549	    -97.607	      0.000	     -0.507
  82.800	    425.521	   2786.361	    2786.361	   -100.682	      0.000	     -0.540
  83.000	    425.297	   2786.168	    2786.168	   -103.468	      0.000	     -0.570
  83.200	    425.071	   2785.970	    2785.970	   -106.023	      0.000	     -0.599
  83.400	    424.834	   2785.766	    2785.766	   -108.845	      0.000	     -0.632
  83.600	    424.587	   2785.557	    2785.557	   -112.159	      0.000	     -0.670
  83.800	    424.340	   2785.342	    2785.342	   -114.741	      0.000	     -0.702
  84.000	    424.121	   2785.124	    2785.124	   -114.831	      0.000	     -0.704
  84.200	    423.911	   2784.907	    2784.907	   -114.249	      0.000	     -0.696
  84.400	    423.697	   2784.691	    2784.691	   -114.039	      0.000	     -0.694
  84.600	    423.482	   2784.475	    2784.475	   -113.980	      0.000	     -0.693
  84.800	    423.266	   2784.259	    2784.259	   -113.961	      0.000	     -0.693
  85.000	    423.078	   2784.045	    2784.045	   -111.690	      0.000	     -0.667
  85.200	    422.925	   2783.838	    2783.838	   -107.077	      0.000	     -0.613
  85.400	    422.777	   2783.639	    2783.639	   -102.543	      0.000	     -0.562
  85.600	    422.622	   2783.448	    2783.448	    -99.249	      0.000	     -0.526
  85.800	    422.477	   2783.264	    2783.264	    -95.444	      0.000	     -0.487
  86.000	    422.334	   2783.087	    2783.087	    -92.076	      0.000	     -0.453
  86.200	    422.202	   2782.916	    2782.916	    -87.961	      0.000	     -0.414
  86.400	    422.057	   2782.752	    2782.752	    -85.959	      0.000	     -0.395
  86.600	    421.897	   2782.589	    2782.589	    -85.821	      0.000	     -0.393
  86.800	    421.743	   2782.428	    2782.428	    -84.934	      0.000	     -0.385
  87.000	    421.578	   2782.267	    2782.267	    -85.428	      0.000	     -0.389
  87.200	    421.421	   2782.106	    2782.106	    -84.846	      0.000	     -0.384
  87.400	    421.259	   2781.945	    2781.945	    -85.103	      0.000	     -0.386
  87.600	    421.067	   2781.781	    2781.781	    -88.216	      0.000	     -0.414
  87.800	    420.859	   2781.611	    2781.611	    -92.113	      0.000	     -0.452
  88.000	    420.644	   2781.432	    2781.432	    -95.769	      0.000	     -0.489
  88.200	    420.441	   2781.249	    2781.249	    -97.637	      0.000	     -0.508
  88.400	    420.241	   2781.063	    2781.063	    -98.975	      0.000	     -0.522
  88.600	    420.040	   2780.874	    2780.874	   -100.129	      0.000	     -0.534
  88.800	    419.838	   2780.684	    2780.684	   -101.085	      0.000	     -0.545
  89.000	    419.660	   2780.493	    2780.493	    -99.915	      0.000	     -0.533
  89.200	    419.501	   2780.307	    2780.307	    -97.342	      0.000	     -0.506
  89.400	    419.343	   2780.124	    2780.124	    -94.917	      0.000	     -0.481
  89.600	    419.191	   2779.947	    2779.947	    -92.421	      0.000	     -0.456
  89.800	    419.032	   2779.774	    2779.774	    -90.914	      0.000	     -0.441
  90.000	    418.896	   2779.605	    2779.605	    -87.400	      0.000	     -0.409
  90.200	    418.784	   2779.444	    2779.444	    -82.003	      0.000	     -0.360
  90.400	    418.675	   2779.293	    2779.293	    -77.169	      0.000	     -0.318
  90.600	    418.567	   2779.152	    2779.152	    -72.899	      0.000	     -0.284
  90.800	    418.450	   2779.016	    2779.016	    -70.550	      0.000	     -0.266
  91.000	    418.331	   2778.884	    2778.884	    -68.793	      0.000	     -0.253
  91.200	    418.216	   2778.755	    2778.755	    -66.914	      0.000	     -0.240
  91.400	    418.096	   2778.630	    2778.630	    -66.129	      0.000	     -0.233
  91.600	    417.969	   2778.504	    2778.504	    -66.379	      0.000	     -0.235
  91.800	    417.833	   2778.377	    2778.377	    -67.695	      0.000	     -0.244
  92.000	    417.687	   2778.247	    2778.247	    -69.916	      0.000	     -0.260
  92.200	    417.549	   2778.114	    2778.114	    -70.454	      0.000	     -0.265
  92.400	    417.408	   2777.980	    2777.980	    -71.395	      0.000	     -0.272
  92.600	    417.247	   2777.842	    2777.842	    -74.427	      0.000	     -0.295
  92.800	    417.073	   2777.698	    2777.698	    -78.023	      0.000	     -0.324
  93.000	    416.897	   2777.547	    2777.547	    -81.004	      0.000	     -0.350
  93.200	    416.737	   2777.393	    2777.393	    -81.657	      0.000	     -0.356
  93.400	    416.592	   2777.239	    2777.239	    -80.684	      0.000	     -0.347
  93.600	    416.453	   2777.088	    2777.088	    -79.235	      0.000	     -0.335
  93.800	    416.316	   2776.939	    2776.939	    -77.723	      0.000	     -0.323
  94.000	    416.195	   2776.794	    2776.794	    -74.762	      0.000	     -0.299
  94.200	    416.081	   2776.655	    2776.655	    -71.615	      0.000	     -0.274
  94.400	    415.981	   2776.524	    2776.524	    -67.406	      0.000	     -0.243
  94.600	    415.887	   2776.400	    2776.400	    -63.207	      0.000	     -0.214
  94.800	    415.784	   2776.283	    2776.283	    -60.983	      0.000	     -0.199
  95.000	    415.695	   2776.171	    2776.171	    -57.303	      0.000	     -0.176
  95.200	    415.616	   2776.067	    2776.067	    -52.964	      0.000	     -0.150
  95.400	    415.544	   2775.970	    2775.970	    -48.610	      0.000	     -0.127
  95.600	    415.473	   2775.882	    2775.882	    -45.115	      0.000	     -0.109
  95.800	    415.391	   2775.798	    2775.798	    -44.656	      0.000	     -0.106
  96.000	    415.306	   2775.713	    2775.713	    -44.842	      0.000	     -0.107
  96.200	    415.218	   2775.627	    2775.627	    -45.342	      0.000	     -0.110
  96.400	    415.130	   2775.541	    2775.541	    -45.791	      0.000	     -0.111
  96.600	    415.037	   2775.453	    2775.453	    -46.818	      0.000	     -0.117
  96.800	    414.935	   2775.363	    2775.363	    -49.097	      0.000	     -0.128
  97.000	    414.824	   2775.267	    2775.267	    -51.817	      0.000	     -0.143
  97.200	    414.716	   2775.167	    2775.167	    -53.250	      0.000	     -0.151
  97.400	    414.611	   2775.066	    2775.066	    -53.844	      0.000	     -0.155
  97.600	    414.498	   2774.962	    2774.962	    -55.629	      0.000	     -0.165
  97.800	    414.378	   2774.855	    2774.855	    -57.677	      0.000	     -0.177
  98.000	    414.260	   2774.745	    2774.745	    -58.814	      0.000	     -0.184
  98.200	    414.154	   2774.633	    2774.633	    -57.861	      0.000	     -0.179
  98.400	    414.068	   2774.527	    2774.527	    -54.476	      0.000	     -0.159
  98.600	    413.988	   2774.427	    2774.427	    -50.889	      0.000	     -0.139
  98.800	    413.916	   2774.334	    2774.334	    -47.028	      0.000	     -0.118
  99.000	    413.848	   2774.249	    2774.249	    -43.509	      0.000	     -0.101
  99.200	    413.784	   2774.170	    2774.170	    -39.918	      0.000	     -0.085
  99.400	    413.733	   2774.099	    2774.099	    -35.117	      0.000	     -0.066
  99.600	    413.686	   2774.037	    2774.037	    -30.766	      0.000	     -0.051
  99.800	    413.638	   2773.981	    2773.981	    -28.402	      0.000	     -0.043
 100.000	    413.594	   2773.930	    2773.930	    -25.720	      0.000	     -0.035
