    时间	    汇点水头	    大井水位	    升管水位	    大井流量	    升管流量	    底板压差
   0.000	    433.106	   2793.406	    2793.406	      0.000	      0.000	      0.000
   0.200	    433.104	   2793.404	    2793.404	     -0.104	      0.000	     -0.000
   0.400	    433.102	   2793.402	    2793.402	     -0.094	      0.000	     -0.000
   0.600	    433.101	   2793.401	    2793.401	     -0.470	      0.000	     -0.000
   0.800	    433.099	   2793.399	    2793.399	     -0.465	      0.000	     -0.000
   1.000	    433.098	   2793.398	    2793.398	     -0.081	      0.000	     -0.000
   1.200	    433.096	   2793.396	    2793.396	     -0.070	      0.000	     -0.000
   1.400	    433.097	   2793.397	    2793.397	      0.148	      0.000	      0.000
   1.600	    433.100	   2793.400	    2793.400	      0.150	      0.000	      0.000
   1.800	    433.102	   2793.402	    2793.402	      0.526	      0.000	      0.000
   2.000	    433.103	   2793.403	    2793.403	      0.530	      0.000	      0.000
   2.200	    433.105	   2793.405	    2793.405	      0.156	      0.000	      0.000
   2.400	    433.108	   2793.408	    2793.408	      0.150	      0.000	      0.000
   2.600	    433.107	   2793.407	    2793.407	     -0.065	      0.000	     -0.000
   2.800	    433.106	   2793.406	    2793.406	     -0.058	      0.000	     -0.000
   3.000	    433.104	   2793.404	    2793.404	     -0.045	      0.000	     -0.000
   3.200	    433.103	   2793.403	    2793.403	     -0.419	      0.000	     -0.000
   3.400	    433.102	   2793.402	    2793.402	     -0.414	      0.000	     -0.000
   3.600	    433.100	   2793.400	    2793.400	     -0.027	      0.000	     -0.000
   3.800	    433.101	   2793.401	    2793.401	      0.568	      0.000	      0.000
   4.000	    433.103	   2793.403	    2793.403	      0.201	      0.000	      0.000
   4.200	    433.106	   2793.406	    2793.406	      0.200	      0.000	      0.000
   4.400	    433.109	   2793.409	    2793.409	      0.573	      0.000	      0.000
   4.600	    433.111	   2793.411	    2793.411	      0.582	      0.000	      0.000
   4.800	    433.113	   2793.413	    2793.413	      0.217	      0.000	      0.000
   5.000	    433.113	   2793.413	    2793.413	     -0.362	      0.000	     -0.000
   5.200	    433.113	   2793.413	    2793.413	      0.014	      0.000	      0.000
   5.400	    433.112	   2793.412	    2793.412	      0.038	      0.000	      0.000
   5.600	    433.111	   2793.411	    2793.411	      0.073	      0.000	      0.000
   5.800	    433.110	   2793.410	    2793.410	     -0.281	      0.000	     -0.000
   6.000	    433.110	   2793.410	    2793.410	     -0.259	      0.000	     -0.000
   6.200	    433.111	   2793.411	    2793.411	      0.719	      0.000	      0.000
   6.400	    433.114	   2793.414	    2793.414	      0.756	      0.000	      0.000
   6.600	    433.118	   2793.418	    2793.418	      0.415	      0.000	      0.000
   6.800	    433.122	   2793.422	    2793.422	      0.434	      0.000	      0.000
   7.000	    433.125	   2793.425	    2793.425	      0.831	      0.000	      0.000
   7.200	    433.129	   2793.429	    2793.429	      0.872	      0.000	      0.000
   7.400	    433.132	   2793.432	    2793.432	     -0.025	      0.000	     -0.000
   7.600	    433.133	   2793.433	    2793.433	      0.009	      0.000	      0.000
   7.800	    433.135	   2793.435	    2793.435	      0.418	      0.000	      0.000
   8.000	    433.136	   2793.436	    2793.436	      0.486	      0.000	      0.000
   8.200	    433.138	   2793.438	    2793.438	      0.565	      0.000	      0.000
   8.400	    433.140	   2793.440	    2793.440	      0.250	      0.000	      0.000
   8.600	    433.144	   2793.444	    2793.444	      0.876	      0.000	      0.000
   8.800	    433.151	   2793.451	    2793.451	      1.313	      0.000	      0.000
   9.000	    433.157	   2793.457	    2793.457	      1.394	      0.000	      0.000
   9.200	    433.165	   2793.464	    2793.464	      1.100	      0.000	      0.000
   9.400	    433.173	   2793.472	    2793.472	      1.158	      0.000	      0.000
   9.600	    433.181	   2793.481	    2793.481	      1.597	      0.000	      0.000
   9.800	    433.188	   2793.488	    2793.488	      1.125	      0.000	      0.000
  10.000	    433.194	   2793.494	    2793.494	      0.862	      0.000	      0.000
  10.200	    433.201	   2793.501	    2793.501	      0.943	      0.000	      0.000
  10.400	    433.208	   2793.508	    2793.508	      1.393	      0.000	      0.000
  10.600	    433.215	   2793.515	    2793.515	      1.509	      0.000	      0.000
  10.800	    433.223	   2793.523	    2793.523	      1.636	      0.000	      0.000
  11.000	    433.232	   2793.532	    2793.532	      1.880	      0.000	      0.000
  11.200	    433.245	   2793.545	    2793.545	      2.005	      0.000	      0.000
  11.400	    433.258	   2793.558	    2793.558	      2.477	      0.000	      0.001
  11.600	    433.272	   2793.571	    2793.571	      2.598	      0.000	      0.001
  11.800	    433.286	   2793.586	    2793.586	      2.341	      0.000	      0.000
  12.000	    433.302	   2793.601	    2793.601	      2.433	      0.000	      0.001
  12.200	    433.318	   2793.617	    2793.617	      2.898	      0.000	      0.001
  12.400	    433.330	   2793.630	    2793.630	      2.482	      0.000	      0.001
  12.600	    433.344	   2793.643	    2793.643	      2.259	      0.000	      0.000
  12.800	    433.359	   2793.658	    2793.658	      2.364	      0.000	      0.000
  13.000	    433.375	   2793.674	    2793.674	      2.826	      0.000	      0.001
  13.200	    433.390	   2793.690	    2793.690	      2.956	      0.000	      0.001
  13.400	    433.407	   2793.706	    2793.706	      3.089	      0.000	      0.001
  13.600	    433.427	   2793.726	    2793.726	      3.350	      0.000	      0.001
  13.800	    433.448	   2793.747	    2793.747	      3.412	      0.000	      0.001
  14.000	    433.470	   2793.768	    2793.768	      3.860	      0.000	      0.001
  14.200	    433.491	   2793.790	    2793.790	      3.966	      0.000	      0.001
  14.400	    433.513	   2793.812	    2793.812	      3.690	      0.000	      0.001
  14.600	    433.537	   2793.835	    2793.835	      3.751	      0.000	      0.001
  14.800	    433.557	   2793.856	    2793.856	      3.656	      0.000	      0.001
  15.000	    433.578	   2793.877	    2793.877	      3.782	      0.000	      0.001
  15.200	    433.599	   2793.898	    2793.898	      3.541	      0.000	      0.001
  15.400	    433.621	   2793.920	    2793.920	      3.617	      0.000	      0.001
  15.600	    433.644	   2793.943	    2793.943	      4.029	      0.000	      0.001
  15.800	    433.667	   2793.965	    2793.965	      4.123	      0.000	      0.002
  16.000	    433.692	   2793.990	    2793.990	      4.732	      0.000	      0.002
  16.200	    433.719	   2794.017	    2794.017	      4.382	      0.000	      0.002
  16.400	    433.746	   2794.044	    2794.044	      4.362	      0.000	      0.002
  16.600	    433.773	   2794.071	    2794.071	      4.698	      0.000	      0.002
  16.800	    433.799	   2794.097	    2794.097	      4.684	      0.000	      0.002
  17.000	    433.825	   2794.123	    2794.123	      4.291	      0.000	      0.002
  17.200	    433.849	   2794.147	    2794.147	      3.698	      0.000	      0.001
  17.400	    433.872	   2794.170	    2794.170	      4.024	      0.000	      0.001
  17.600	    433.894	   2794.192	    2794.192	      4.024	      0.000	      0.001
  17.800	    433.916	   2794.215	    2794.215	      3.672	      0.000	      0.001
  18.000	    433.938	   2794.237	    2794.237	      3.629	      0.000	      0.001
  18.200	    433.961	   2794.260	    2794.260	      3.923	      0.000	      0.001
  18.400	    433.985	   2794.283	    2794.283	      4.436	      0.000	      0.002
  18.600	    434.009	   2794.307	    2794.307	      4.410	      0.000	      0.002
  18.800	    434.033	   2794.332	    2794.332	      3.962	      0.000	      0.001
  19.000	    434.057	   2794.356	    2794.356	      3.831	      0.000	      0.001
  19.200	    434.081	   2794.379	    2794.379	      4.050	      0.000	      0.001
  19.400	    434.102	   2794.401	    2794.401	      3.907	      0.000	      0.001
  19.600	    434.122	   2794.421	    2794.421	      2.884	      0.000	      0.001
  19.800	    434.140	   2794.439	    2794.439	      2.712	      0.000	      0.001
  20.000	    434.156	   2794.456	    2794.456	      2.912	      0.000	      0.001
  20.200	    434.172	   2794.471	    2794.471	      2.790	      0.000	      0.001
  20.400	    434.186	   2794.486	    2794.486	      2.326	      0.000	      0.000
  20.600	    434.200	   2794.500	    2794.500	      2.168	      0.000	      0.000
  20.800	    434.215	   2794.514	    2794.514	      2.869	      0.000	      0.001
  21.000	    434.230	   2794.530	    2794.530	      2.733	      0.000	      0.001
  21.200	    434.244	   2794.544	    2794.544	      2.612	      0.000	      0.001
  21.400	    434.258	   2794.558	    2794.558	      2.059	      0.000	      0.000
  21.600	    434.271	   2794.570	    2794.570	      1.824	      0.000	      0.000
  21.800	    434.282	   2794.582	    2794.582	      1.954	      0.000	      0.000
  22.000	    434.291	   2794.591	    2794.591	      1.245	      0.000	      0.000
  22.200	    434.296	   2794.596	    2794.596	      0.719	      0.000	      0.000
  22.400	    434.301	   2794.601	    2794.601	      0.510	      0.000	      0.000
  22.600	    434.305	   2794.605	    2794.605	      0.676	      0.000	      0.000
  22.800	    434.307	   2794.607	    2794.607	      0.542	      0.000	      0.000
  23.000	    434.309	   2794.609	    2794.609	      0.082	      0.000	      0.000
  23.200	    434.310	   2794.610	    2794.610	      0.396	      0.000	      0.000
  23.400	    434.314	   2794.614	    2794.614	      0.596	      0.000	      0.000
  23.600	    434.316	   2794.616	    2794.616	      0.471	      0.000	      0.000
  23.800	    434.317	   2794.617	    2794.617	      0.354	      0.000	      0.000
  24.000	    434.317	   2794.617	    2794.617	     -0.197	      0.000	     -0.000
  24.200	    434.317	   2794.617	    2794.617	     -0.412	      0.000	     -0.000
  24.400	    434.315	   2794.615	    2794.615	     -0.246	      0.000	     -0.000
  24.600	    434.309	   2794.609	    2794.609	     -0.867	      0.000	     -0.000
  24.800	    434.302	   2794.602	    2794.602	     -1.330	      0.000	     -0.000
  25.000	    434.295	   2794.596	    2794.596	     -1.466	      0.000	     -0.000
  25.200	    434.288	   2794.588	    2794.588	     -1.228	      0.000	     -0.000
  25.400	    434.279	   2794.580	    2794.580	     -1.260	      0.000	     -0.000
  25.600	    434.271	   2794.571	    2794.571	     -1.615	      0.000	     -0.000
  25.800	    434.265	   2794.565	    2794.565	     -1.189	      0.000	     -0.000
  26.000	    434.259	   2794.559	    2794.559	     -0.914	      0.000	     -0.000
  26.200	    434.253	   2794.553	    2794.553	     -0.918	      0.000	     -0.000
  26.400	    434.246	   2794.546	    2794.546	     -0.920	      0.000	     -0.000
  26.600	    434.239	   2794.540	    2794.540	     -1.346	      0.000	     -0.000
  26.800	    434.233	   2794.533	    2794.533	     -1.432	      0.000	     -0.000
  27.000	    434.223	   2794.523	    2794.523	     -1.591	      0.000	     -0.000
  27.200	    434.213	   2794.513	    2794.513	     -1.536	      0.000	     -0.000
  27.400	    434.203	   2794.503	    2794.503	     -1.844	      0.000	     -0.000
  27.600	    434.193	   2794.493	    2794.493	     -1.827	      0.000	     -0.000
  27.800	    434.184	   2794.484	    2794.484	     -1.430	      0.000	     -0.000
  28.000	    434.175	   2794.475	    2794.475	     -1.291	      0.000	     -0.000
  28.200	    434.168	   2794.469	    2794.469	     -1.006	      0.000	     -0.000
  28.400	    434.164	   2794.464	    2794.464	     -0.945	      0.000	     -0.000
  28.600	    434.160	   2794.460	    2794.460	     -0.538	      0.000	     -0.000
  28.800	    434.156	   2794.456	    2794.456	     -0.407	      0.000	     -0.000
  29.000	    434.153	   2794.453	    2794.453	     -0.286	      0.000	     -0.000
  29.200	    434.150	   2794.451	    2794.451	     -0.568	      0.000	     -0.000
  29.400	    434.147	   2794.447	    2794.447	     -0.998	      0.000	     -0.000
  29.600	    434.143	   2794.443	    2794.443	     -0.504	      0.000	     -0.000
  29.800	    434.139	   2794.439	    2794.439	     -0.314	      0.000	     -0.000
  30.000	    434.137	   2794.437	    2794.437	     -0.487	      0.000	     -0.000
  30.200	    434.135	   2794.436	    2794.436	     -0.353	      0.000	     -0.000
  30.400	    434.135	   2794.435	    2794.435	      0.158	      0.000	      0.000
  30.600	    434.137	   2794.437	    2794.437	      0.881	      0.000	      0.000
  30.800	    434.141	   2794.441	    2794.441	      0.748	      0.000	      0.000
  31.000	    434.147	   2794.447	    2794.447	      0.877	      0.000	      0.000
  31.200	    434.154	   2794.454	    2794.454	      1.329	      0.000	      0.000
  31.400	    434.162	   2794.462	    2794.462	      1.502	      0.000	      0.000
  31.600	    434.170	   2794.469	    2794.469	      1.661	      0.000	      0.000
  31.800	    434.177	   2794.477	    2794.477	      0.939	      0.000	      0.000
  32.000	    434.185	   2794.485	    2794.485	      1.057	      0.000	      0.000
  32.200	    434.193	   2794.492	    2794.492	      1.581	      0.000	      0.000
  32.400	    434.201	   2794.501	    2794.501	      1.784	      0.000	      0.000
  32.600	    434.211	   2794.511	    2794.511	      1.624	      0.000	      0.000
  32.800	    434.222	   2794.522	    2794.522	      1.750	      0.000	      0.000
  33.000	    434.235	   2794.535	    2794.535	      2.736	      0.000	      0.001
  33.200	    434.251	   2794.550	    2794.550	      2.910	      0.000	      0.001
  33.400	    434.267	   2794.566	    2794.566	      2.741	      0.000	      0.001
  33.600	    434.284	   2794.584	    2794.584	      2.795	      0.000	      0.001
  33.800	    434.302	   2794.601	    2794.601	      3.161	      0.000	      0.001
  34.000	    434.320	   2794.619	    2794.619	      3.252	      0.000	      0.001
  34.200	    434.337	   2794.637	    2794.637	      2.860	      0.000	      0.001
  34.400	    434.353	   2794.652	    2794.652	      2.579	      0.000	      0.001
  34.600	    434.370	   2794.669	    2794.669	      2.609	      0.000	      0.001
  34.800	    434.386	   2794.686	    2794.686	      3.030	      0.000	      0.001
  35.000	    434.403	   2794.702	    2794.702	      3.144	      0.000	      0.001
  35.200	    434.421	   2794.720	    2794.720	      2.892	      0.000	      0.001
  35.400	    434.439	   2794.738	    2794.738	      3.376	      0.000	      0.001
  35.600	    434.461	   2794.759	    2794.759	      3.747	      0.000	      0.001
  35.800	    434.482	   2794.780	    2794.780	      3.798	      0.000	      0.001
  36.000	    434.502	   2794.801	    2794.801	      3.491	      0.000	      0.001
  36.200	    434.524	   2794.823	    2794.823	      3.386	      0.000	      0.001
  36.400	    434.545	   2794.843	    2794.843	      3.598	      0.000	      0.001
  36.600	    434.564	   2794.863	    2794.863	      3.550	      0.000	      0.001
  36.800	    434.581	   2794.880	    2794.880	      3.064	      0.000	      0.001
  37.000	    434.597	   2794.897	    2794.897	      2.649	      0.000	      0.001
  37.200	    434.614	   2794.913	    2794.913	      2.550	      0.000	      0.001
  37.400	    434.630	   2794.929	    2794.929	      2.834	      0.000	      0.001
  37.600	    434.645	   2794.944	    2794.944	      2.837	      0.000	      0.001
  37.800	    434.660	   2794.960	    2794.960	      2.463	      0.000	      0.001
  38.000	    434.678	   2794.977	    2794.977	      2.808	      0.000	      0.001
  38.200	    434.695	   2794.995	    2794.995	      3.015	      0.000	      0.001
  38.400	    434.712	   2795.011	    2795.011	      2.928	      0.000	      0.001
  38.600	    434.727	   2795.026	    2795.026	      2.472	      0.000	      0.001
  38.800	    434.742	   2795.041	    2795.041	      2.219	      0.000	      0.000
  39.000	    434.755	   2795.055	    2795.055	      2.289	      0.000	      0.000
  39.200	    434.765	   2795.065	    2795.065	      1.676	      0.000	      0.000
  39.400	    434.773	   2795.073	    2795.073	      1.573	      0.000	      0.000
  39.600	    434.780	   2795.080	    2795.080	      1.047	      0.000	      0.000
  39.800	    434.787	   2795.087	    2795.087	      0.842	      0.000	      0.000
  40.000	    434.793	   2795.093	    2795.093	      1.042	      0.000	      0.000
  40.200	    434.798	   2795.098	    2795.098	      0.976	      0.000	      0.000
  40.400	    434.804	   2795.104	    2795.104	      0.982	      0.000	      0.000
  40.600	    434.810	   2795.110	    2795.110	      0.761	      0.000	      0.000
  40.800	    434.815	   2795.115	    2795.115	      0.886	      0.000	      0.000
  41.000	    434.819	   2795.119	    2795.119	      0.729	      0.000	      0.000
  41.200	    434.821	   2795.121	    2795.121	      0.202	      0.000	      0.000
  41.400	    434.823	   2795.123	    2795.123	     -0.088	      0.000	     -0.000
  41.600	    434.821	   2795.121	    2795.121	     -0.507	      0.000	     -0.000
  41.800	    434.817	   2795.117	    2795.117	     -0.633	      0.000	     -0.000
  42.000	    434.811	   2795.111	    2795.111	     -0.740	      0.000	     -0.000
  42.200	    434.805	   2795.106	    2795.106	     -1.256	      0.000	     -0.000
  42.400	    434.799	   2795.099	    2795.099	     -1.444	      0.000	     -0.000
  42.600	    434.791	   2795.091	    2795.091	     -1.210	      0.000	     -0.000
  42.800	    434.784	   2795.084	    2795.084	     -0.788	      0.000	     -0.000
  43.000	    434.778	   2795.078	    2795.078	     -1.236	      0.000	     -0.000
  43.200	    434.772	   2795.072	    2795.072	     -1.428	      0.000	     -0.000
  43.400	    434.764	   2795.064	    2795.064	     -1.269	      0.000	     -0.000
  43.600	    434.755	   2795.055	    2795.055	     -1.378	      0.000	     -0.000
  43.800	    434.745	   2795.046	    2795.046	     -1.838	      0.000	     -0.000
  44.000	    434.734	   2795.034	    2795.034	     -2.503	      0.000	     -0.001
  44.200	    434.720	   2795.021	    2795.021	     -2.324	      0.000	     -0.000
  44.400	    434.706	   2795.006	    2795.006	     -2.335	      0.000	     -0.000
  44.600	    434.691	   2794.991	    2794.991	     -2.325	      0.000	     -0.001
  44.800	    434.676	   2794.976	    2794.976	     -2.708	      0.000	     -0.001
  45.000	    434.661	   2794.962	    2794.962	     -2.765	      0.000	     -0.001
  45.200	    434.647	   2794.948	    2794.948	     -1.920	      0.000	     -0.000
  45.400	    434.635	   2794.935	    2794.935	     -1.874	      0.000	     -0.000
  45.600	    434.623	   2794.923	    2794.923	     -2.182	      0.000	     -0.000
  45.800	    434.611	   2794.912	    2794.912	     -2.258	      0.000	     -0.000
  46.000	    434.599	   2794.900	    2794.900	     -1.975	      0.000	     -0.000
  46.200	    434.587	   2794.887	    2794.887	     -1.947	      0.000	     -0.000
  46.400	    434.573	   2794.874	    2794.874	     -2.712	      0.000	     -0.001
  46.600	    434.559	   2794.859	    2794.859	     -2.709	      0.000	     -0.001
  46.800	    434.544	   2794.845	    2794.845	     -2.372	      0.000	     -0.000
  47.000	    434.530	   2794.831	    2794.831	     -2.229	      0.000	     -0.000
  47.200	    434.516	   2794.817	    2794.817	     -2.050	      0.000	     -0.000
  47.400	    434.503	   2794.804	    2794.804	     -2.268	      0.000	     -0.000
  47.600	    434.492	   2794.793	    2794.793	     -1.715	      0.000	     -0.000
  47.800	    434.484	   2794.784	    2794.784	     -1.238	      0.000	     -0.000
  48.000	    434.476	   2794.776	    2794.776	     -1.061	      0.000	     -0.000
  48.200	    434.469	   2794.769	    2794.769	     -1.261	      0.000	     -0.000
  48.400	    434.463	   2794.763	    2794.763	     -1.243	      0.000	     -0.000
  48.600	    434.457	   2794.757	    2794.757	     -0.860	      0.000	     -0.000
  48.800	    434.452	   2794.752	    2794.752	     -0.724	      0.000	     -0.000
  49.000	    434.444	   2794.744	    2794.744	     -1.331	      0.000	     -0.000
  49.200	    434.437	   2794.737	    2794.737	     -1.232	      0.000	     -0.000
  49.400	    434.432	   2794.732	    2794.732	     -0.799	      0.000	     -0.000
  49.600	    434.427	   2794.727	    2794.727	     -0.571	      0.000	     -0.000
  49.800	    434.423	   2794.723	    2794.723	     -0.300	      0.000	     -0.000
  50.000	    434.421	   2794.721	    2794.721	     -0.452	      0.000	     -0.000
  50.200	    434.422	   2794.722	    2794.722	      0.127	      0.000	      0.000
  50.400	    434.425	   2794.725	    2794.725	      0.625	      0.000	      0.000
  50.600	    434.428	   2794.728	    2794.728	      0.829	      0.000	      0.000
  50.800	    434.432	   2794.732	    2794.732	      0.633	      0.000	      0.000
  51.000	    434.437	   2794.737	    2794.737	      0.650	      0.000	      0.000
  51.200	    434.442	   2794.742	    2794.742	      1.021	      0.000	      0.000
  51.400	    434.445	   2794.745	    2794.745	      0.722	      0.000	      0.000
  51.600	    434.449	   2794.749	    2794.749	      0.582	      0.000	      0.000
  51.800	    434.453	   2794.753	    2794.753	      0.640	      0.000	      0.000
  52.000	    434.459	   2794.759	    2794.759	      1.015	      0.000	      0.000
  52.200	    434.465	   2794.764	    2794.764	      1.184	      0.000	      0.000
  52.400	    434.471	   2794.771	    2794.771	      1.382	      0.000	      0.000
  52.600	    434.480	   2794.780	    2794.780	      1.560	      0.000	      0.000
  52.800	    434.490	   2794.790	    2794.790	      1.526	      0.000	      0.000
  53.000	    434.500	   2794.800	    2794.800	      1.866	      0.000	      0.000
  53.200	    434.510	   2794.810	    2794.810	      1.899	      0.000	      0.000
  53.400	    434.520	   2794.820	    2794.820	      1.512	      0.000	      0.000
  53.600	    434.529	   2794.829	    2794.829	      1.352	      0.000	      0.000
  53.800	    434.537	   2794.837	    2794.837	      1.114	      0.000	      0.000
  54.000	    434.542	   2794.842	    2794.842	      1.157	      0.000	      0.000
  54.200	    434.548	   2794.848	    2794.848	      0.861	      0.000	      0.000
  54.400	    434.553	   2794.853	    2794.853	      0.764	      0.000	      0.000
  54.600	    434.559	   2794.859	    2794.859	      0.980	      0.000	      0.000
  54.800	    434.564	   2794.864	    2794.864	      1.008	      0.000	      0.000
  55.000	    434.570	   2794.870	    2794.870	      1.500	      0.000	      0.000
  55.200	    434.577	   2794.877	    2794.877	      1.044	      0.000	      0.000
  55.400	    434.584	   2794.884	    2794.884	      0.849	      0.000	      0.000
  55.600	    434.590	   2794.890	    2794.890	      1.025	      0.000	      0.000
  55.800	    434.594	   2794.894	    2794.894	      0.908	      0.000	      0.000
  56.000	    434.598	   2794.898	    2794.898	      0.387	      0.000	      0.000
  56.200	    434.599	   2794.899	    2794.899	     -0.331	      0.000	     -0.000
  56.400	    434.598	   2794.898	    2794.898	     -0.199	      0.000	     -0.000
  56.600	    434.596	   2794.896	    2794.896	     -0.282	      0.000	     -0.000
  56.800	    434.593	   2794.893	    2794.893	     -0.700	      0.000	     -0.000
  57.000	    434.589	   2794.889	    2794.889	     -0.912	      0.000	     -0.000
  57.200	    434.584	   2794.884	    2794.884	     -0.817	      0.000	     -0.000
  57.400	    434.579	   2794.879	    2794.879	     -0.450	      0.000	     -0.000
  57.600	    434.575	   2794.875	    2794.875	     -0.587	      0.000	     -0.000
  57.800	    434.570	   2794.870	    2794.870	     -1.149	      0.000	     -0.000
  58.000	    434.563	   2794.863	    2794.863	     -1.466	      0.000	     -0.000
  58.200	    434.555	   2794.855	    2794.855	     -1.396	      0.000	     -0.000
  58.400	    434.545	   2794.845	    2794.845	     -1.599	      0.000	     -0.000
  58.600	    434.533	   2794.834	    2794.834	     -2.607	      0.000	     -0.001
  58.800	    434.518	   2794.819	    2794.819	     -2.830	      0.000	     -0.001
  59.000	    434.503	   2794.803	    2794.803	     -2.691	      0.000	     -0.001
  59.200	    434.486	   2794.786	    2794.786	     -2.754	      0.000	     -0.001
  59.400	    434.468	   2794.769	    2794.769	     -3.112	      0.000	     -0.001
  59.600	    434.450	   2794.751	    2794.751	     -3.268	      0.000	     -0.001
  59.800	    434.433	   2794.733	    2794.733	     -2.669	      0.000	     -0.001
  60.000	    434.416	   2794.717	    2794.717	     -2.720	      0.000	     -0.001
  60.200	    434.399	   2794.699	    2794.699	     -2.766	      0.000	     -0.001
  60.400	    434.381	   2794.682	    2794.682	     -3.240	      0.000	     -0.001
  60.600	    434.362	   2794.663	    2794.663	     -3.478	      0.000	     -0.001
  60.800	    434.343	   2794.644	    2794.644	     -3.312	      0.000	     -0.001
  61.000	    434.322	   2794.623	    2794.623	     -3.383	      0.000	     -0.001
  61.200	    434.298	   2794.599	    2794.599	     -4.180	      0.000	     -0.002
  61.400	    434.274	   2794.576	    2794.576	     -4.295	      0.000	     -0.002
  61.600	    434.250	   2794.552	    2794.552	     -4.049	      0.000	     -0.001
  61.800	    434.226	   2794.527	    2794.527	     -4.002	      0.000	     -0.001
  62.000	    434.201	   2794.503	    2794.503	     -4.224	      0.000	     -0.002
  62.200	    434.177	   2794.479	    2794.479	     -4.254	      0.000	     -0.002
  62.400	    434.157	   2794.458	    2794.458	     -3.583	      0.000	     -0.001
  62.600	    434.135	   2794.436	    2794.436	     -3.532	      0.000	     -0.001
  62.800	    434.113	   2794.415	    2794.415	     -3.459	      0.000	     -0.001
  63.000	    434.092	   2794.393	    2794.393	     -3.810	      0.000	     -0.001
  63.200	    434.071	   2794.372	    2794.372	     -3.903	      0.000	     -0.001
  63.400	    434.049	   2794.350	    2794.350	     -3.592	      0.000	     -0.001
  63.600	    434.025	   2794.327	    2794.327	     -3.884	      0.000	     -0.001
  63.800	    434.002	   2794.303	    2794.303	     -4.029	      0.000	     -0.001
  64.000	    433.979	   2794.281	    2794.281	     -3.956	      0.000	     -0.001
  64.200	    433.958	   2794.259	    2794.259	     -3.528	      0.000	     -0.001
  64.400	    433.938	   2794.239	    2794.239	     -3.292	      0.000	     -0.001
  64.600	    433.918	   2794.219	    2794.219	     -3.323	      0.000	     -0.001
  64.800	    433.902	   2794.202	    2794.202	     -2.798	      0.000	     -0.001
  65.000	    433.887	   2794.188	    2794.188	     -2.455	      0.000	     -0.001
  65.200	    433.873	   2794.173	    2794.173	     -2.275	      0.000	     -0.000
  65.400	    433.859	   2794.159	    2794.159	     -2.079	      0.000	     -0.000
  65.600	    433.846	   2794.146	    2794.146	     -2.338	      0.000	     -0.000
  65.800	    433.833	   2794.134	    2794.134	     -2.345	      0.000	     -0.000
  66.000	    433.819	   2794.120	    2794.120	     -2.360	      0.000	     -0.000
  66.200	    433.805	   2794.106	    2794.106	     -2.110	      0.000	     -0.000
  66.400	    433.792	   2794.093	    2794.093	     -2.219	      0.000	     -0.000
  66.600	    433.781	   2794.081	    2794.081	     -2.136	      0.000	     -0.000
  66.800	    433.770	   2794.070	    2794.070	     -1.718	      0.000	     -0.000
  67.000	    433.760	   2794.060	    2794.060	     -1.471	      0.000	     -0.000
  67.200	    433.752	   2794.052	    2794.052	     -1.091	      0.000	     -0.000
  67.400	    433.747	   2794.047	    2794.047	     -1.053	      0.000	     -0.000
  67.600	    433.742	   2794.042	    2794.042	     -0.751	      0.000	     -0.000
  67.800	    433.737	   2794.037	    2794.037	     -0.617	      0.000	     -0.000
  68.000	    433.733	   2794.033	    2794.033	     -0.473	      0.000	     -0.000
  68.200	    433.729	   2794.029	    2794.029	     -0.751	      0.000	     -0.000
  68.400	    433.725	   2794.025	    2794.025	     -1.179	      0.000	     -0.000
  68.600	    433.720	   2794.020	    2794.020	     -0.749	      0.000	     -0.000
  68.800	    433.715	   2794.015	    2794.015	     -0.530	      0.000	     -0.000
  69.000	    433.711	   2794.011	    2794.011	     -0.678	      0.000	     -0.000
  69.200	    433.708	   2794.008	    2794.008	     -0.634	      0.000	     -0.000
  69.400	    433.706	   2794.006	    2794.006	     -0.276	      0.000	     -0.000
  69.600	    433.705	   2794.005	    2794.005	      0.310	      0.000	      0.000
  69.800	    433.706	   2794.006	    2794.006	      0.099	      0.000	      0.000
  70.000	    433.707	   2794.007	    2794.007	      0.031	      0.000	      0.000
  70.200	    433.708	   2794.008	    2794.008	      0.187	      0.000	      0.000
  70.400	    433.708	   2794.008	    2794.008	      0.179	      0.000	      0.000
  70.600	    433.708	   2794.008	    2794.008	      0.167	      0.000	      0.000
  70.800	    433.707	   2794.007	    2794.007	     -0.680	      0.000	     -0.000
  71.000	    433.704	   2794.004	    2794.004	     -0.785	      0.000	     -0.000
  71.200	    433.701	   2794.001	    2794.001	     -0.538	      0.000	     -0.000
  71.400	    433.697	   2793.997	    2793.997	     -0.516	      0.000	     -0.000
  71.600	    433.692	   2793.992	    2793.992	     -0.834	      0.000	     -0.000
  71.800	    433.688	   2793.988	    2793.988	     -0.964	      0.000	     -0.000
  72.000	    433.684	   2793.984	    2793.984	     -0.359	      0.000	     -0.000
  72.200	    433.681	   2793.981	    2793.981	     -0.390	      0.000	     -0.000
  72.400	    433.677	   2793.977	    2793.977	     -0.720	      0.000	     -0.000
  72.600	    433.673	   2793.973	    2793.973	     -0.941	      0.000	     -0.000
  72.800	    433.668	   2793.968	    2793.968	     -0.938	      0.000	     -0.000
  73.000	    433.661	   2793.962	    2793.962	     -1.054	      0.000	     -0.000
  73.200	    433.654	   2793.954	    2793.954	     -1.140	      0.000	     -0.000
  73.400	    433.643	   2793.943	    2793.943	     -1.970	      0.000	     -0.000
  73.600	    433.632	   2793.933	    2793.933	     -2.144	      0.000	     -0.000
  73.800	    433.621	   2793.921	    2793.921	     -1.957	      0.000	     -0.000
  74.000	    433.608	   2793.908	    2793.908	     -1.997	      0.000	     -0.000
  74.200	    433.595	   2793.895	    2793.895	     -2.338	      0.000	     -0.000
  74.400	    433.582	   2793.882	    2793.882	     -2.511	      0.000	     -0.001
  74.600	    433.570	   2793.870	    2793.870	     -2.017	      0.000	     -0.000
  74.800	    433.557	   2793.857	    2793.857	     -2.130	      0.000	     -0.000
  75.000	    433.543	   2793.843	    2793.843	     -2.525	      0.000	     -0.001
  75.200	    433.528	   2793.829	    2793.829	     -2.801	      0.000	     -0.001
  75.400	    433.512	   2793.813	    2793.813	     -2.834	      0.000	     -0.001
  75.600	    433.494	   2793.795	    2793.795	     -2.996	      0.000	     -0.001
  75.800	    433.473	   2793.774	    2793.774	     -3.473	      0.000	     -0.001
  76.000	    433.451	   2793.753	    2793.753	     -3.884	      0.000	     -0.001
  76.200	    433.429	   2793.730	    2793.730	     -4.081	      0.000	     -0.001
  76.400	    433.406	   2793.708	    2793.708	     -3.897	      0.000	     -0.001
  76.600	    433.382	   2793.684	    2793.684	     -3.898	      0.000	     -0.001
  76.800	    433.358	   2793.660	    2793.660	     -4.180	      0.000	     -0.002
  77.000	    433.336	   2793.638	    2793.638	     -3.922	      0.000	     -0.001
  77.200	    433.314	   2793.616	    2793.616	     -3.783	      0.000	     -0.001
  77.400	    433.291	   2793.593	    2793.593	     -3.797	      0.000	     -0.001
  77.600	    433.268	   2793.569	    2793.569	     -4.069	      0.000	     -0.001
  77.800	    433.244	   2793.546	    2793.546	     -4.245	      0.000	     -0.002
  78.000	    433.220	   2793.522	    2793.522	     -4.161	      0.000	     -0.002
  78.200	    433.194	   2793.495	    2793.495	     -4.532	      0.000	     -0.002
  78.400	    433.167	   2793.468	    2793.468	     -4.391	      0.000	     -0.002
  78.600	    433.140	   2793.442	    2793.442	     -4.645	      0.000	     -0.002
  78.800	    433.114	   2793.416	    2793.416	     -4.679	      0.000	     -0.002
  79.000	    433.088	   2793.389	    2793.389	     -4.357	      0.000	     -0.002
  79.200	    433.062	   2793.364	    2793.364	     -4.204	      0.000	     -0.002
  79.400	    433.038	   2793.339	    2793.339	     -3.963	      0.000	     -0.001
  79.600	    433.016	   2793.317	    2793.317	     -4.019	      0.000	     -0.001
  79.800	    432.993	   2793.295	    2793.295	     -3.787	      0.000	     -0.001
  80.000	    432.971	   2793.272	    2793.272	     -3.715	      0.000	     -0.001
  80.200	    432.948	   2793.249	    2793.249	     -3.885	      0.000	     -0.001
  80.400	    432.926	   2793.227	    2793.227	     -3.955	      0.000	     -0.001
  80.600	    432.903	   2793.204	    2793.204	     -4.133	      0.000	     -0.002
  80.800	    432.879	   2793.180	    2793.180	     -3.952	      0.000	     -0.001
  81.000	    432.855	   2793.157	    2793.157	     -3.729	      0.000	     -0.001
  81.200	    432.833	   2793.134	    2793.134	     -3.881	      0.000	     -0.001
  81.400	    432.811	   2793.113	    2793.113	     -3.796	      0.000	     -0.001
  81.600	    432.791	   2793.092	    2793.092	     -3.354	      0.000	     -0.001
  81.800	    432.773	   2793.073	    2793.073	     -2.691	      0.000	     -0.001
  82.000	    432.756	   2793.057	    2793.057	     -2.776	      0.000	     -0.001
  82.200	    432.741	   2793.042	    2793.042	     -2.713	      0.000	     -0.001
  82.400	    432.727	   2793.027	    2793.027	     -2.391	      0.000	     -0.001
  82.600	    432.713	   2793.013	    2793.013	     -2.218	      0.000	     -0.000
  82.800	    432.699	   2793.000	    2793.000	     -2.298	      0.000	     -0.000
  83.000	    432.686	   2792.986	    2792.986	     -2.652	      0.000	     -0.001
  83.200	    432.672	   2792.972	    2792.972	     -2.305	      0.000	     -0.000
  83.400	    432.659	   2792.959	    2792.959	     -2.058	      0.000	     -0.000
  83.600	    432.647	   2792.947	    2792.947	     -1.783	      0.000	     -0.000
  83.800	    432.636	   2792.936	    2792.936	     -1.885	      0.000	     -0.000
  84.000	    432.626	   2792.926	    2792.926	     -1.790	      0.000	     -0.000
  84.200	    432.617	   2792.918	    2792.918	     -0.977	      0.000	     -0.000
  84.400	    432.612	   2792.912	    2792.912	     -0.783	      0.000	     -0.000
  84.600	    432.606	   2792.906	    2792.906	     -0.920	      0.000	     -0.000
  84.800	    432.602	   2792.902	    2792.902	     -0.941	      0.000	     -0.000
  85.000	    432.597	   2792.897	    2792.897	     -0.719	      0.000	     -0.000
  85.200	    432.593	   2792.893	    2792.893	     -0.621	      0.000	     -0.000
  85.400	    432.588	   2792.888	    2792.888	     -0.762	      0.000	     -0.000
  85.600	    432.582	   2792.882	    2792.882	     -1.121	      0.000	     -0.000
  85.800	    432.577	   2792.877	    2792.877	     -0.871	      0.000	     -0.000
  86.000	    432.572	   2792.872	    2792.872	     -0.714	      0.000	     -0.000
  86.200	    432.567	   2792.867	    2792.867	     -0.533	      0.000	     -0.000
  86.400	    432.563	   2792.863	    2792.863	     -0.693	      0.000	     -0.000
  86.600	    432.560	   2792.860	    2792.860	     -0.667	      0.000	     -0.000
  86.800	    432.560	   2792.860	    2792.860	      0.013	      0.000	      0.000
  87.000	    432.559	   2792.859	    2792.859	      0.099	      0.000	      0.000
  87.200	    432.559	   2792.859	    2792.859	     -0.125	      0.000	     -0.000
  87.400	    432.559	   2792.859	    2792.859	     -0.244	      0.000	     -0.000
  87.600	    432.558	   2792.858	    2792.858	     -0.114	      0.000	     -0.000
  87.800	    432.557	   2792.857	    2792.857	     -0.124	      0.000	     -0.000
  88.000	    432.553	   2792.853	    2792.853	     -0.684	      0.000	     -0.000
  88.200	    432.550	   2792.850	    2792.850	     -0.751	      0.000	     -0.000
  88.400	    432.546	   2792.846	    2792.846	     -0.624	      0.000	     -0.000
  88.600	    432.542	   2792.842	    2792.842	     -0.573	      0.000	     -0.000
  88.800	    432.538	   2792.838	    2792.838	     -0.506	      0.000	     -0.000
  89.000	    432.534	   2792.834	    2792.834	     -0.789	      0.000	     -0.000
  89.200	    432.531	   2792.831	    2792.831	     -0.583	      0.000	     -0.000
  89.400	    432.529	   2792.829	    2792.829	     -0.460	      0.000	     -0.000
  89.600	    432.525	   2792.825	    2792.825	     -0.520	      0.000	     -0.000
  89.800	    432.521	   2792.821	    2792.821	     -0.884	      0.000	     -0.000
  90.000	    432.515	   2792.815	    2792.815	     -1.153	      0.000	     -0.000
  90.200	    432.509	   2792.809	    2792.809	     -1.138	      0.000	     -0.000
  90.400	    432.500	   2792.800	    2792.800	     -1.570	      0.000	     -0.000
  90.600	    432.490	   2792.790	    2792.790	     -1.787	      0.000	     -0.000
  90.800	    432.480	   2792.780	    2792.780	     -1.931	      0.000	     -0.000
  91.000	    432.469	   2792.769	    2792.769	     -1.869	      0.000	     -0.000
  91.200	    432.458	   2792.758	    2792.758	     -1.862	      0.000	     -0.000
  91.400	    432.446	   2792.746	    2792.746	     -1.810	      0.000	     -0.000
  91.600	    432.435	   2792.736	    2792.736	     -1.760	      0.000	     -0.000
  91.800	    432.425	   2792.726	    2792.726	     -1.963	      0.000	     -0.000
  92.000	    432.415	   2792.715	    2792.715	     -1.852	      0.000	     -0.000
  92.200	    432.403	   2792.703	    2792.703	     -1.925	      0.000	     -0.000
  92.400	    432.390	   2792.690	    2792.690	     -2.281	      0.000	     -0.000
  92.600	    432.377	   2792.677	    2792.677	     -2.523	      0.000	     -0.001
  92.800	    432.361	   2792.662	    2792.662	     -2.821	      0.000	     -0.001
  93.000	    432.344	   2792.645	    2792.645	     -2.796	      0.000	     -0.001
  93.200	    432.327	   2792.628	    2792.628	     -2.981	      0.000	     -0.001
  93.400	    432.310	   2792.611	    2792.611	     -3.096	      0.000	     -0.001
  93.600	    432.293	   2792.593	    2792.593	     -2.980	      0.000	     -0.001
  93.800	    432.275	   2792.576	    2792.576	     -2.924	      0.000	     -0.001
  94.000	    432.258	   2792.559	    2792.559	     -2.472	      0.000	     -0.001
  94.200	    432.242	   2792.543	    2792.543	     -2.811	      0.000	     -0.001
  94.400	    432.226	   2792.527	    2792.527	     -2.971	      0.000	     -0.001
  94.600	    432.210	   2792.510	    2792.510	     -2.827	      0.000	     -0.001
  94.800	    432.192	   2792.493	    2792.493	     -2.831	      0.000	     -0.001
  95.000	    432.175	   2792.475	    2792.475	     -3.094	      0.000	     -0.001
  95.200	    432.156	   2792.457	    2792.457	     -3.586	      0.000	     -0.001
  95.400	    432.136	   2792.437	    2792.437	     -3.346	      0.000	     -0.001
  95.600	    432.117	   2792.418	    2792.418	     -3.202	      0.000	     -0.001
  95.800	    432.098	   2792.398	    2792.398	     -3.263	      0.000	     -0.001
  96.000	    432.079	   2792.380	    2792.380	     -3.234	      0.000	     -0.001
  96.200	    432.062	   2792.362	    2792.362	     -2.983	      0.000	     -0.001
  96.400	    432.045	   2792.345	    2792.345	     -2.424	      0.000	     -0.001
  96.600	    432.030	   2792.331	    2792.331	     -2.255	      0.000	     -0.000
  96.800	    432.016	   2792.317	    2792.317	     -2.451	      0.000	     -0.001
  97.000	    432.003	   2792.303	    2792.303	     -2.488	      0.000	     -0.001
  97.200	    431.989	   2792.290	    2792.290	     -2.226	      0.000	     -0.000
  97.400	    431.976	   2792.276	    2792.276	     -2.097	      0.000	     -0.000
  97.600	    431.963	   2792.263	    2792.263	     -2.230	      0.000	     -0.000
  97.800	    431.949	   2792.249	    2792.249	     -2.525	      0.000	     -0.001
  98.000	    431.935	   2792.236	    2792.236	     -2.185	      0.000	     -0.000
  98.200	    431.923	   2792.223	    2792.223	     -1.945	      0.000	     -0.000
  98.400	    431.911	   2792.211	    2792.211	     -1.918	      0.000	     -0.000
  98.600	    431.901	   2792.201	    2792.201	     -1.795	      0.000	     -0.000
  98.800	    431.892	   2792.192	    2792.192	     -1.485	      0.000	     -0.000
  99.000	    431.885	   2792.185	    2792.185	     -0.929	      0.000	     -0.000
  99.200	    431.880	   2792.180	    2792.180	     -0.734	      0.000	     -0.000
  99.400	    431.875	   2792.175	    2792.175	     -0.891	      0.000	     -0.000
  99.600	    431.870	   2792.170	    2792.170	     -0.894	      0.000	     -0.000
  99.800	    431.866	   2792.166	    2792.166	     -0.591	      0.000	     -0.000
 100.000	    431.863	   2792.163	    2792.163	     -0.420	      0.000	     -0.000
