    时间	    汇点水头	    大井水位	    升管水位	    大井流量	    升管流量	    底板压差
   0.000	      0.763	   2361.063	    2361.063	      0.000	      0.000	      0.000
   0.200	      0.763	   2361.063	    2361.063	     -0.238	      0.000	     -0.000
   0.400	      0.762	   2361.062	    2361.062	     -0.119	      0.000	     -0.000
   0.600	      0.761	   2361.061	    2361.061	      0.040	      0.000	      0.000
   0.800	      0.761	   2361.061	    2361.061	     -0.062	      0.000	     -0.000
   1.000	      0.762	   2361.062	    2361.062	      0.258	      0.000	      0.000
   1.200	      0.764	   2361.063	    2361.063	      1.000	      0.000	      0.000
   1.400	      0.768	   2361.067	    2361.067	      1.157	      0.000	      0.000
   1.600	      0.771	   2361.071	    2361.071	      1.054	      0.000	      0.000
   1.800	      0.776	   2361.076	    2361.076	      1.357	      0.000	      0.000
   2.000	      0.783	   2361.083	    2361.083	      1.779	      0.000	      0.000
   2.200	      0.791	   2361.090	    2361.090	      1.953	      0.000	      0.001
   2.400	      0.799	   2361.098	    2361.098	      2.300	      0.000	      0.001
   2.600	      0.808	   2361.107	    2361.107	      2.605	      0.000	      0.001
   2.800	      0.819	   2361.118	    2361.118	      2.906	      0.000	      0.001
   3.000	      0.830	   2361.129	    2361.129	      2.277	      0.000	      0.001
   3.200	      0.841	   2361.140	    2361.140	      2.914	      0.000	      0.001
   3.400	      0.854	   2361.152	    2361.152	      3.425	      0.000	      0.002
   3.600	      0.867	   2361.165	    2361.165	      3.591	      0.000	      0.002
   3.800	      0.880	   2361.178	    2361.178	      3.503	      0.000	      0.002
   4.000	      0.896	   2361.193	    2361.193	      4.545	      0.000	      0.003
   4.200	      0.913	   2361.210	    2361.210	      4.722	      0.000	      0.003
   4.400	      0.932	   2361.228	    2361.228	      4.891	      0.000	      0.004
   4.600	      0.952	   2361.248	    2361.248	      5.392	      0.000	      0.004
   4.800	      0.974	   2361.269	    2361.269	      5.729	      0.000	      0.005
   5.000	      0.997	   2361.291	    2361.291	      6.197	      0.000	      0.006
   5.200	      1.020	   2361.314	    2361.314	      6.074	      0.000	      0.006
   5.400	      1.043	   2361.337	    2361.337	      6.108	      0.000	      0.006
   5.600	      1.069	   2361.363	    2361.363	      6.526	      0.000	      0.006
   5.800	      1.094	   2361.388	    2361.388	      6.427	      0.000	      0.006
   6.000	      1.118	   2361.412	    2361.412	      6.391	      0.000	      0.006
   6.200	      1.144	   2361.437	    2361.437	      6.876	      0.000	      0.007
   6.400	      1.168	   2361.462	    2361.462	      6.374	      0.000	      0.006
   6.600	      1.191	   2361.485	    2361.485	      6.012	      0.000	      0.005
   6.800	      1.210	   2361.506	    2361.506	      5.092	      0.000	      0.004
   7.000	      1.227	   2361.524	    2361.524	      4.277	      0.000	      0.003
   7.200	      1.241	   2361.539	    2361.539	      3.449	      0.000	      0.002
   7.400	      1.251	   2361.550	    2361.550	      2.571	      0.000	      0.001
   7.600	      1.258	   2361.558	    2361.558	      2.099	      0.000	      0.001
   7.800	      1.265	   2361.565	    2361.565	      1.676	      0.000	      0.000
   8.000	      1.269	   2361.569	    2361.569	      0.709	      0.000	      0.000
   8.200	      1.270	   2361.570	    2361.570	     -0.245	      0.000	     -0.000
   8.400	      1.268	   2361.569	    2361.569	     -0.918	      0.000	     -0.000
   8.600	      1.262	   2361.563	    2361.563	     -2.264	      0.000	     -0.001
   8.800	      1.250	   2361.552	    2361.552	     -3.543	      0.000	     -0.002
   9.000	      1.231	   2361.535	    2361.535	     -5.017	      0.000	     -0.004
   9.200	      1.207	   2361.513	    2361.513	     -6.686	      0.000	     -0.007
   9.400	      1.173	   2361.484	    2361.484	     -8.839	      0.000	     -0.011
   9.600	      1.128	   2361.447	    2361.447	    -11.156	      0.000	     -0.018
   9.800	      1.073	   2361.400	    2361.400	    -13.483	      0.000	     -0.027
  10.000	      1.006	   2361.344	    2361.344	    -15.981	      0.000	     -0.038
  10.200	      0.923	   2361.277	    2361.277	    -19.121	      0.000	     -0.054
  10.400	      0.831	   2361.200	    2361.200	    -21.466	      0.000	     -0.069
  10.600	      0.727	   2361.114	    2361.114	    -24.089	      0.000	     -0.087
  10.800	      0.611	   2361.018	    2361.018	    -26.791	      0.000	     -0.106
  11.000	      0.479	   2360.910	    2360.910	    -29.699	      0.000	     -0.131
  11.200	      0.331	   2360.791	    2360.791	    -32.858	      0.000	     -0.160
  11.400	      0.168	   2360.661	    2360.661	    -35.992	      0.000	     -0.193
  11.600	     -0.018	   2360.517	    2360.517	    -39.771	      0.000	     -0.235
  11.800	     -0.221	   2360.360	    2360.360	    -43.632	      0.000	     -0.281
  12.000	     -0.442	   2360.188	    2360.188	    -47.031	      0.000	     -0.330
  12.200	     -0.694	   2360.001	    2360.001	    -51.607	      0.000	     -0.395
  12.400	     -0.974	   2359.796	    2359.796	    -56.248	      0.000	     -0.470
  12.600	     -1.285	   2359.573	    2359.573	    -61.253	      0.000	     -0.558
  12.800	     -1.625	   2359.332	    2359.332	    -66.510	      0.000	     -0.657
  13.000	     -2.002	   2359.070	    2359.070	    -72.048	      0.000	     -0.771
  13.200	     -2.407	   2358.786	    2358.786	    -77.546	      0.000	     -0.893
  13.400	     -2.824	   2358.483	    2358.483	    -82.186	      0.000	     -1.007
  13.600	     -3.256	   2358.162	    2358.162	    -86.564	      0.000	     -1.118
  13.800	     -3.701	   2357.826	    2357.826	    -90.869	      0.000	     -1.227
  14.000	     -4.153	   2357.475	    2357.475	    -94.367	      0.000	     -1.327
  14.200	     -4.597	   2357.111	    2357.111	    -97.176	      0.000	     -1.408
  14.400	     -5.008	   2356.740	    2356.740	    -98.504	      0.000	     -1.447
  14.600	     -5.376	   2356.365	    2356.365	    -98.242	      0.000	     -1.442
  14.800	     -5.677	   2355.997	    2355.997	    -95.944	      0.000	     -1.374
  15.000	     -5.963	   2355.639	    2355.639	    -93.330	      0.000	     -1.302
  15.200	     -6.273	   2355.288	    2355.288	    -91.982	      0.000	     -1.261
  15.400	     -6.587	   2354.942	    2354.942	    -90.777	      0.000	     -1.229
  15.600	     -6.908	   2354.600	    2354.600	    -89.946	      0.000	     -1.208
  15.800	     -7.207	   2354.261	    2354.261	    -88.442	      0.000	     -1.168
  16.000	     -7.476	   2353.930	    2353.930	    -85.992	      0.000	     -1.106
  16.200	     -7.710	   2353.611	    2353.611	    -82.645	      0.000	     -1.020
  16.400	     -7.918	   2353.306	    2353.306	    -78.624	      0.000	     -0.924
  16.600	     -8.137	   2353.015	    2353.015	    -75.495	      0.000	     -0.851
  16.800	     -8.341	   2352.735	    2352.735	    -71.962	      0.000	     -0.776
  17.000	     -8.505	   2352.471	    2352.471	    -67.170	      0.000	     -0.675
  17.200	     -8.634	   2352.227	    2352.227	    -61.176	      0.000	     -0.561
  17.400	     -8.724	   2352.009	    2352.009	    -53.674	      0.000	     -0.433
  17.600	     -8.798	   2351.820	    2351.820	    -45.949	      0.000	     -0.318
  17.800	     -8.872	   2351.659	    2351.659	    -39.248	      0.000	     -0.231
  18.000	     -8.946	   2351.521	    2351.521	    -33.352	      0.000	     -0.167
  18.200	     -9.018	   2351.404	    2351.404	    -28.517	      0.000	     -0.122
  18.400	     -9.073	   2351.306	    2351.306	    -22.849	      0.000	     -0.079
  18.600	     -9.114	   2351.230	    2351.230	    -17.199	      0.000	     -0.045
  18.800	     -9.151	   2351.174	    2351.174	    -12.886	      0.000	     -0.025
  19.000	     -9.184	   2351.131	    2351.131	    -10.176	      0.000	     -0.016
  19.200	     -9.218	   2351.095	    2351.095	     -9.227	      0.000	     -0.013
  19.400	     -9.253	   2351.060	    2351.060	     -9.335	      0.000	     -0.013
  19.600	     -9.284	   2351.026	    2351.026	     -8.158	      0.000	     -0.010
  19.800	     -9.306	   2350.999	    2350.999	     -5.971	      0.000	     -0.006
  20.000	     -9.319	   2350.983	    2350.983	     -3.433	      0.000	     -0.002
  20.200	     -9.327	   2350.973	    2350.973	     -1.879	      0.000	     -0.001
  20.400	     -9.334	   2350.966	    2350.966	     -1.766	      0.000	     -0.001
  20.600	     -9.341	   2350.960	    2350.960	     -1.611	      0.000	     -0.000
  20.800	     -9.346	   2350.954	    2350.954	     -1.340	      0.000	     -0.000
  21.000	     -9.351	   2350.949	    2350.949	     -1.322	      0.000	     -0.000
  21.200	     -9.353	   2350.947	    2350.947	     -0.123	      0.000	     -0.000
  21.400	     -9.353	   2350.947	    2350.947	      0.261	      0.000	      0.000
  21.600	     -9.352	   2350.948	    2350.948	     -0.381	      0.000	     -0.000
  21.800	     -9.357	   2350.944	    2350.944	     -1.496	      0.000	     -0.000
  22.000	     -9.366	   2350.935	    2350.935	     -2.875	      0.000	     -0.001
  22.200	     -9.380	   2350.922	    2350.922	     -3.781	      0.000	     -0.002
  22.400	     -9.397	   2350.906	    2350.906	     -4.461	      0.000	     -0.003
  22.600	     -9.415	   2350.889	    2350.889	     -5.240	      0.000	     -0.004
  22.800	     -9.441	   2350.866	    2350.866	     -6.762	      0.000	     -0.007
  23.000	     -9.478	   2350.836	    2350.836	     -9.571	      0.000	     -0.013
  23.200	     -9.528	   2350.794	    2350.794	    -12.052	      0.000	     -0.022
  23.400	     -9.579	   2350.746	    2350.746	    -12.927	      0.000	     -0.025
  23.600	     -9.628	   2350.697	    2350.697	    -13.138	      0.000	     -0.026
  23.800	     -9.680	   2350.647	    2350.647	    -13.340	      0.000	     -0.027
  24.000	     -9.731	   2350.596	    2350.596	    -13.623	      0.000	     -0.027
  24.200	     -9.782	   2350.545	    2350.545	    -13.408	      0.000	     -0.027
  24.400	     -9.830	   2350.495	    2350.495	    -12.720	      0.000	     -0.025
  24.600	     -9.869	   2350.449	    2350.449	    -11.185	      0.000	     -0.019
  24.800	     -9.902	   2350.411	    2350.411	     -8.944	      0.000	     -0.012
  25.000	     -9.923	   2350.382	    2350.382	     -6.139	      0.000	     -0.006
  25.200	     -9.937	   2350.365	    2350.365	     -3.414	      0.000	     -0.002
  25.400	     -9.946	   2350.355	    2350.355	     -1.661	      0.000	     -0.000
  25.600	     -9.949	   2350.351	    2350.351	     -0.137	      0.000	     -0.000
  25.800	     -9.947	   2350.353	    2350.353	      0.998	      0.000	      0.000
  26.000	     -9.941	   2350.359	    2350.359	      2.162	      0.000	      0.001
  26.200	     -9.930	   2350.369	    2350.369	      3.189	      0.000	      0.002
  26.400	     -9.915	   2350.383	    2350.383	      3.969	      0.000	      0.002
  26.600	     -9.900	   2350.398	    2350.398	      3.993	      0.000	      0.002
  26.800	     -9.884	   2350.413	    2350.413	      4.070	      0.000	      0.002
  27.000	     -9.868	   2350.429	    2350.429	      4.459	      0.000	      0.003
  27.200	     -9.847	   2350.448	    2350.448	      5.768	      0.000	      0.005
  27.400	     -9.821	   2350.472	    2350.472	      6.725	      0.000	      0.007
  27.600	     -9.792	   2350.499	    2350.499	      7.663	      0.000	      0.009
  27.800	     -9.757	   2350.531	    2350.531	      8.922	      0.000	      0.012
  28.000	     -9.720	   2350.566	    2350.566	      9.787	      0.000	      0.014
  28.200	     -9.681	   2350.604	    2350.604	     10.117	      0.000	      0.015
  28.400	     -9.639	   2350.643	    2350.643	     10.892	      0.000	      0.018
  28.600	     -9.593	   2350.686	    2350.686	     11.725	      0.000	      0.021
  28.800	     -9.546	   2350.732	    2350.732	     12.200	      0.000	      0.022
  29.000	     -9.500	   2350.778	    2350.778	     12.159	      0.000	      0.022
  29.200	     -9.457	   2350.823	    2350.823	     11.692	      0.000	      0.020
  29.400	     -9.414	   2350.867	    2350.867	     11.369	      0.000	      0.019
  29.600	     -9.373	   2350.909	    2350.909	     10.945	      0.000	      0.018
  29.800	     -9.332	   2350.950	    2350.950	     11.013	      0.000	      0.018
  30.000	     -9.287	   2350.993	    2350.993	     11.708	      0.000	      0.020
  30.200	     -9.242	   2351.038	    2351.038	     11.774	      0.000	      0.021
  30.400	     -9.196	   2351.083	    2351.083	     11.970	      0.000	      0.021
  30.600	     -9.148	   2351.129	    2351.129	     12.478	      0.000	      0.023
  30.800	     -9.098	   2351.177	    2351.177	     12.885	      0.000	      0.025
  31.000	     -9.046	   2351.227	    2351.227	     13.495	      0.000	      0.027
  31.200	     -8.988	   2351.280	    2351.280	     14.453	      0.000	      0.031
  31.400	     -8.928	   2351.337	    2351.337	     15.422	      0.000	      0.035
  31.600	     -8.866	   2351.396	    2351.396	     15.939	      0.000	      0.038
  31.800	     -8.807	   2351.456	    2351.456	     15.705	      0.000	      0.037
  32.000	     -8.745	   2351.516	    2351.516	     16.058	      0.000	      0.038
  32.200	     -8.680	   2351.579	    2351.579	     16.685	      0.000	      0.042
  32.400	     -8.612	   2351.643	    2351.643	     17.322	      0.000	      0.045
  32.600	     -8.544	   2351.709	    2351.709	     17.716	      0.000	      0.047
  32.800	     -8.476	   2351.777	    2351.777	     17.867	      0.000	      0.048
  33.000	     -8.409	   2351.844	    2351.844	     17.773	      0.000	      0.047
  33.200	     -8.342	   2351.911	    2351.911	     17.718	      0.000	      0.047
  33.400	     -8.271	   2351.980	    2351.980	     18.136	      0.000	      0.049
  33.600	     -8.199	   2352.049	    2352.049	     18.730	      0.000	      0.052
  33.800	     -8.126	   2352.120	    2352.120	     18.938	      0.000	      0.054
  34.000	     -8.058	   2352.191	    2352.191	     18.489	      0.000	      0.051
  34.200	     -7.995	   2352.260	    2352.260	     17.493	      0.000	      0.046
  34.400	     -7.935	   2352.325	    2352.325	     16.382	      0.000	      0.040
  34.600	     -7.884	   2352.384	    2352.384	     14.663	      0.000	      0.032
  34.800	     -7.837	   2352.437	    2352.437	     13.346	      0.000	      0.027
  35.000	     -7.793	   2352.485	    2352.485	     12.132	      0.000	      0.022
  35.200	     -7.759	   2352.526	    2352.526	      9.856	      0.000	      0.015
  35.400	     -7.734	   2352.558	    2352.558	      6.937	      0.000	      0.007
  35.600	     -7.718	   2352.579	    2352.579	      4.015	      0.000	      0.002
  35.800	     -7.709	   2352.591	    2352.591	      2.039	      0.000	      0.001
  36.000	     -7.702	   2352.598	    2352.598	      1.737	      0.000	      0.000
  36.200	     -7.696	   2352.604	    2352.604	      2.051	      0.000	      0.001
  36.400	     -7.682	   2352.615	    2352.615	      4.184	      0.000	      0.003
  36.600	     -7.660	   2352.635	    2352.635	      6.177	      0.000	      0.006
  36.800	     -7.631	   2352.661	    2352.661	      7.440	      0.000	      0.008
  37.000	     -7.596	   2352.692	    2352.692	      8.875	      0.000	      0.012
  37.200	     -7.558	   2352.728	    2352.728	      9.875	      0.000	      0.015
  37.400	     -7.515	   2352.767	    2352.767	     10.851	      0.000	      0.017
  37.600	     -7.467	   2352.811	    2352.811	     12.294	      0.000	      0.022
  37.800	     -7.413	   2352.859	    2352.859	     13.562	      0.000	      0.027
  38.000	     -7.351	   2352.914	    2352.914	     15.153	      0.000	      0.034
  38.200	     -7.286	   2352.974	    2352.974	     16.438	      0.000	      0.040
  38.400	     -7.212	   2353.039	    2353.039	     18.018	      0.000	      0.048
  38.600	     -7.127	   2353.112	    2353.112	     20.301	      0.000	      0.061
  38.800	     -7.034	   2353.193	    2353.193	     22.269	      0.000	      0.074
  39.000	     -6.931	   2353.281	    2353.281	     24.356	      0.000	      0.088
  39.200	     -6.817	   2353.377	    2353.377	     26.686	      0.000	      0.106
  39.400	     -6.691	   2353.483	    2353.483	     29.039	      0.000	      0.125
  39.600	     -6.559	   2353.597	    2353.597	     31.080	      0.000	      0.144
  39.800	     -6.421	   2353.718	    2353.718	     32.876	      0.000	      0.161
  40.000	     -6.273	   2353.846	    2353.846	     34.803	      0.000	      0.181
  40.200	     -6.119	   2353.982	    2353.982	     36.626	      0.000	      0.200
  40.400	     -5.958	   2354.124	    2354.124	     38.313	      0.000	      0.218
  40.600	     -5.794	   2354.272	    2354.272	     39.616	      0.000	      0.234
  40.800	     -5.625	   2354.425	    2354.425	     40.999	      0.000	      0.250
  41.000	     -5.449	   2354.583	    2354.583	     42.461	      0.000	      0.268
  41.200	     -5.265	   2354.746	    2354.746	     44.011	      0.000	      0.289
  41.400	     -5.066	   2354.917	    2354.917	     46.134	      0.000	      0.317
  41.600	     -4.855	   2355.097	    2355.097	     48.348	      0.000	      0.348
  41.800	     -4.645	   2355.283	    2355.283	     49.997	      0.000	      0.372
  42.000	     -4.426	   2355.476	    2355.476	     51.710	      0.000	      0.398
  42.200	     -4.203	   2355.675	    2355.675	     53.192	      0.000	      0.422
  42.400	     -3.983	   2355.878	    2355.878	     54.250	      0.000	      0.438
  42.600	     -3.768	   2356.085	    2356.085	     54.740	      0.000	      0.447
  42.800	     -3.554	   2356.293	    2356.293	     55.056	      0.000	      0.453
  43.000	     -3.341	   2356.502	    2356.502	     55.324	      0.000	      0.457
  43.200	     -3.138	   2356.711	    2356.711	     54.965	      0.000	      0.451
  43.400	     -2.942	   2356.918	    2356.918	     54.282	      0.000	      0.440
  43.600	     -2.739	   2357.124	    2357.124	     54.145	      0.000	      0.437
  43.800	     -2.541	   2357.328	    2357.328	     53.730	      0.000	      0.431
  44.000	     -2.346	   2357.531	    2357.531	     53.267	      0.000	      0.423
  44.200	     -2.150	   2357.732	    2357.732	     52.941	      0.000	      0.418
  44.400	     -1.957	   2357.932	    2357.932	     52.497	      0.000	      0.411
  44.600	     -1.769	   2358.129	    2358.129	     51.834	      0.000	      0.401
  44.800	     -1.588	   2358.324	    2358.324	     50.996	      0.000	      0.388
  45.000	     -1.410	   2358.516	    2358.516	     50.089	      0.000	      0.374
  45.200	     -1.228	   2358.705	    2358.705	     49.519	      0.000	      0.367
  45.400	     -1.062	   2358.890	    2358.890	     48.250	      0.000	      0.348
  45.600	     -0.897	   2359.071	    2359.071	     47.159	      0.000	      0.332
  45.800	     -0.733	   2359.248	    2359.248	     46.269	      0.000	      0.319
  46.000	     -0.571	   2359.421	    2359.421	     45.405	      0.000	      0.308
  46.200	     -0.412	   2359.592	    2359.592	     44.505	      0.000	      0.296
  46.400	     -0.254	   2359.759	    2359.759	     43.851	      0.000	      0.287
  46.600	     -0.100	   2359.924	    2359.924	     42.962	      0.000	      0.275
  46.800	      0.040	   2360.084	    2360.084	     41.333	      0.000	      0.256
  47.000	      0.174	   2360.237	    2360.237	     39.775	      0.000	      0.236
  47.200	      0.307	   2360.385	    2360.385	     38.487	      0.000	      0.221
  47.400	      0.437	   2360.529	    2360.529	     37.318	      0.000	      0.208
  47.600	      0.563	   2360.668	    2360.668	     36.121	      0.000	      0.195
  47.800	      0.689	   2360.803	    2360.803	     35.294	      0.000	      0.186
  48.000	      0.814	   2360.936	    2360.936	     34.528	      0.000	      0.178
  48.200	      0.930	   2361.064	    2361.064	     33.270	      0.000	      0.166
  48.400	      1.022	   2361.185	    2361.185	     30.245	      0.000	      0.137
  48.600	      1.103	   2361.293	    2361.293	     27.000	      0.000	      0.109
  48.800	      1.179	   2361.390	    2361.390	     24.278	      0.000	      0.088
  49.000	      1.257	   2361.479	    2361.479	     22.884	      0.000	      0.078
  49.200	      1.355	   2361.568	    2361.568	     24.246	      0.000	      0.087
  49.400	      1.467	   2361.664	    2361.664	     26.396	      0.000	      0.104
  49.600	      1.579	   2361.766	    2361.766	     27.494	      0.000	      0.113
  49.800	      1.680	   2361.870	    2361.870	     27.088	      0.000	      0.110
  50.000	      1.766	   2361.970	    2361.970	     25.338	      0.000	      0.096
  50.200	      1.847	   2362.063	    2362.063	     23.666	      0.000	      0.084
  50.400	      1.928	   2362.150	    2362.150	     22.855	      0.000	      0.078
  50.600	      2.019	   2362.237	    2362.237	     23.420	      0.000	      0.082
  50.800	      2.129	   2362.330	    2362.330	     25.858	      0.000	      0.099
  51.000	      2.250	   2362.432	    2362.432	     28.181	      0.000	      0.118
  51.200	      2.376	   2362.543	    2362.543	     29.894	      0.000	      0.133
  51.400	      2.496	   2362.658	    2362.658	     30.443	      0.000	      0.138
  51.600	      2.604	   2362.772	    2362.772	     29.704	      0.000	      0.132
  51.800	      2.703	   2362.882	    2362.882	     28.400	      0.000	      0.121
  52.000	      2.797	   2362.987	    2362.987	     27.138	      0.000	      0.110
  52.200	      2.893	   2363.088	    2363.088	     26.432	      0.000	      0.104
  52.400	      2.991	   2363.188	    2363.188	     26.215	      0.000	      0.103
  52.600	      3.087	   2363.287	    2363.287	     25.866	      0.000	      0.100
  52.800	      3.183	   2363.385	    2363.385	     25.660	      0.000	      0.098
  53.000	      3.284	   2363.483	    2363.483	     26.048	      0.000	      0.101
  53.200	      3.383	   2363.582	    2363.582	     26.104	      0.000	      0.102
  53.400	      3.480	   2363.680	    2363.680	     25.899	      0.000	      0.100
  53.600	      3.578	   2363.778	    2363.778	     25.918	      0.000	      0.100
  53.800	      3.674	   2363.876	    2363.876	     25.591	      0.000	      0.098
  54.000	      3.767	   2363.972	    2363.972	     25.255	      0.000	      0.095
  54.200	      3.861	   2364.067	    2364.067	     25.045	      0.000	      0.094
  54.400	      3.956	   2364.162	    2364.162	     25.059	      0.000	      0.094
  54.600	      4.053	   2364.257	    2364.257	     25.294	      0.000	      0.095
  54.800	      4.149	   2364.353	    2364.353	     25.341	      0.000	      0.096
  55.000	      4.245	   2364.450	    2364.450	     25.358	      0.000	      0.096
  55.200	      4.343	   2364.546	    2364.546	     25.531	      0.000	      0.097
  55.400	      4.436	   2364.642	    2364.642	     25.128	      0.000	      0.094
  55.600	      4.527	   2364.736	    2364.736	     24.719	      0.000	      0.091
  55.800	      4.620	   2364.830	    2364.830	     24.666	      0.000	      0.091
  56.000	      4.714	   2364.923	    2364.923	     24.650	      0.000	      0.091
  56.200	      4.808	   2365.017	    2365.017	     24.754	      0.000	      0.091
  56.400	      4.905	   2365.111	    2365.111	     24.988	      0.000	      0.093
  56.600	      5.000	   2365.206	    2365.206	     25.116	      0.000	      0.094
  56.800	      5.095	   2365.301	    2365.301	     25.082	      0.000	      0.094
  57.000	      5.186	   2365.396	    2365.396	     24.563	      0.000	      0.090
  57.200	      5.276	   2365.488	    2365.488	     24.253	      0.000	      0.088
  57.400	      5.367	   2365.580	    2365.580	     24.229	      0.000	      0.088
  57.600	      5.457	   2365.671	    2365.671	     24.026	      0.000	      0.086
  57.800	      5.549	   2365.762	    2365.762	     24.096	      0.000	      0.087
  58.000	      5.643	   2365.854	    2365.854	     24.384	      0.000	      0.089
  58.200	      5.734	   2365.946	    2365.946	     24.219	      0.000	      0.088
  58.400	      5.823	   2366.037	    2366.037	     23.981	      0.000	      0.086
  58.600	      5.910	   2366.128	    2366.128	     23.530	      0.000	      0.083
  58.800	      5.996	   2366.216	    2366.216	     23.181	      0.000	      0.080
  59.000	      6.081	   2366.303	    2366.303	     22.874	      0.000	      0.078
  59.200	      6.164	   2366.389	    2366.389	     22.445	      0.000	      0.075
  59.400	      6.249	   2366.474	    2366.474	     22.478	      0.000	      0.075
  59.600	      6.336	   2366.560	    2366.560	     22.561	      0.000	      0.076
  59.800	      6.417	   2366.644	    2366.644	     22.101	      0.000	      0.073
  60.000	      6.499	   2366.728	    2366.728	     21.852	      0.000	      0.071
  60.200	      6.578	   2366.810	    2366.810	     21.348	      0.000	      0.068
  60.400	      6.653	   2366.889	    2366.889	     20.622	      0.000	      0.063
  60.600	      6.726	   2366.966	    2366.966	     20.033	      0.000	      0.060
  60.800	      6.798	   2367.041	    2367.041	     19.545	      0.000	      0.057
  61.000	      6.871	   2367.115	    2367.115	     19.426	      0.000	      0.056
  61.200	      6.943	   2367.188	    2367.188	     19.170	      0.000	      0.055
  61.400	      7.011	   2367.259	    2367.259	     18.549	      0.000	      0.051
  61.600	      7.078	   2367.329	    2367.329	     18.202	      0.000	      0.049
  61.800	      7.141	   2367.396	    2367.396	     17.293	      0.000	      0.045
  62.000	      7.199	   2367.460	    2367.460	     16.230	      0.000	      0.039
  62.200	      7.256	   2367.520	    2367.520	     15.583	      0.000	      0.036
  62.400	      7.311	   2367.578	    2367.578	     14.957	      0.000	      0.033
  62.600	      7.364	   2367.633	    2367.633	     14.453	      0.000	      0.031
  62.800	      7.416	   2367.687	    2367.687	     13.898	      0.000	      0.029
  63.000	      7.464	   2367.738	    2367.738	     13.178	      0.000	      0.026
  63.200	      7.511	   2367.787	    2367.787	     12.549	      0.000	      0.024
  63.400	      7.552	   2367.833	    2367.833	     11.325	      0.000	      0.019
  63.600	      7.589	   2367.874	    2367.874	     10.213	      0.000	      0.016
  63.800	      7.624	   2367.911	    2367.911	      9.468	      0.000	      0.013
  64.000	      7.656	   2367.945	    2367.945	      8.464	      0.000	      0.011
  64.200	      7.684	   2367.975	    2367.975	      7.668	      0.000	      0.009
  64.400	      7.711	   2368.003	    2368.003	      7.079	      0.000	      0.008
  64.600	      7.735	   2368.029	    2368.029	      6.252	      0.000	      0.006
  64.800	      7.755	   2368.051	    2368.051	      5.308	      0.000	      0.004
  65.000	      7.771	   2368.068	    2368.068	      3.999	      0.000	      0.002
  65.200	      7.782	   2368.081	    2368.081	      2.829	      0.000	      0.001
  65.400	      7.790	   2368.089	    2368.089	      1.753	      0.000	      0.000
  65.600	      7.794	   2368.094	    2368.094	      0.516	      0.000	      0.000
  65.800	      7.794	   2368.094	    2368.094	     -0.262	      0.000	     -0.000
  66.000	      7.792	   2368.092	    2368.092	     -0.869	      0.000	     -0.000
  66.200	      7.786	   2368.087	    2368.087	     -1.944	      0.000	     -0.001
  66.400	      7.776	   2368.077	    2368.077	     -3.067	      0.000	     -0.001
  66.600	      7.761	   2368.063	    2368.063	     -4.319	      0.000	     -0.003
  66.800	      7.740	   2368.045	    2368.045	     -5.631	      0.000	     -0.005
  67.000	      7.714	   2368.021	    2368.021	     -6.876	      0.000	     -0.007
  67.200	      7.684	   2367.993	    2367.993	     -7.975	      0.000	     -0.009
  67.400	      7.650	   2367.961	    2367.961	     -8.704	      0.000	     -0.011
  67.600	      7.613	   2367.927	    2367.927	     -9.477	      0.000	     -0.013
  67.800	      7.572	   2367.889	    2367.889	    -10.642	      0.000	     -0.017
  68.000	      7.526	   2367.846	    2367.846	    -11.621	      0.000	     -0.020
  68.200	      7.476	   2367.801	    2367.801	    -12.761	      0.000	     -0.024
  68.400	      7.420	   2367.749	    2367.749	    -14.176	      0.000	     -0.030
  68.600	      7.358	   2367.693	    2367.693	    -15.307	      0.000	     -0.035
  68.800	      7.294	   2367.633	    2367.633	    -16.215	      0.000	     -0.039
  69.000	      7.227	   2367.570	    2367.570	    -17.067	      0.000	     -0.043
  69.200	      7.157	   2367.504	    2367.504	    -17.829	      0.000	     -0.047
  69.400	      7.083	   2367.435	    2367.435	    -18.729	      0.000	     -0.052
  69.600	      7.006	   2367.363	    2367.363	    -19.505	      0.000	     -0.057
  69.800	      6.923	   2367.287	    2367.287	    -20.632	      0.000	     -0.063
  70.000	      6.834	   2367.206	    2367.206	    -21.987	      0.000	     -0.072
  70.200	      6.743	   2367.121	    2367.121	    -22.841	      0.000	     -0.078
  70.400	      6.650	   2367.033	    2367.033	    -23.630	      0.000	     -0.083
  70.600	      6.553	   2366.942	    2366.942	    -24.427	      0.000	     -0.089
  70.800	      6.457	   2366.849	    2366.849	    -24.806	      0.000	     -0.092
  71.000	      6.357	   2366.753	    2366.753	    -25.410	      0.000	     -0.096
  71.200	      6.254	   2366.656	    2366.656	    -26.136	      0.000	     -0.102
  71.400	      6.146	   2366.555	    2366.555	    -27.112	      0.000	     -0.109
  71.600	      6.032	   2366.450	    2366.450	    -28.116	      0.000	     -0.118
  71.800	      5.920	   2366.343	    2366.343	    -28.662	      0.000	     -0.122
  72.000	      5.805	   2366.233	    2366.233	    -29.329	      0.000	     -0.128
  72.200	      5.688	   2366.120	    2366.120	    -29.827	      0.000	     -0.133
  72.400	      5.575	   2366.007	    2366.007	    -29.833	      0.000	     -0.133
  72.600	      5.456	   2365.893	    2365.893	    -30.360	      0.000	     -0.137
  72.800	      5.335	   2365.777	    2365.777	    -30.913	      0.000	     -0.142
  73.000	      5.212	   2365.659	    2365.659	    -31.465	      0.000	     -0.147
  73.200	      5.085	   2365.539	    2365.539	    -32.129	      0.000	     -0.154
  73.400	      4.958	   2365.416	    2365.416	    -32.545	      0.000	     -0.158
  73.600	      4.829	   2365.292	    2365.292	    -33.009	      0.000	     -0.162
  73.800	      4.703	   2365.166	    2365.166	    -33.130	      0.000	     -0.164
  74.000	      4.580	   2365.042	    2365.042	    -32.927	      0.000	     -0.162
  74.200	      4.451	   2364.916	    2364.916	    -33.293	      0.000	     -0.165
  74.400	      4.323	   2364.790	    2364.790	    -33.414	      0.000	     -0.167
  74.600	      4.195	   2364.663	    2364.663	    -33.609	      0.000	     -0.168
  74.800	      4.060	   2364.534	    2364.534	    -34.176	      0.000	     -0.174
  75.000	      3.928	   2364.404	    2364.404	    -34.409	      0.000	     -0.177
  75.200	      3.796	   2364.274	    2364.274	    -34.500	      0.000	     -0.178
  75.400	      3.668	   2364.143	    2364.143	    -34.323	      0.000	     -0.176
  75.600	      3.542	   2364.014	    2364.014	    -34.004	      0.000	     -0.173
  75.800	      3.412	   2363.885	    2363.885	    -34.076	      0.000	     -0.173
  76.000	      3.285	   2363.756	    2363.756	    -33.876	      0.000	     -0.171
  76.200	      3.155	   2363.627	    2363.627	    -34.020	      0.000	     -0.173
  76.400	      3.021	   2363.498	    2363.498	    -34.463	      0.000	     -0.177
  76.600	      2.891	   2363.367	    2363.367	    -34.355	      0.000	     -0.176
  76.800	      2.763	   2363.238	    2363.238	    -34.180	      0.000	     -0.174
  77.000	      2.636	   2363.108	    2363.108	    -33.962	      0.000	     -0.172
  77.200	      2.512	   2362.980	    2362.980	    -33.534	      0.000	     -0.168
  77.400	      2.388	   2362.854	    2362.854	    -33.333	      0.000	     -0.166
  77.600	      2.265	   2362.728	    2362.728	    -33.044	      0.000	     -0.163
  77.800	      2.139	   2362.603	    2362.603	    -33.132	      0.000	     -0.164
  78.000	      2.012	   2362.477	    2362.477	    -33.286	      0.000	     -0.165
  78.200	      1.889	   2362.352	    2362.352	    -32.976	      0.000	     -0.162
  78.400	      1.766	   2362.227	    2362.227	    -32.849	      0.000	     -0.161
  78.600	      1.644	   2362.103	    2362.103	    -32.609	      0.000	     -0.159
  78.800	      1.528	   2361.980	    2361.980	    -31.969	      0.000	     -0.153
  79.000	      1.411	   2361.860	    2361.860	    -31.637	      0.000	     -0.149
  79.200	      1.293	   2361.741	    2361.741	    -31.403	      0.000	     -0.147
  79.400	      1.175	   2361.622	    2361.622	    -31.361	      0.000	     -0.147
  79.600	      1.056	   2361.502	    2361.502	    -31.383	      0.000	     -0.147
  79.800	      0.938	   2361.384	    2361.384	    -31.219	      0.000	     -0.145
  80.000	      0.821	   2361.266	    2361.266	    -31.144	      0.000	     -0.145
  80.200	      0.707	   2361.148	    2361.148	    -30.769	      0.000	     -0.141
  80.400	      0.598	   2361.033	    2361.033	    -30.060	      0.000	     -0.135
  80.600	      0.487	   2360.920	    2360.920	    -29.862	      0.000	     -0.133
  80.800	      0.375	   2360.807	    2360.807	    -29.709	      0.000	     -0.132
  81.000	      0.264	   2360.694	    2360.694	    -29.579	      0.000	     -0.130
  81.200	      0.151	   2360.582	    2360.582	    -29.701	      0.000	     -0.132
  81.400	      0.039	   2360.470	    2360.470	    -29.672	      0.000	     -0.131
  81.600	     -0.072	   2360.358	    2360.358	    -29.488	      0.000	     -0.130
  81.800	     -0.180	   2360.247	    2360.247	    -29.101	      0.000	     -0.126
  82.000	     -0.285	   2360.137	    2360.137	    -28.603	      0.000	     -0.122
  82.200	     -0.392	   2360.029	    2360.029	    -28.536	      0.000	     -0.121
  82.400	     -0.498	   2359.921	    2359.921	    -28.339	      0.000	     -0.120
  82.600	     -0.604	   2359.815	    2359.815	    -28.223	      0.000	     -0.119
  82.800	     -0.714	   2359.707	    2359.707	    -28.536	      0.000	     -0.121
  83.000	     -0.823	   2359.599	    2359.599	    -28.527	      0.000	     -0.121
  83.200	     -0.929	   2359.491	    2359.491	    -28.335	      0.000	     -0.120
  83.400	     -1.035	   2359.384	    2359.384	    -28.217	      0.000	     -0.119
  83.600	     -1.139	   2359.277	    2359.277	    -27.873	      0.000	     -0.116
  83.800	     -1.243	   2359.172	    2359.172	    -27.757	      0.000	     -0.115
  84.000	     -1.346	   2359.067	    2359.067	    -27.587	      0.000	     -0.114
  84.200	     -1.451	   2358.963	    2358.963	    -27.669	      0.000	     -0.114
  84.400	     -1.561	   2358.857	    2358.857	    -28.116	      0.000	     -0.118
  84.600	     -1.667	   2358.750	    2358.750	    -28.094	      0.000	     -0.118
  84.800	     -1.773	   2358.644	    2358.644	    -28.047	      0.000	     -0.117
  85.000	     -1.880	   2358.538	    2358.538	    -28.100	      0.000	     -0.118
  85.200	     -1.982	   2358.432	    2358.432	    -27.678	      0.000	     -0.114
  85.400	     -2.086	   2358.328	    2358.328	    -27.555	      0.000	     -0.113
  85.600	     -2.190	   2358.223	    2358.223	    -27.589	      0.000	     -0.114
  85.800	     -2.297	   2358.118	    2358.118	    -27.782	      0.000	     -0.115
  86.000	     -2.406	   2358.012	    2358.012	    -28.165	      0.000	     -0.118
  86.200	     -2.513	   2357.906	    2357.906	    -28.146	      0.000	     -0.118
  86.400	     -2.620	   2357.799	    2357.799	    -28.245	      0.000	     -0.119
  86.600	     -2.728	   2357.691	    2357.691	    -28.275	      0.000	     -0.119
  86.800	     -2.830	   2357.585	    2357.585	    -27.795	      0.000	     -0.115
  87.000	     -2.936	   2357.480	    2357.480	    -27.849	      0.000	     -0.116
  87.200	     -3.043	   2357.374	    2357.374	    -27.959	      0.000	     -0.117
  87.400	     -3.149	   2357.268	    2357.268	    -28.020	      0.000	     -0.117
  87.600	     -3.258	   2357.161	    2357.161	    -28.335	      0.000	     -0.120
  87.800	     -3.367	   2357.054	    2357.054	    -28.423	      0.000	     -0.120
  88.000	     -3.476	   2356.946	    2356.946	    -28.546	      0.000	     -0.122
  88.200	     -3.583	   2356.838	    2356.838	    -28.455	      0.000	     -0.121
  88.400	     -3.686	   2356.731	    2356.731	    -28.004	      0.000	     -0.117
  88.600	     -3.793	   2356.625	    2356.625	    -28.084	      0.000	     -0.118
  88.800	     -3.898	   2356.518	    2356.518	    -27.991	      0.000	     -0.117
  89.000	     -4.003	   2356.413	    2356.413	    -27.911	      0.000	     -0.116
  89.200	     -4.113	   2356.306	    2356.306	    -28.278	      0.000	     -0.119
  89.400	     -4.221	   2356.199	    2356.199	    -28.341	      0.000	     -0.120
  89.600	     -4.328	   2356.092	    2356.092	    -28.260	      0.000	     -0.119
  89.800	     -4.432	   2355.985	    2355.985	    -28.030	      0.000	     -0.117
  90.000	     -4.534	   2355.880	    2355.880	    -27.573	      0.000	     -0.113
  90.200	     -4.637	   2355.775	    2355.775	    -27.465	      0.000	     -0.113
  90.400	     -4.738	   2355.672	    2355.672	    -27.162	      0.000	     -0.110
  90.600	     -4.841	   2355.569	    2355.569	    -27.095	      0.000	     -0.109
  90.800	     -4.946	   2355.466	    2355.466	    -27.376	      0.000	     -0.112
  91.000	     -5.048	   2355.362	    2355.362	    -27.162	      0.000	     -0.110
  91.200	     -5.148	   2355.260	    2355.260	    -26.862	      0.000	     -0.108
  91.400	     -5.247	   2355.159	    2355.159	    -26.584	      0.000	     -0.106
  91.600	     -5.342	   2355.059	    2355.059	    -26.001	      0.000	     -0.101
  91.800	     -5.437	   2354.961	    2354.961	    -25.617	      0.000	     -0.098
  92.000	     -5.530	   2354.865	    2354.865	    -25.193	      0.000	     -0.095
  92.200	     -5.623	   2354.770	    2354.770	    -25.000	      0.000	     -0.093
  92.400	     -5.717	   2354.676	    2354.676	    -24.938	      0.000	     -0.093
  92.600	     -5.807	   2354.582	    2354.582	    -24.460	      0.000	     -0.089
  92.800	     -5.897	   2354.490	    2354.490	    -24.084	      0.000	     -0.087
  93.000	     -5.984	   2354.399	    2354.399	    -23.656	      0.000	     -0.084
  93.200	     -6.066	   2354.311	    2354.311	    -22.758	      0.000	     -0.077
  93.400	     -6.146	   2354.227	    2354.227	    -22.120	      0.000	     -0.073
  93.600	     -6.226	   2354.144	    2354.144	    -21.579	      0.000	     -0.070
  93.800	     -6.304	   2354.063	    2354.063	    -21.102	      0.000	     -0.066
  94.000	     -6.381	   2353.983	    2353.983	    -20.745	      0.000	     -0.064
  94.200	     -6.455	   2353.906	    2353.906	    -20.207	      0.000	     -0.061
  94.400	     -6.528	   2353.830	    2353.830	    -19.676	      0.000	     -0.058
  94.600	     -6.597	   2353.757	    2353.757	    -18.921	      0.000	     -0.054
  94.800	     -6.660	   2353.687	    2353.687	    -17.766	      0.000	     -0.047
  95.000	     -6.722	   2353.622	    2353.622	    -17.027	      0.000	     -0.043
  95.200	     -6.782	   2353.558	    2353.558	    -16.325	      0.000	     -0.040
  95.400	     -6.838	   2353.498	    2353.498	    -15.557	      0.000	     -0.036
  95.600	     -6.894	   2353.440	    2353.440	    -15.070	      0.000	     -0.034
  95.800	     -6.947	   2353.384	    2353.384	    -14.418	      0.000	     -0.031
  96.000	     -6.996	   2353.331	    2353.331	    -13.564	      0.000	     -0.028
  96.200	     -7.042	   2353.282	    2353.282	    -12.574	      0.000	     -0.024
  96.400	     -7.083	   2353.236	    2353.236	    -11.384	      0.000	     -0.019
  96.600	     -7.122	   2353.195	    2353.195	    -10.526	      0.000	     -0.017
  96.800	     -7.157	   2353.157	    2353.157	     -9.569	      0.000	     -0.014
  97.000	     -7.189	   2353.122	    2353.122	     -8.617	      0.000	     -0.011
  97.200	     -7.219	   2353.091	    2353.091	     -8.080	      0.000	     -0.010
  97.400	     -7.246	   2353.062	    2353.062	     -7.242	      0.000	     -0.008
  97.600	     -7.270	   2353.036	    2353.036	     -6.191	      0.000	     -0.006
  97.800	     -7.290	   2353.014	    2353.014	     -5.242	      0.000	     -0.004
  98.000	     -7.306	   2352.997	    2352.997	     -4.009	      0.000	     -0.002
  98.200	     -7.318	   2352.984	    2352.984	     -2.938	      0.000	     -0.001
  98.400	     -7.326	   2352.975	    2352.975	     -1.855	      0.000	     -0.001
  98.600	     -7.331	   2352.969	    2352.969	     -0.937	      0.000	     -0.000
  98.800	     -7.333	   2352.967	    2352.967	     -0.376	      0.000	     -0.000
  99.000	     -7.333	   2352.967	    2352.967	      0.587	      0.000	      0.000
  99.200	     -7.328	   2352.971	    2352.971	      1.613	      0.000	      0.000
  99.400	     -7.320	   2352.979	    2352.979	      2.516	      0.000	      0.001
  99.600	     -7.306	   2352.991	    2352.991	      3.896	      0.000	      0.002
  99.800	     -7.288	   2353.008	    2353.008	      5.039	      0.000	      0.004
 100.000	     -7.265	   2353.029	    2353.029	      5.981	      0.000	      0.005
