    时间	    开度值	      蜗壳压力	      尾水管压力	    流量	      转速	      出力	  单位转速	  单位流量	  单位力矩	球阀前压力	球阀后压力	蜗壳进口压力	尾水管出口压力
   0.000	   0.732	       513.722	        52.228	    74.634	   428.600	   306.160	    84.775	     0.199	    20.815	452.023297	451.516968	513.721800	2324.567598
   0.200	   0.732	       521.492	        52.821	    74.641	   428.600	   306.228	    84.770	     0.199	    20.818	451.748367	451.748367	521.392675	2325.227587
   0.400	   0.732	       522.268	        53.092	    74.698	   428.600	   306.812	    84.725	     0.199	    20.835	453.065307	453.065307	522.466850	2325.855926
   0.600	   0.732	       524.252	        54.258	    74.791	   428.601	   307.761	    84.653	     0.199	    20.864	455.046720	455.046720	524.437611	2326.587298
   0.800	   0.732	       525.871	        54.745	    74.919	   428.601	   309.072	    84.553	     0.199	    20.903	456.681104	456.681104	526.075941	2327.380210
   1.000	   0.732	       528.396	        55.559	    75.112	   428.601	   311.055	    84.402	     0.200	    20.962	458.673010	458.673010	528.116910	2327.981094
   1.200	   0.732	       529.513	        55.323	    75.264	   428.601	   312.624	    84.284	     0.200	    21.009	460.597448	460.597448	529.974022	2327.814923
   1.400	   0.732	       532.291	        55.185	    75.592	   428.601	   316.009	    84.030	     0.200	    21.109	463.472332	463.472332	532.560305	2327.799371
   1.600	   0.732	       534.257	        54.925	    75.842	   428.601	   318.596	    83.838	     0.200	    21.184	465.487508	465.487508	534.763984	2327.239182
   1.800	   0.732	       536.700	        54.298	    76.185	   428.601	   322.168	    83.575	     0.201	    21.288	468.692024	468.692024	537.934071	2327.889660
   2.000	   0.732	       538.623	        54.783	    76.345	   428.602	   323.846	    83.453	     0.201	    21.336	469.469216	469.469216	538.769821	2327.856726
   2.200	   0.732	       539.740	        54.169	    76.539	   428.602	   325.877	    83.306	     0.201	    21.395	470.890727	470.890727	540.128120	2327.266538
   2.400	   0.732	       541.926	        54.303	    76.767	   428.602	   328.286	    83.134	     0.201	    21.464	472.935262	472.935262	542.310310	2327.559242
   2.600	   0.732	       542.238	        52.100	    77.047	   428.602	   331.240	    82.924	     0.201	    21.547	472.293701	472.293701	542.739938	2327.075355
   2.800	   0.732	       545.730	        53.652	    77.262	   428.602	   333.522	    82.763	     0.201	    21.612	477.102953	477.102953	546.514077	2327.092510
   3.000	   0.732	       548.095	        54.096	    77.475	   428.602	   335.783	    82.605	     0.202	    21.675	479.086293	479.086293	548.717146	2327.818736
   3.200	   0.732	       551.188	        54.346	    77.789	   428.602	   339.132	    82.372	     0.202	    21.768	482.494971	482.494971	551.839753	2327.838212
   3.400	   0.732	       553.972	        54.787	    78.047	   428.603	   341.895	    82.182	     0.202	    21.844	483.843561	483.843561	551.880870	2328.856459
   3.600	   0.732	       558.721	        55.604	    78.478	   428.603	   346.538	    81.865	     0.202	    21.970	489.084342	489.084342	558.614992	2328.989259
   3.800	   0.732	       560.484	        54.653	    78.775	   428.603	   349.747	    81.649	     0.203	    22.057	492.039004	492.039004	561.176724	2328.863726
   4.000	   0.732	       564.119	        54.782	    79.158	   428.603	   353.897	    81.372	     0.203	    22.167	495.424246	495.424246	564.555902	2329.081247
   4.200	   0.732	       567.429	        54.722	    79.524	   428.603	   357.892	    81.108	     0.203	    22.273	498.967678	498.967678	567.902027	2328.913383
   4.400	   0.732	       569.703	        53.648	    79.892	   428.603	   361.942	    80.849	     0.203	    22.381	501.691693	501.691693	570.394070	2328.439117
   4.600	   0.732	       571.881	        53.479	    80.150	   428.604	   364.788	    80.669	     0.204	    22.457	502.959835	502.959835	572.107879	2328.328039
   4.800	   0.732	       572.970	        52.428	    80.384	   428.604	   367.386	    80.506	     0.204	    22.525	503.965575	503.965575	573.093767	2327.484635
   5.000	   0.732	       573.413	        51.655	    80.517	   428.604	   368.861	    80.414	     0.204	    22.564	504.363573	504.363573	573.030719	2326.531850
   5.200	   0.732	       572.752	        50.017	    80.624	   428.604	   370.048	    80.340	     0.204	    22.595	504.091901	504.091901	573.472861	2326.190060
   5.400	   0.732	       573.251	        50.037	    80.676	   428.604	   370.630	    80.304	     0.204	    22.610	503.948007	503.948007	573.569636	2325.512815
   5.600	   0.732	       572.650	        49.860	    80.630	   428.604	   370.115	    80.336	     0.204	    22.597	503.164180	503.164180	572.671925	2325.248249
   5.800	   0.732	       573.377	        50.421	    80.648	   428.605	   370.317	    80.324	     0.204	    22.602	503.194103	503.194103	572.976585	2325.639545
   6.000	   0.732	       572.017	        50.009	    80.544	   428.605	   369.165	    80.395	     0.204	    22.572	502.868195	502.868195	572.651013	2325.551495
   6.200	   0.732	       573.391	        50.782	    80.610	   428.605	   369.894	    80.350	     0.204	    22.591	503.502745	503.502745	573.281041	2325.908010
   6.400	   0.732	       573.886	        51.191	    80.619	   428.605	   369.999	    80.343	     0.204	    22.594	504.464981	504.464981	574.023067	2326.582300
   6.600	   0.732	       574.516	        51.001	    80.709	   428.605	   370.995	    80.282	     0.204	    22.620	505.564645	505.564645	574.820234	2326.436331
   6.800	   0.732	       576.928	        52.322	    80.828	   428.606	   372.322	    80.200	     0.204	    22.654	507.961707	507.961707	577.049817	2327.539835
   7.000	   0.732	       580.016	        53.094	    81.080	   428.606	   375.139	    80.026	     0.204	    22.727	509.870584	509.870584	579.265283	2327.913537
   7.200	   0.732	       585.296	        51.639	    81.016	   438.848	   379.498	    81.396	     0.203	    22.158	515.243408	515.243408	584.676781	2327.158761
   7.400	   0.728	       591.138	        50.094	    80.742	   448.969	   383.508	    82.669	     0.201	    21.571	520.384349	520.384349	590.194750	2325.736528
   7.600	   0.724	       594.225	        47.324	    80.293	   458.937	   385.122	    84.014	     0.198	    20.946	522.967168	522.967168	593.001269	2322.337137
   7.800	   0.720	       596.257	        43.612	    79.829	   468.737	   386.064	    85.325	     0.196	    20.327	526.911202	526.911202	595.938838	2319.098563
   8.000	   0.716	       600.782	        43.056	    79.314	   478.346	   385.735	    86.640	     0.194	    19.704	530.449921	530.449921	600.055669	2318.146776
   8.200	   0.712	       603.560	        43.008	    78.617	   487.725	   382.981	    88.079	     0.192	    19.075	532.501026	532.501026	602.293997	2317.832087
   8.400	   0.708	       606.777	        45.428	    77.817	   496.830	   378.689	    89.624	     0.189	    18.474	535.003718	535.003718	604.996742	2319.447434
   8.600	   0.704	       606.838	        46.764	    76.887	   505.660	   372.552	    91.286	     0.187	    17.884	535.210062	535.210062	605.781571	2320.940161
   8.800	   0.700	       605.935	        46.642	    76.024	   514.206	   367.164	    92.860	     0.185	    17.344	534.841196	534.841196	604.904072	2320.604914
   9.000	   0.696	       605.925	        46.752	    75.097	   522.470	   360.225	    94.324	     0.183	    16.737	534.778325	534.778325	604.868957	2319.969853
   9.200	   0.692	       604.966	        45.047	    74.174	   530.456	   352.712	    95.661	     0.181	    16.106	532.078349	532.078349	602.296107	2317.726298
   9.400	   0.688	       605.643	        43.650	    73.155	   538.123	   343.303	    96.816	     0.178	    15.381	534.503335	534.503335	604.817016	2316.359120
   9.600	   0.684	       608.366	        42.774	    71.910	   545.455	   330.578	    97.762	     0.174	    14.501	534.589411	534.589411	605.545903	2314.818549
   9.800	   0.680	       609.592	        40.109	    70.139	   552.344	   310.618	    98.576	     0.169	    13.341	535.485652	535.485652	606.310984	2312.041332
  10.000	   0.677	       613.414	        38.160	    68.024	   558.681	   286.303	    99.109	     0.163	    12.012	537.954877	537.954877	609.554250	2308.996531
  10.200	   0.673	       615.333	        34.537	    65.620	   564.394	   258.890	    99.542	     0.156	    10.628	539.949829	539.949829	611.516862	2304.787374
  10.400	   0.669	       616.607	        32.564	    63.177	   569.491	   232.064	   100.066	     0.150	     9.371	541.103034	541.103034	611.894196	2301.486339
  10.600	   0.665	       617.937	        33.147	    60.677	   574.003	   206.102	   100.707	     0.144	     8.232	542.139446	542.139446	613.579139	2301.249995
  10.800	   0.661	       618.589	        34.677	    58.024	   577.958	   180.124	   101.390	     0.137	     7.144	542.353626	542.353626	613.833639	2301.575760
  11.000	   0.657	       620.683	        38.217	    55.199	   581.354	   154.221	   102.024	     0.131	     6.085	544.288063	544.288063	616.329098	2304.270285
  11.200	   0.653	       620.276	        39.243	    52.129	   584.207	   127.905	   102.559	     0.124	     5.026	544.519455	544.519455	615.974357	2304.636022
  11.400	   0.649	       618.079	        37.766	    49.068	   586.537	   103.559	   102.944	     0.116	     4.051	542.216719	542.216719	614.073446	2302.752279
  11.600	   0.645	       616.292	        36.466	    45.917	   588.373	    80.284	   103.224	     0.109	     3.128	538.696527	538.696527	611.028471	2299.414142
  11.800	   0.641	       612.020	        32.628	    42.691	   589.752	    57.892	   103.423	     0.101	     2.249	533.855938	533.855938	606.182755	2295.205619
  12.000	   0.637	       610.493	        31.476	    39.305	   590.680	    35.851	   103.540	     0.093	     1.389	532.922721	532.922721	605.674167	2293.353791
  12.200	   0.633	       609.167	        29.983	    35.512	   591.174	    12.757	   103.530	     0.084	     0.493	530.358882	530.358882	603.461191	2292.003204
  12.400	   0.629	       609.312	        28.376	    31.018	   591.194	   -12.408	   103.291	     0.073	    -0.477	529.154279	529.154279	602.369431	2289.270944
  12.600	   0.626	       609.633	        24.667	    25.872	   590.725	   -37.371	   102.769	     0.061	    -1.426	527.341910	527.341910	601.390300	2285.438587
  12.800	   0.622	       609.451	        17.879	    20.384	   589.759	   -62.821	   101.954	     0.048	    -2.371	526.902958	526.902958	601.200418	2278.317344
  13.000	   0.618	       610.968	        12.555	    14.782	   588.144	  -100.193	   101.038	     0.034	    -3.745	526.904474	526.904474	601.811916	2271.656640
  13.200	   0.614	       614.772	         9.207	     9.023	   585.847	  -131.224	   100.011	     0.021	    -4.862	530.682793	530.682793	605.023837	2268.190887
  13.400	   0.610	       620.753	         9.035	     3.057	   582.912	  -165.791	    98.989	     0.007	    -6.109	536.564184	536.564184	610.597353	2268.772430
  13.600	   0.606	       629.664	        12.229	    -3.191	   579.145	  -206.963	    97.893	    -0.007	    -7.605	545.001116	545.001116	620.384445	2271.790574
  13.800	   0.602	       631.633	        16.693	    -9.287	   574.376	  -260.542	    97.303	    -0.021	    -9.696	548.273751	548.273751	622.441270	2275.367743
  14.000	   0.598	       620.434	        25.281	   -13.819	   568.453	  -311.189	    97.915	    -0.032	   -12.098	541.661896	541.661896	614.185800	2282.968404
  14.200	   0.594	       605.928	        37.750	   -16.486	   561.606	  -340.690	    99.031	    -0.039	   -14.049	530.739857	530.739857	602.577331	2295.065360
  14.400	   0.590	       597.954	        54.313	   -18.005	   554.238	  -355.153	    99.931	    -0.044	   -15.516	524.862281	524.862281	595.601740	2310.888791
  14.600	   0.586	       592.810	        70.887	   -19.025	   546.536	  -362.329	   100.588	    -0.047	   -16.726	521.097893	521.097893	591.392065	2327.086339
  14.800	   0.582	       581.898	        79.052	   -19.456	   538.720	  -356.122	   101.022	    -0.049	   -17.314	512.182158	512.182158	582.377743	2335.631935
  15.000	   0.578	       569.418	        79.938	   -19.147	   531.028	  -340.776	   100.929	    -0.049	   -17.267	501.164869	501.164869	570.381022	2335.172648
  15.200	   0.575	       553.870	        73.286	   -18.296	   523.651	  -319.589	   100.436	    -0.047	   -16.722	485.919202	485.919202	555.322372	2328.128068
  15.400	   0.571	       540.780	        66.570	   -16.975	   516.749	  -289.643	    99.762	    -0.044	   -15.560	473.629766	473.629766	542.912915	2321.198288
  15.600	   0.567	       533.896	        64.601	   -15.615	   510.425	  -263.018	    99.042	    -0.041	   -14.450	466.232521	466.232521	535.522472	2319.552144
  15.800	   0.563	       530.418	        67.111	   -14.580	   504.560	  -243.526	    98.525	    -0.038	   -13.707	462.453411	462.453411	532.094530	2322.290395
  16.000	   0.559	       528.272	        72.652	   -13.991	   499.008	  -230.683	    98.255	    -0.037	   -13.349	459.842250	459.842250	529.257093	2327.584994
  16.200	   0.555	       523.144	        75.275	   -13.503	   493.672	  -219.535	    98.038	    -0.036	   -13.063	454.660160	454.660160	524.188527	2330.526559
  16.400	   0.551	       518.266	        75.837	   -12.570	   488.573	  -204.153	    97.612	    -0.034	   -12.423	450.915821	450.915821	520.355291	2329.717634
  16.600	   0.547	       517.157	        77.090	   -10.585	   483.912	  -179.610	    96.924	    -0.029	   -11.091	452.998203	452.998203	520.945848	2330.385125
  16.800	   0.543	       518.315	        80.837	    -7.783	   479.876	  -150.965	    96.382	    -0.021	    -9.452	454.961125	454.961125	522.684507	2333.666012
  17.000	   0.539	       521.793	        89.136	    -4.557	   476.511	  -123.629	    96.224	    -0.012	    -7.880	459.646394	459.646394	527.430153	2341.740030
  17.200	   0.535	       524.722	       100.354	    -1.175	   473.712	  -102.863	    96.582	    -0.003	    -6.723	462.767452	462.767452	530.095951	2351.915033
  17.400	   0.531	       520.678	       107.900	     2.822	   471.474	   -79.781	    97.468	     0.008	    -5.386	460.755493	460.755493	527.539458	2359.381906
  17.600	   0.527	       515.104	       112.788	     7.593	   469.759	   -60.943	    98.388	     0.021	    -4.239	457.003833	457.003833	522.734542	2363.627542
  17.800	   0.524	       504.417	       113.415	    12.975	   468.488	   -39.625	    99.576	     0.037	    -2.846	447.832536	447.832536	513.356446	2364.297897
  18.000	   0.520	       495.259	       112.846	    18.843	   467.856	   -14.249	   100.632	     0.055	    -1.049	439.366474	439.366474	504.795087	2363.800179
  18.200	   0.516	       492.425	       110.722	    24.539	   467.789	     6.607	   100.816	     0.071	     0.489	436.018918	436.018918	501.976585	2363.758189
  18.400	   0.512	       493.178	       106.369	    29.566	   468.242	    28.995	   100.355	     0.086	     2.119	434.099624	434.099624	500.755341	2360.183499
  18.600	   0.508	       493.657	        97.649	    33.468	   469.235	    49.174	    99.484	     0.096	     3.508	431.123305	431.123305	498.668067	2353.449952
  18.800	   0.504	       489.917	        83.706	    36.167	   470.684	    65.906	    98.592	     0.102	     4.576	424.924429	424.924429	493.490106	2340.664457
  19.000	   0.500	       483.577	        67.081	    38.123	   472.510	    79.727	    97.787	     0.106	     5.383	418.801224	418.801224	487.185809	2325.438062
  19.200	   0.496	       483.849	        56.087	    39.777	   474.656	    92.573	    96.961	     0.110	     6.062	417.219751	417.219751	485.793417	2314.677342
  19.400	   0.492	       487.617	        50.295	    40.828	   477.071	   101.541	    96.401	     0.111	     6.473	419.643565	419.643565	489.008806	2309.884607
  19.600	   0.488	       494.418	        51.140	    40.910	   479.619	   103.611	    96.257	     0.111	     6.481	423.878682	423.878682	493.714751	2312.111042
  19.800	   0.484	       501.717	        55.972	    40.198	   482.111	    99.654	    96.466	     0.109	     6.164	429.217302	429.217302	500.102161	2316.531439
  20.000	   0.480	       504.677	        56.759	    39.420	   484.482	    95.211	    96.680	     0.106	     5.829	433.106628	433.106628	503.279886	2316.601935
  20.200	   0.476	       508.387	        56.469	    39.109	   486.771	    94.228	    96.693	     0.105	     5.689	438.111476	438.111476	507.654431	2315.790349
  20.400	   0.472	       512.796	        54.780	    39.289	   489.079	    96.980	    96.501	     0.105	     5.750	443.741064	443.741064	513.526583	2314.354281
  20.600	   0.469	       517.212	        53.328	    39.377	   491.445	    99.090	    96.348	     0.104	     5.772	447.167118	447.167118	516.876087	2313.468193
  20.800	   0.465	       522.844	        55.125	    38.957	   493.801	    97.280	    96.397	     0.103	     5.592	451.115553	451.115553	521.326145	2314.550280
  21.000	   0.461	       526.083	        54.819	    38.475	   496.089	    94.971	    96.463	     0.101	     5.391	455.545716	455.545716	525.209570	2314.584508
  21.200	   0.457	       527.832	        53.322	    37.941	   498.307	    92.224	    96.545	     0.099	     5.175	456.913428	456.913428	526.917473	2313.239530
  21.400	   0.453	       528.381	        51.233	    37.244	   500.443	    88.251	    96.671	     0.097	     4.901	455.790505	455.790505	526.365037	2310.756674
  21.600	   0.449	       525.474	        46.998	    36.152	   502.442	    81.412	    96.895	     0.094	     4.488	453.262292	453.262292	523.910753	2306.839791
  21.800	   0.445	       523.406	        44.351	    34.925	   504.256	    73.520	    97.157	     0.091	     4.031	450.530677	450.530677	521.226862	2303.576514
  22.000	   0.441	       521.742	        42.137	    33.607	   505.878	    65.245	    97.384	     0.087	     3.560	448.356359	448.356359	519.407773	2301.976840
  22.200	   0.437	       520.475	        40.984	    31.948	   507.280	    54.799	    97.630	     0.083	     2.980	446.487640	446.487640	517.729196	2300.455082
  22.400	   0.433	       519.581	        40.696	    29.836	   508.415	    42.100	    97.868	     0.078	     2.285	444.777818	444.777818	516.353237	2299.964431
  22.600	   0.429	       516.832	        39.235	    27.414	   509.255	    28.364	    98.117	     0.071	     1.540	441.120964	441.120964	512.760289	2298.327498
  22.800	   0.425	       513.487	        37.128	    24.988	   509.790	    16.367	    98.306	     0.065	     0.889	438.550523	438.550523	510.131329	2295.346701
  23.000	   0.421	       514.038	        37.591	    23.028	   510.077	     7.307	    98.321	     0.060	     0.396	440.185600	440.185600	511.366709	2295.327284
  23.200	   0.418	       517.961	        40.804	    21.462	   510.195	     0.474	    98.248	     0.056	     0.026	444.617800	444.617800	515.846009	2298.202438
  23.400	   0.414	       523.816	        46.029	    19.880	   510.164	    -6.341	    98.155	     0.052	    -0.343	449.589246	449.589246	520.632284	2303.016959
  23.600	   0.410	       533.464	        52.255	    18.213	   509.924	   -15.721	    97.738	     0.047	    -0.844	459.791803	459.791803	530.670492	2309.276597
  23.800	   0.406	       539.560	        55.860	    17.028	   509.492	   -22.106	    97.390	     0.044	    -1.181	468.465667	468.465667	538.769306	2312.184769
  24.000	   0.402	       542.708	        58.974	    16.821	   508.986	   -22.022	    97.287	     0.043	    -1.177	473.136823	473.136823	543.093513	2314.317075
  24.200	   0.398	       545.991	        63.510	    17.326	   508.541	   -17.437	    97.334	     0.045	    -0.936	478.071154	478.071154	547.222504	2318.134548
  24.400	   0.394	       548.615	        67.952	    18.355	   508.221	    -9.935	    97.469	     0.048	    -0.536	481.468893	481.468893	550.569672	2322.976129
  24.600	   0.390	       553.821	        73.386	    19.339	   508.085	    -3.943	    97.478	     0.050	    -0.213	486.215206	486.215206	555.304765	2329.122137
  24.800	   0.386	       557.631	        76.536	    20.308	   508.076	     1.078	    97.422	     0.053	     0.058	489.525995	489.525995	558.479760	2331.406601
  25.000	   0.382	       556.443	        74.893	    21.503	   508.183	     6.841	    97.412	     0.056	     0.368	490.159924	490.159924	559.034291	2330.133996
  25.200	   0.378	       555.106	        72.277	    23.060	   508.457	    15.195	    97.357	     0.060	     0.816	488.610419	488.610419	557.783041	2327.445989
  25.400	   0.374	       551.676	        67.256	    24.439	   508.927	    23.250	    97.308	     0.063	     1.244	484.516201	484.516201	553.815978	2323.187921
  25.600	   0.370	       550.731	        63.629	    25.236	   509.556	    28.511	    97.171	     0.065	     1.516	481.810830	481.810830	551.491113	2319.868947
  25.800	   0.367	       550.471	        60.664	    25.539	   510.273	    31.047	    97.042	     0.066	     1.639	481.501495	481.501495	551.470168	2317.672722
  26.000	   0.363	       550.181	        56.356	    25.478	   511.030	    31.783	    96.788	     0.065	     1.662	479.112091	479.112091	549.234501	2313.281098
  26.200	   0.359	       550.031	        53.129	    25.012	   511.774	    30.103	    96.619	     0.064	     1.562	478.819719	478.819719	548.892378	2310.338723
  26.400	   0.355	       551.319	        51.387	    24.563	   512.467	    28.514	    96.448	     0.062	     1.468	480.363194	480.363194	550.642705	2308.142101
  26.600	   0.351	       554.113	        50.903	    24.259	   513.141	    27.753	    96.255	     0.061	     1.417	483.815016	483.815016	554.462203	2308.176884
  26.800	   0.347	       561.460	        55.083	    23.929	   513.792	    26.826	    96.069	     0.060	     1.360	490.675305	490.675305	560.702756	2311.142341
  27.000	   0.343	       568.551	        58.760	    23.769	   514.434	    26.858	    95.863	     0.060	     1.350	498.075643	498.075643	568.078742	2315.621403
  27.200	   0.339	       574.916	        61.846	    23.554	   515.080	    26.535	    95.672	     0.059	     1.324	504.617749	504.617749	574.440015	2318.636644
  27.400	   0.335	       579.650	        63.102	    23.481	   515.714	    27.040	    95.464	     0.059	     1.338	509.719350	509.719350	579.623932	2319.751936
  27.600	   0.331	       584.434	        62.511	    23.666	   516.377	    29.737	    95.095	     0.059	     1.455	514.922787	514.922787	584.713721	2318.275267
  27.800	   0.327	       587.679	        60.436	    24.064	   517.123	    33.722	    94.754	     0.060	     1.631	519.099568	519.099568	588.654191	2316.551466
  28.000	   0.323	       591.020	        59.526	    24.452	   517.957	    37.516	    94.531	     0.060	     1.797	521.992342	521.992342	591.575341	2316.110853
  28.200	   0.319	       593.900	        58.481	    24.415	   518.859	    38.688	    94.346	     0.060	     1.836	523.062325	523.062325	593.358930	2315.372155
  28.400	   0.316	       595.116	        57.209	    23.997	   519.746	    36.992	    94.282	     0.059	     1.744	524.270952	524.270952	594.246301	2313.888766
  28.600	   0.312	       594.450	        54.735	    23.416	   520.581	    34.070	    94.267	     0.057	     1.598	522.681421	522.681421	593.568460	2311.589228
  28.800	   0.308	       591.151	        50.207	    22.624	   521.333	    29.701	    94.285	     0.055	     1.388	519.297110	519.297110	589.828761	2307.458388
  29.000	   0.304	       589.424	        47.568	    21.727	   521.971	    24.662	    94.310	     0.053	     1.149	517.064117	517.064117	587.925293	2304.823776
  29.200	   0.300	       589.123	        46.464	    20.709	   522.494	    18.929	    94.322	     0.050	     0.879	516.334998	516.334998	587.388501	2303.619915
  29.400	   0.296	       590.852	        45.923	    19.341	   522.859	    11.273	    94.176	     0.047	     0.521	517.273485	517.273485	588.004760	2302.760812
  29.600	   0.292	       599.902	        45.583	    17.512	   523.017	     1.656	    93.383	     0.042	     0.075	524.886250	524.886250	596.549150	2302.879542
  29.800	   0.288	       603.537	        43.845	    15.541	   522.960	    -9.099	    92.906	     0.037	    -0.409	528.650248	528.650248	600.383446	2301.093541
  30.000	   0.284	       605.014	        42.857	    13.914	   522.677	   -17.975	    92.639	     0.033	    -0.805	531.557507	531.557507	602.714767	2299.640071
  30.200	   0.280	       608.731	        44.490	    12.601	   522.216	   -25.040	    92.376	     0.030	    -1.118	535.684053	535.684053	606.719506	2300.437755
  30.400	   0.276	       613.201	        47.884	    11.550	   521.615	   -30.592	    92.176	     0.028	    -1.364	540.801448	540.801448	611.300267	2303.961831
  30.600	   0.272	       619.220	        52.941	    10.364	   520.880	   -36.993	    91.961	     0.025	    -1.649	546.360605	546.360605	617.259691	2309.167081
  30.800	   0.268	       622.242	        54.922	     8.928	   519.994	   -44.869	    91.713	     0.021	    -1.999	548.421070	548.421070	619.622333	2311.230178
  31.000	   0.264	       622.413	        53.651	     7.426	   518.909	   -53.085	    91.399	     0.018	    -2.364	548.581601	548.581601	619.593778	2309.295490
  31.200	   0.261	       618.811	        48.705	     6.046	   517.646	   -60.615	    91.064	     0.014	    -2.699	546.126179	546.126179	617.208763	2304.409813
  31.400	   0.257	       614.171	        43.502	     4.882	   516.236	   -66.845	    90.768	     0.012	    -2.982	541.560411	541.560411	612.318037	2299.623409
  31.600	   0.253	       613.230	        42.210	     3.606	   514.667	   -73.767	    90.462	     0.009	    -3.298	539.743602	539.743602	610.931713	2298.127401
  31.800	   0.249	       614.351	        43.035	     1.947	   512.909	   -83.345	    90.127	     0.005	    -3.737	540.030133	540.030133	611.153295	2299.305521
  32.000	   0.245	       615.483	        44.125	    -0.287	   510.875	   -97.058	    89.766	    -0.001	    -4.369	539.364905	539.364905	611.400685	2300.739316
  32.200	   0.241	       611.455	        42.224	    -2.988	   508.454	  -115.661	    89.509	    -0.007	    -5.251	536.043899	536.043899	608.124091	2299.178957
  32.400	   0.237	       604.669	        40.911	    -5.052	   505.608	  -131.000	    89.443	    -0.012	    -6.039	531.127643	531.127643	602.116612	2297.085066
  32.600	   0.233	       597.845	        41.639	    -6.307	   502.432	  -140.515	    89.487	    -0.015	    -6.608	525.652526	525.652526	596.402618	2297.471183
  32.800	   0.229	       595.223	        47.133	    -6.939	   499.075	  -144.369	    89.547	    -0.017	    -6.936	524.211631	524.211631	594.740193	2302.547228
  33.000	   0.225	       599.470	        59.134	    -7.273	   495.644	  -145.224	    89.568	    -0.018	    -7.127	528.402707	528.402707	598.794125	2314.250470
  33.200	   0.221	       601.247	        68.566	    -7.514	   492.180	  -145.143	    89.580	    -0.018	    -7.276	530.971783	530.971783	601.011937	2323.425053
  33.400	   0.217	       599.191	        73.398	    -7.482	   488.723	  -142.417	    89.532	    -0.019	    -7.284	530.389590	530.389590	600.132727	2328.373730
  33.600	   0.213	       594.696	        74.003	    -6.905	   485.362	  -134.628	    89.348	    -0.017	    -7.001	526.405272	526.405272	596.014482	2327.811920
  33.800	   0.210	       586.302	        68.428	    -5.743	   482.242	  -121.728	    89.012	    -0.014	    -6.405	520.268791	520.268791	588.980861	2322.441186
  34.000	   0.206	       581.208	        65.438	    -4.508	   479.451	  -108.887	    88.673	    -0.011	    -5.786	514.019432	514.019432	582.931041	2319.353177
  34.200	   0.202	       576.237	        62.956	    -3.732	   476.915	  -100.042	    88.416	    -0.009	    -5.370	507.666276	507.666276	577.441003	2317.676193
  34.400	   0.198	       572.013	        62.343	    -3.399	   474.504	   -95.366	    88.280	    -0.009	    -5.181	502.017391	502.017391	572.013402	2316.750162
  34.600	   0.194	       566.298	        61.721	    -3.612	   472.160	   -95.993	    88.286	    -0.009	    -5.294	495.210593	495.210593	565.723352	2316.757624
  34.800	   0.190	       555.291	        56.824	    -4.199	   469.744	   -99.893	    88.372	    -0.011	    -5.606	484.439343	484.439343	554.678551	2312.144768
  35.000	   0.186	       546.380	        53.717	    -4.612	   467.236	  -102.087	    88.418	    -0.012	    -5.828	475.635947	475.635947	545.947229	2309.168637
  35.200	   0.182	       538.337	        51.699	    -5.059	   464.657	  -104.477	    88.474	    -0.013	    -6.072	466.927993	466.927993	537.240020	2306.555471
  35.400	   0.178	       529.996	        49.853	    -5.585	   461.993	  -107.452	    88.561	    -0.014	    -6.366	459.217648	459.217648	529.584275	2305.826165
  35.600	   0.174	       526.923	        54.410	    -6.294	   459.216	  -111.965	    88.740	    -0.016	    -6.781	455.060549	455.060549	525.798302	2309.789328
  35.800	   0.170	       521.090	        56.493	    -6.954	   456.300	  -115.862	    88.927	    -0.018	    -7.183	449.893561	449.893561	520.393325	2311.897496
  36.000	   0.166	       517.371	        59.556	    -7.321	   453.313	  -117.015	    88.999	    -0.019	    -7.411	446.526474	446.526474	516.860705	2314.617126
  36.200	   0.162	       515.256	        63.268	    -7.260	   450.314	  -114.571	    88.978	    -0.019	    -7.399	446.130016	446.130016	516.099045	2317.958467
  36.400	   0.159	       515.790	        65.680	    -6.539	   447.429	  -106.643	    88.589	    -0.017	    -6.959	448.258352	448.258352	517.232570	2320.015183
  36.600	   0.155	       520.343	        70.392	    -5.610	   444.759	   -97.432	    88.072	    -0.015	    -6.398	452.405836	452.405836	521.777341	2324.606265
  36.800	   0.151	       521.382	        72.194	    -4.826	   442.296	   -90.240	    87.657	    -0.013	    -5.969	453.202043	453.202043	522.602884	2326.675346
  37.000	   0.147	       520.351	        72.119	    -4.085	   440.003	   -83.635	    87.293	    -0.011	    -5.572	451.846414	451.846414	521.467167	2326.316283
  37.200	   0.143	       518.028	        70.461	    -3.255	   437.870	   -76.608	    86.932	    -0.009	    -5.136	450.275370	450.275370	519.465266	2324.590586
  37.400	   0.139	       512.353	        66.546	    -2.231	   435.932	   -69.099	    86.717	    -0.006	    -4.672	445.077893	445.077893	514.200545	2320.616633
  37.600	   0.135	       510.222	        65.843	    -1.169	   434.197	   -61.711	    86.509	    -0.003	    -4.202	442.828393	442.828393	512.146833	2319.913457
  37.800	   0.131	       512.255	        68.985	     0.158	   432.658	   -53.409	    86.310	     0.000	    -3.659	445.008056	445.008056	514.035157	2322.629456
  38.000	   0.127	       513.967	        71.163	     1.115	   431.321	   -47.386	    86.089	     0.003	    -3.260	445.860700	445.860700	515.319490	2325.488385
  38.200	   0.123	       515.945	        73.344	     1.731	   430.113	   -43.374	    85.868	     0.005	    -2.994	447.054606	447.054606	516.805104	2327.804545
  38.400	   0.119	       515.205	        72.552	     2.320	   428.995	   -39.462	    85.640	     0.006	    -2.730	447.272165	447.272165	516.817526	2326.810000
  38.600	   0.115	       511.719	        69.082	     3.288	   428.008	   -34.132	    85.447	     0.009	    -2.367	444.174068	444.174068	513.071443	2322.525149
  38.800	   0.111	       510.176	        66.836	     4.437	   427.174	   -28.144	    85.215	     0.012	    -1.953	443.286875	443.286875	512.522523	2321.173020
  39.000	   0.108	       511.783	        66.925	     5.475	   426.500	   -22.784	    84.938	     0.015	    -1.578	443.556178	443.556178	513.082733	2320.855950
  39.200	   0.104	       517.542	        68.749	     6.285	   425.956	   -18.090	    84.460	     0.017	    -1.244	448.899675	448.899675	518.477254	2323.144258
  39.400	   0.100	       525.068	        71.400	     6.812	   425.513	   -14.712	    83.920	     0.018	    -1.002	455.863918	455.863918	525.328811	2325.708023
  39.600	   0.096	       533.332	        69.076	     7.101	   425.140	   -12.509	    82.885	     0.019	    -0.833	464.064434	464.064434	533.977608	2324.166405
  39.800	   0.092	       543.190	        67.142	     7.453	   424.826	    -9.908	    81.793	     0.019	    -0.644	473.980854	473.980854	543.593872	2321.682090
  40.000	   0.088	       554.020	        63.433	     7.818	   424.591	    -7.063	    80.528	     0.020	    -0.446	484.754869	484.754869	554.710672	2318.143577
  40.200	   0.084	       558.660	        57.770	     7.675	   424.401	    -7.339	    79.659	     0.019	    -0.454	488.344465	488.344465	558.215618	2313.182179
  40.400	   0.080	       566.962	        57.410	     7.338	   424.177	    -8.821	    78.936	     0.018	    -0.536	495.901314	495.901314	566.238121	2312.741926
  40.600	   0.076	       573.679	        56.586	     6.876	   423.907	   -11.081	    78.307	     0.017	    -0.664	502.120359	502.120359	572.433283	2311.911866
  40.800	   0.072	       577.929	        55.955	     6.165	   423.547	   -14.828	    77.871	     0.015	    -0.881	506.295184	506.295184	577.042900	2311.471613
  41.000	   0.068	       585.255	        58.906	     5.423	   423.083	   -18.726	    77.460	     0.013	    -1.105	513.474027	513.474027	584.074971	2314.402577
  41.200	   0.064	       593.848	        58.498	     4.744	   422.513	   -22.155	    76.701	     0.012	    -1.287	522.022575	522.022575	592.721271	2313.805137
  41.400	   0.060	       604.255	        57.967	     3.886	   421.838	   -26.586	    75.806	     0.009	    -1.516	531.763328	531.763328	602.603197	2313.288531
  41.600	   0.056	       610.646	        56.681	     2.752	   421.015	   -32.636	    75.130	     0.007	    -1.839	537.769902	537.769902	608.728251	2312.439418
  41.800	   0.053	       614.182	        51.665	     1.445	   420.022	   -39.284	    74.380	     0.003	    -2.185	540.997699	540.997699	611.972756	2307.642044
  42.000	   0.049	       619.276	        48.518	    -0.188	   418.832	   -47.270	    73.631	    -0.000	    -2.598	544.526786	544.526786	616.006188	2304.512102
  42.200	   0.045	       619.839	        43.454	    -2.366	   417.372	   -58.026	    73.017	    -0.006	    -3.169	544.894941	544.894941	616.437519	2299.949801
  42.400	   0.041	       608.389	        44.593	    -3.771	   415.592	   -67.915	    73.515	    -0.009	    -3.809	536.482198	536.482198	607.166637	2299.791205
  42.600	   0.037	       598.311	        54.650	    -3.954	   413.579	   -72.785	    74.501	    -0.010	    -4.254	528.681253	528.681253	598.588582	2309.428244
  42.800	   0.033	       595.285	        64.269	    -4.058	   411.480	   -74.609	    75.001	    -0.010	    -4.487	524.879737	524.879737	595.126281	2319.237226
  43.000	   0.029	       588.975	        76.327	    -4.495	   409.304	   -76.527	    75.930	    -0.011	    -4.792	518.076831	518.076831	588.579174	2331.408643
  43.200	   0.025	       575.866	        82.590	    -4.480	   407.107	   -75.258	    76.991	    -0.011	    -4.925	506.734645	506.734645	576.327023	2337.383186
  43.400	   0.021	       563.855	        76.506	    -3.960	   404.987	   -70.530	    77.054	    -0.010	    -4.696	495.517768	495.517768	565.256087	2331.086775
  43.600	   0.017	       547.637	        70.274	    -3.341	   403.006	   -65.284	    77.473	    -0.009	    -4.459	479.272164	479.272164	548.679057	2324.420974
  43.800	   0.013	       531.276	        63.028	    -2.681	   401.181	   -59.305	    77.869	    -0.007	    -4.148	463.138084	463.138084	532.675161	2317.418702
  44.000	   0.009	       518.100	        60.448	    -1.974	   399.532	   -52.736	    78.440	    -0.005	    -3.790	449.772053	449.772053	519.244430	2314.333936
  44.200	   0.005	       503.516	        67.492	    -1.232	   398.078	   -45.666	    80.069	    -0.003	    -3.457	435.742112	435.742112	505.091874	2321.953775
  44.400	   0.002	       495.568	        75.811	    -0.369	   396.842	   -37.683	    81.352	    -0.001	    -2.972	427.681422	427.681422	497.232916	2329.710023
  44.600	   0.000	       494.325	        79.270	     0.000	   395.822	   -33.224	    81.638	     0.000	    -2.659	424.224713	424.224713	494.369782	2335.490154
  44.800	   0.000	       483.010	        81.270	     0.000	   394.836	   -32.976	    82.646	     0.000	    -2.725	413.849845	413.849845	483.503767	2335.994600
  45.000	   0.000	       495.785	        79.619	     0.000	   393.855	   -32.731	    81.201	     0.000	    -2.631	424.641007	424.641007	494.979525	2328.895029
  45.200	   0.000	       496.714	        77.619	     0.000	   392.879	   -32.488	    80.634	     0.000	    -2.594	427.560322	427.560322	497.509807	2320.951836
  45.400	   0.000	       514.841	        75.619	     0.000	   391.908	   -32.248	    78.567	     0.000	    -2.463	443.634903	443.634903	513.963892	2316.697784
  45.600	   0.000	       516.918	        73.619	     0.000	   390.942	   -32.010	    78.120	     0.000	    -2.435	447.130139	447.130139	517.028229	2315.529040
  45.800	   0.000	       533.930	        71.619	     0.000	   389.980	   -31.774	    76.197	     0.000	    -2.317	463.781513	463.781513	534.025764	2317.917341
  46.000	   0.000	       551.964	        69.619	     0.000	   389.023	   -31.541	    74.568	     0.000	    -2.219	481.736544	481.736544	551.693733	2320.331764
  46.200	   0.000	       567.028	        67.619	     0.000	   388.071	   -31.310	    72.958	     0.000	    -2.124	497.161262	497.161262	567.175796	2321.652310
  46.400	   0.000	       592.085	        68.191	     0.000	   387.123	   -31.081	    71.147	     0.000	    -2.020	521.498518	521.498518	591.546571	2322.939937
  46.600	   0.000	       599.710	        68.445	     0.000	   386.180	   -30.854	    70.421	     0.000	    -1.979	530.140906	530.140906	599.978802	2323.199301
  46.800	   0.000	       613.484	        68.778	     0.000	   385.242	   -30.630	    69.317	     0.000	    -1.917	543.214361	543.214361	613.432706	2323.526346
  47.000	   0.000	       620.597	        69.625	     0.000	   384.308	   -30.408	    68.852	     0.000	    -1.892	549.913356	549.913356	620.141645	2324.375515
  47.200	   0.000	       617.505	        69.138	     0.000	   383.379	   -30.188	    68.722	     0.000	    -1.885	548.721609	548.721609	618.169463	2323.913754
  47.400	   0.000	       622.281	        69.174	     0.000	   382.454	   -29.970	    68.329	     0.000	    -1.863	551.342384	551.342384	621.971984	2323.930054
  47.600	   0.000	       598.635	        69.174	     0.000	   381.533	   -29.754	    69.563	     0.000	    -1.931	530.048580	530.048580	599.417397	2323.924688
  47.800	   0.000	       594.836	        68.646	     0.000	   380.617	   -29.540	    69.665	     0.000	    -1.937	524.517278	524.517278	595.056685	2323.399460
  48.000	   0.000	       572.807	        69.318	     0.000	   379.706	   -29.328	    71.044	     0.000	    -2.014	503.316839	503.316839	572.701649	2324.107586
  48.200	   0.000	       568.180	        69.693	     0.000	   378.799	   -29.119	    71.183	     0.000	    -2.022	497.974753	497.974753	568.501439	2324.452637
  48.400	   0.000	       545.459	        70.010	     0.000	   377.896	   -28.911	    72.726	     0.000	    -2.111	476.201356	476.201356	545.916734	2324.754168
  48.600	   0.000	       530.171	        70.820	     0.000	   376.997	   -28.705	    73.766	     0.000	    -2.171	460.075292	460.075292	530.109202	2325.572063
  48.800	   0.000	       515.099	        70.469	     0.000	   376.103	   -28.501	    74.883	     0.000	    -2.238	444.570284	444.570284	514.868951	2325.226725
  49.000	   0.000	       494.839	        70.379	     0.000	   375.213	   -28.300	    76.447	     0.000	    -2.332	425.314674	425.314674	494.945341	2325.138665
  49.200	   0.000	       494.104	        70.386	     0.000	   374.327	   -28.100	    76.344	     0.000	    -2.326	423.763816	423.763816	494.318860	2325.127170
  49.400	   0.000	       487.079	        69.884	     0.000	   373.445	   -27.901	    76.824	     0.000	    -2.355	417.123407	417.123407	486.850672	2324.618728
  49.600	   0.000	       490.046	        70.477	     0.000	   372.567	   -27.705	    76.383	     0.000	    -2.328	419.964047	419.964047	489.925488	2325.222096
  49.800	   0.000	       495.437	        70.875	     0.000	   371.694	   -27.511	    75.826	     0.000	    -2.294	425.740092	425.740092	495.581275	2325.648159
  50.000	   0.000	       505.949	        71.181	     0.000	   370.824	   -27.318	    74.758	     0.000	    -2.230	435.598089	435.598089	505.766738	2325.916867
  50.200	   0.000	       528.548	        71.948	     0.000	   369.959	   -27.127	    72.795	     0.000	    -2.114	458.401489	458.401489	528.575027	2326.712867
  50.400	   0.000	       538.384	        71.671	     0.000	   369.098	   -26.938	    71.836	     0.000	    -2.059	468.224881	468.224881	538.126265	2326.422039
  50.600	   0.000	       559.267	        71.481	     0.000	   368.240	   -26.751	    70.087	     0.000	    -1.960	488.720609	488.720609	558.910883	2326.279275
  50.800	   0.000	       566.321	        71.545	     0.000	   367.387	   -26.566	    69.463	     0.000	    -1.925	496.660989	496.660989	566.659330	2326.272173
  51.000	   0.000	       587.926	        71.018	     0.000	   366.538	   -26.382	    67.730	     0.000	    -1.830	517.626001	517.626001	587.708849	2325.776642
  51.200	   0.000	       599.709	        71.535	     0.000	   365.692	   -26.200	    66.947	     0.000	    -1.788	529.414145	529.414145	599.450319	2326.302045
  51.400	   0.000	       612.593	        72.035	     0.000	   364.851	   -26.019	    65.903	     0.000	    -1.733	542.772171	542.772171	612.582338	2326.774654
  51.600	   0.000	       621.538	        72.287	     0.000	   364.013	   -25.840	    65.291	     0.000	    -1.701	551.014344	551.014344	621.336105	2327.030334
  51.800	   0.000	       614.672	        73.057	     0.000	   363.179	   -25.663	    65.479	     0.000	    -1.711	545.172659	545.172659	615.068775	2327.812863
  52.000	   0.000	       614.608	        72.846	     0.000	   362.349	   -25.488	    65.416	     0.000	    -1.708	544.276158	544.276158	614.349390	2327.599687
  52.200	   0.000	       601.344	        72.620	     0.000	   361.523	   -25.314	    65.997	     0.000	    -1.738	531.562936	531.562936	601.610705	2327.386032
  52.400	   0.000	       594.513	        72.630	     0.000	   360.700	   -25.141	    66.285	     0.000	    -1.753	523.982599	523.982599	594.228239	2327.375525
  52.600	   0.000	       570.846	        72.120	     0.000	   359.881	   -24.970	    67.624	     0.000	    -1.825	501.134321	501.134321	571.099511	2326.886156
  52.800	   0.000	       552.621	        72.593	     0.000	   359.066	   -24.801	    68.731	     0.000	    -1.885	483.419734	483.419734	553.122221	2327.345793
  53.000	   0.000	       540.577	        73.069	     0.000	   358.255	   -24.633	    69.589	     0.000	    -1.932	469.450729	469.450729	539.946105	2327.840640
  53.200	   0.000	       520.296	        73.366	     0.000	   357.447	   -24.467	    70.916	     0.000	    -2.007	451.495580	451.495580	521.049767	2328.109091
  53.400	   0.000	       515.452	        74.124	     0.000	   356.643	   -24.302	    71.264	     0.000	    -2.026	444.681307	444.681307	515.029921	2328.875868
  53.600	   0.000	       496.489	        73.946	     0.000	   355.842	   -24.139	    72.681	     0.000	    -2.108	427.431692	427.431692	497.026607	2328.705241
  53.800	   0.000	       490.824	        73.714	     0.000	   355.046	   -23.977	    72.930	     0.000	    -2.122	420.543351	420.543351	490.631456	2328.471189
  54.000	   0.000	       482.720	        73.720	     0.000	   354.252	   -23.817	    73.604	     0.000	    -2.162	412.981724	412.981724	482.966598	2328.450853
  54.200	   0.000	       485.504	        73.196	     0.000	   353.462	   -23.658	    73.093	     0.000	    -2.132	415.872448	415.872448	485.663745	2327.964649
  54.400	   0.000	       500.084	        73.619	     0.000	   352.676	   -23.500	    71.817	     0.000	    -2.058	429.523462	429.523462	499.876664	2328.367301
  54.600	   0.000	       504.040	        74.116	     0.000	   351.893	   -23.344	    71.280	     0.000	    -2.027	434.682715	434.682715	504.360386	2328.879815
  54.800	   0.000	       527.399	        74.392	     0.000	   351.114	   -23.189	    69.373	     0.000	    -1.920	456.375380	456.375380	526.956987	2329.171111
  55.000	   0.000	       532.320	        75.164	     0.000	   350.338	   -23.036	    68.888	     0.000	    -1.894	463.037917	463.037917	532.365174	2329.899507
  55.200	   0.000	       564.325	        75.034	     0.000	   349.566	   -22.884	    66.426	     0.000	    -1.761	493.465607	493.465607	564.078809	2329.790679
  55.400	   0.000	       572.745	        74.788	     0.000	   348.796	   -22.733	    65.742	     0.000	    -1.725	503.225643	503.225643	572.961784	2329.524112
  55.600	   0.000	       588.671	        74.715	     0.000	   348.031	   -22.584	    64.482	     0.000	    -1.659	518.123331	518.123331	588.302567	2329.488947
  55.800	   0.000	       600.453	        74.281	     0.000	   347.268	   -22.436	    63.644	     0.000	    -1.616	530.409272	530.409272	600.447058	2329.020903
  56.000	   0.000	       603.231	        74.602	     0.000	   346.509	   -22.289	    63.325	     0.000	    -1.600	532.967656	532.967656	602.878923	2329.362263
  56.200	   0.000	       614.147	        75.124	     0.000	   345.754	   -22.144	    62.536	     0.000	    -1.560	544.175503	544.175503	614.380502	2329.893950
  56.400	   0.000	       614.495	        75.457	     0.000	   345.001	   -21.999	    62.463	     0.000	    -1.557	543.808380	543.808380	613.943052	2330.208408
  56.600	   0.000	       612.970	        76.149	     0.000	   344.252	   -21.856	    62.355	     0.000	    -1.551	543.025655	543.025655	613.176476	2330.890047
  56.800	   0.000	       599.958	        76.086	     0.000	   343.506	   -21.715	    63.056	     0.000	    -1.587	529.885982	529.885982	599.858340	2330.848920
  57.000	   0.000	       580.199	        75.821	     0.000	   342.764	   -21.574	    64.010	     0.000	    -1.635	510.554194	510.554194	580.459240	2330.542359
  57.200	   0.000	       571.155	        75.707	     0.000	   342.024	   -21.435	    64.532	     0.000	    -1.662	501.103944	501.103944	571.273010	2330.486489
  57.400	   0.000	       545.683	        75.285	     0.000	   341.288	   -21.297	    66.015	     0.000	    -1.739	476.094408	476.094408	545.668179	2330.039668
  57.600	   0.000	       537.568	        75.539	     0.000	   340.555	   -21.160	    66.458	     0.000	    -1.762	467.422866	467.422866	537.721107	2330.314684
  57.800	   0.000	       509.929	        76.101	     0.000	   339.825	   -21.024	    68.511	     0.000	    -1.873	440.485336	440.485336	510.318107	2330.876110
  58.000	   0.000	       504.254	        76.427	     0.000	   339.098	   -20.889	    68.740	     0.000	    -1.885	434.202456	434.202456	504.302569	2331.185838
  58.200	   0.000	       492.694	        77.116	     0.000	   338.374	   -20.756	    69.735	     0.000	    -1.940	422.610234	422.610234	492.731278	2331.831061
  58.400	   0.000	       487.636	        77.098	     0.000	   337.653	   -20.623	    69.950	     0.000	    -1.952	418.381712	418.381712	487.939714	2331.864766
  58.600	   0.000	       490.348	        76.762	     0.000	   336.936	   -20.492	    69.620	     0.000	    -1.934	419.987322	419.987322	490.294878	2331.490284
  58.800	   0.000	       484.391	        76.657	     0.000	   336.221	   -20.362	    69.903	     0.000	    -1.950	415.227902	415.227902	484.808057	2331.433908
  59.000	   0.000	       494.056	        76.280	     0.000	   335.510	   -20.233	    69.009	     0.000	    -1.900	423.077450	423.077450	493.322118	2331.003836
  59.200	   0.000	       500.144	        76.397	     0.000	   334.801	   -20.105	    68.370	     0.000	    -1.865	431.036618	431.036618	500.738210	2331.191002
  59.400	   0.000	       523.219	        77.035	     0.000	   334.096	   -19.978	    66.481	     0.000	    -1.764	452.606106	452.606106	522.759762	2331.797562
  59.600	   0.000	       541.039	        77.319	     0.000	   333.393	   -19.853	    65.108	     0.000	    -1.692	470.749623	470.749623	540.919084	2332.077159
  59.800	   0.000	       554.645	        77.935	     0.000	   332.693	   -19.728	    64.048	     0.000	    -1.637	485.059273	485.059273	554.609887	2332.690027
  60.000	   0.000	       576.477	        78.034	     0.000	   331.997	   -19.604	    62.531	     0.000	    -1.560	505.232076	505.232076	575.594313	2332.777337
  60.200	   0.000	       584.466	        77.604	     0.000	   331.303	   -19.481	    61.873	     0.000	    -1.528	515.606937	515.606937	585.301786	2332.335076
  60.400	   0.000	       602.930	        77.522	     0.000	   330.612	   -19.360	    60.585	     0.000	    -1.465	531.542038	531.542038	601.950956	2332.289611
  60.600	   0.000	       604.176	        77.132	     0.000	   329.924	   -19.239	    60.423	     0.000	    -1.457	534.879406	534.879406	604.538804	2331.868796
  60.800	   0.000	       610.310	        77.200	     0.000	   329.239	   -19.120	    59.870	     0.000	    -1.430	539.388205	539.388205	609.728750	2331.964508
  61.000	   0.000	       603.131	        77.855	     0.000	   328.556	   -19.001	    60.248	     0.000	    -1.448	533.516519	533.516519	603.327639	2332.609090
  61.200	   0.000	       599.138	        78.086	     0.000	   327.877	   -18.883	    60.276	     0.000	    -1.450	529.019984	529.019984	599.203456	2332.839654
  61.400	   0.000	       595.319	        78.684	     0.000	   327.200	   -18.767	    60.483	     0.000	    -1.460	525.292210	525.292210	595.158099	2333.437544
  61.600	   0.000	       578.999	        78.802	     0.000	   326.526	   -18.651	    61.268	     0.000	    -1.498	509.315484	509.315484	579.165217	2333.553623
  61.800	   0.000	       567.001	        78.314	     0.000	   325.855	   -18.536	    61.826	     0.000	    -1.525	496.614188	496.614188	567.000694	2333.046366
  62.000	   0.000	       538.899	        78.270	     0.000	   325.187	   -18.422	    63.595	     0.000	    -1.614	469.045641	469.045641	538.913477	2333.009556
  62.200	   0.000	       525.967	        77.818	     0.000	   324.521	   -18.309	    64.290	     0.000	    -1.649	456.106817	456.106817	526.240968	2332.570710
  62.400	   0.000	       508.602	        77.807	     0.000	   323.858	   -18.197	    65.518	     0.000	    -1.713	438.424093	438.424093	508.391953	2332.589696
  62.600	   0.000	       495.788	        78.506	     0.000	   323.198	   -18.086	    66.366	     0.000	    -1.757	425.991135	425.991135	495.998312	2333.261872
  62.800	   0.000	       487.418	        78.676	     0.000	   322.540	   -17.976	    66.985	     0.000	    -1.790	417.820997	417.820997	487.904766	2333.437874
  63.000	   0.000	       481.032	        79.267	     0.000	   321.885	   -17.867	    67.425	     0.000	    -1.814	410.996762	410.996762	480.744320	2334.020880
  63.200	   0.000	       481.870	        79.441	     0.000	   321.233	   -17.759	    67.253	     0.000	    -1.805	412.436343	412.436343	482.479191	2334.151676
  63.400	   0.000	       485.608	        78.851	     0.000	   320.584	   -17.651	    66.819	     0.000	    -1.782	415.365359	415.365359	485.077433	2333.579222
  63.600	   0.000	       497.892	        78.811	     0.000	   319.937	   -17.544	    65.635	     0.000	    -1.719	427.954619	427.954619	498.026892	2333.539916
  63.800	   0.000	       505.978	        78.316	     0.000	   319.292	   -17.439	    64.925	     0.000	    -1.682	435.630095	435.630095	505.741970	2333.079652
  64.000	   0.000	       514.424	        78.263	     0.000	   318.651	   -17.334	    64.092	     0.000	    -1.639	444.319309	444.319309	514.058849	2333.025282
  64.200	   0.000	       537.883	        78.956	     0.000	   318.011	   -17.230	    62.473	     0.000	    -1.557	466.937310	466.937310	537.656124	2333.719180
  64.400	   0.000	       548.971	        79.080	     0.000	   317.375	   -17.126	    61.560	     0.000	    -1.512	479.824364	479.824364	549.068392	2333.843126
  64.600	   0.000	       578.500	        79.638	     0.000	   316.741	   -17.024	    59.618	     0.000	    -1.418	507.597921	507.597921	578.146641	2334.395171
  64.800	   0.000	       582.382	        79.806	     0.000	   316.109	   -16.922	    59.276	     0.000	    -1.402	513.106332	513.106332	582.709426	2334.524924
  65.000	   0.000	       599.603	        79.157	     0.000	   315.480	   -16.821	    58.086	     0.000	    -1.346	528.929780	528.929780	599.049135	2333.884592
  65.200	   0.000	       600.711	        79.111	     0.000	   314.853	   -16.721	    57.945	     0.000	    -1.340	530.794705	530.794705	600.809275	2333.837958
  65.400	   0.000	       603.144	        78.590	     0.000	   314.229	   -16.622	    57.612	     0.000	    -1.324	533.131049	533.131049	603.130266	2333.365521
  65.600	   0.000	       603.269	        78.503	     0.000	   313.608	   -16.524	    57.506	     0.000	    -1.320	532.837756	532.837756	603.120792	2333.250756
  65.800	   0.000	       592.007	        79.219	     0.000	   312.989	   -16.426	    58.018	     0.000	    -1.343	522.658781	522.658781	592.538312	2333.951539
  66.000	   0.000	       584.580	        79.274	     0.000	   312.372	   -16.329	    58.325	     0.000	    -1.357	513.318412	513.318412	583.558583	2334.026017
  66.200	   0.000	       565.339	        79.776	     0.000	   311.758	   -16.233	    59.411	     0.000	    -1.408	496.407964	496.407964	566.148243	2334.524958
  66.400	   0.000	       555.827	        79.929	     0.000	   311.146	   -16.138	    59.808	     0.000	    -1.427	485.602532	485.602532	555.689921	2334.659193
  66.600	   0.000	       542.055	        79.213	     0.000	   310.536	   -16.043	    60.635	     0.000	    -1.467	471.831620	471.831620	541.941706	2333.949194
  66.800	   0.000	       517.331	        79.149	     0.000	   309.929	   -15.949	    62.056	     0.000	    -1.537	448.194005	448.194005	517.925368	2333.883209
  67.000	   0.000	       505.041	        78.647	     0.000	   309.325	   -15.856	    62.870	     0.000	    -1.577	434.719268	434.719268	504.735074	2333.408029
  67.200	   0.000	       483.173	        78.472	     0.000	   308.722	   -15.763	    64.400	     0.000	    -1.655	414.162885	414.162885	484.072568	2333.223560
  67.400	   0.000	       482.529	        79.172	     0.000	   308.122	   -15.672	    64.357	     0.000	    -1.653	412.227429	412.227429	482.305344	2333.930013
  67.600	   0.000	       474.544	        79.214	     0.000	   307.524	   -15.581	    65.047	     0.000	    -1.688	404.788606	404.788606	474.653527	2333.949423
  67.800	   0.000	       479.894	        79.624	     0.000	   306.929	   -15.490	    64.354	     0.000	    -1.653	410.363893	410.363893	480.166568	2334.371906
  68.000	   0.000	       484.593	        79.786	     0.000	   306.336	   -15.401	    64.065	     0.000	    -1.638	414.127782	414.127782	484.294925	2334.519401
  68.200	   0.000	       488.494	        78.982	     0.000	   305.745	   -15.312	    63.402	     0.000	    -1.604	419.153323	419.153323	488.921109	2333.732532
  68.400	   0.000	       508.228	        78.901	     0.000	   305.157	   -15.224	    61.981	     0.000	    -1.533	437.179894	437.179894	507.444443	2333.640933
  68.600	   0.000	       518.533	        78.420	     0.000	   304.570	   -15.136	    61.046	     0.000	    -1.487	448.818094	448.818094	518.447386	2333.161306
  68.800	   0.000	       537.010	        78.139	     0.000	   303.986	   -15.049	    59.630	     0.000	    -1.419	467.041686	467.041686	537.307759	2332.894572
  69.000	   0.000	       548.956	        78.845	     0.000	   303.405	   -14.963	    58.857	     0.000	    -1.382	478.330184	478.330184	548.381015	2333.606164
  69.200	   0.000	       562.714	        78.814	     0.000	   302.825	   -14.877	    57.848	     0.000	    -1.335	493.261521	493.261521	563.041824	2333.572174
  69.400	   0.000	       583.339	        79.162	     0.000	   302.248	   -14.792	    56.606	     0.000	    -1.279	513.028490	513.028490	583.159088	2333.915781
  69.600	   0.000	       593.185	        79.343	     0.000	   301.673	   -14.708	    55.934	     0.000	    -1.248	522.965968	522.965968	592.906188	2334.086112
  69.800	   0.000	       602.890	        78.467	     0.000	   301.100	   -14.624	    55.233	     0.000	    -1.217	532.648695	532.648695	603.080494	2333.211987
  70.000	   0.000	       599.006	        78.367	     0.000	   300.529	   -14.541	    55.326	     0.000	    -1.221	529.026010	529.026010	598.538367	2333.107086
  70.200	   0.000	       595.764	        77.907	     0.000	   299.960	   -14.459	    55.340	     0.000	    -1.222	525.216080	525.216080	595.642879	2332.630262
  70.400	   0.000	       583.352	        77.507	     0.000	   299.394	   -14.377	    55.914	     0.000	    -1.247	513.725647	513.725647	583.574366	2332.284495
  70.600	   0.000	       574.843	        78.267	     0.000	   298.829	   -14.296	    56.271	     0.000	    -1.263	504.790247	504.790247	574.772897	2333.009341
  70.800	   0.000	       563.760	        78.194	     0.000	   298.267	   -14.216	    56.844	     0.000	    -1.289	493.795772	493.795772	563.862267	2332.924196
  71.000	   0.000	       540.718	        78.437	     0.000	   297.707	   -14.136	    58.091	     0.000	    -1.347	470.640133	470.640133	540.259509	2333.200953
  71.200	   0.000	       529.422	        78.651	     0.000	   297.149	   -14.056	    58.729	     0.000	    -1.376	459.810998	459.810998	529.983413	2333.394616
  71.400	   0.000	       509.326	        77.685	     0.000	   296.593	   -13.978	    59.901	     0.000	    -1.432	439.940541	439.940541	509.643893	2332.435546
  71.600	   0.000	       502.371	        77.586	     0.000	   296.039	   -13.899	    60.273	     0.000	    -1.450	431.889454	431.889454	502.049796	2332.322689
  71.800	   0.000	       484.516	        77.128	     0.000	   295.487	   -13.822	    61.457	     0.000	    -1.507	415.262901	415.262901	485.132561	2331.847393
  72.000	   0.000	       476.227	        76.657	     0.000	   294.938	   -13.745	    61.907	     0.000	    -1.529	405.779661	405.779661	476.073030	2331.444619
  72.200	   0.000	       467.321	        77.462	     0.000	   294.390	   -13.668	    62.645	     0.000	    -1.566	398.155743	398.155743	467.740143	2332.191741
  72.400	   0.000	       470.051	        77.335	     0.000	   293.844	   -13.592	    62.251	     0.000	    -1.546	400.103876	400.103876	470.159627	2332.062740
  72.600	   0.000	       479.644	        77.561	     0.000	   293.301	   -13.517	    61.512	     0.000	    -1.510	409.658050	409.658050	479.366706	2332.292533
  72.800	   0.000	       490.999	        77.760	     0.000	   292.759	   -13.442	    60.527	     0.000	    -1.462	421.006973	421.006973	491.171026	2332.496310
  73.000	   0.000	       505.587	        76.717	     0.000	   292.220	   -13.368	    59.267	     0.000	    -1.402	435.462024	435.462024	505.438957	2331.468743
  73.200	   0.000	       516.772	        76.611	     0.000	   291.682	   -13.295	    58.499	     0.000	    -1.366	446.739730	446.739730	516.733602	2331.365688
  73.400	   0.000	       531.770	        76.163	     0.000	   291.146	   -13.221	    57.285	     0.000	    -1.309	461.949139	461.949139	531.755299	2330.887936
  73.600	   0.000	       554.170	        75.661	     0.000	   290.612	   -13.149	    55.919	     0.000	    -1.248	483.055158	483.055158	553.439628	2330.446304
  73.800	   0.000	       561.261	        76.503	     0.000	   290.081	   -13.077	    55.323	     0.000	    -1.221	492.160501	492.160501	562.007722	2331.215999
  74.000	   0.000	       580.695	        76.306	     0.000	   289.551	   -13.005	    54.223	     0.000	    -1.173	509.456586	509.456586	579.778332	2331.052375
  74.200	   0.000	       580.304	        76.499	     0.000	   289.023	   -12.934	    54.109	     0.000	    -1.168	510.968153	510.968153	580.726906	2331.251959
  74.400	   0.000	       595.545	        76.725	     0.000	   288.497	   -12.864	    53.208	     0.000	    -1.130	525.033171	525.033171	595.245326	2331.450377
  74.600	   0.000	       592.612	        75.622	     0.000	   287.973	   -12.794	    53.227	     0.000	    -1.130	522.332636	522.332636	592.339372	2330.384818
  74.800	   0.000	       593.460	        75.541	     0.000	   287.451	   -12.724	    52.990	     0.000	    -1.120	523.537493	523.537493	593.582139	2330.300080
  75.000	   0.000	       584.147	        75.090	     0.000	   286.931	   -12.655	    53.440	     0.000	    -1.140	513.258798	513.258798	583.672149	2329.827312
  75.200	   0.000	       562.872	        74.596	     0.000	   286.412	   -12.587	    54.356	     0.000	    -1.179	493.517570	493.517570	563.122273	2329.364444
  75.400	   0.000	       552.429	        75.429	     0.000	   285.896	   -12.519	    54.976	     0.000	    -1.206	481.454005	481.454005	552.084440	2330.144395
  75.600	   0.000	       532.190	        75.205	     0.000	   285.381	   -12.452	    56.025	     0.000	    -1.252	463.395863	463.395863	532.700833	2329.954302
  75.800	   0.000	       522.760	        75.384	     0.000	   284.868	   -12.385	    56.503	     0.000	    -1.274	452.197688	452.197688	522.687294	2330.134135
  76.000	   0.000	       503.524	        75.573	     0.000	   284.357	   -12.318	    57.689	     0.000	    -1.328	434.178944	434.178944	503.880548	2330.325272
  76.200	   0.000	       488.242	        74.483	     0.000	   283.848	   -12.252	    58.541	     0.000	    -1.367	418.285125	418.285125	488.273154	2329.254217
  76.400	   0.000	       481.100	        74.417	     0.000	   283.341	   -12.186	    58.994	     0.000	    -1.389	411.555278	411.555278	481.588040	2329.179143
  76.600	   0.000	       468.309	        73.976	     0.000	   282.835	   -12.121	    59.796	     0.000	    -1.427	398.987082	398.987082	468.558013	2328.706539
  76.800	   0.000	       473.503	        73.488	     0.000	   282.332	   -12.057	    59.249	     0.000	    -1.401	403.406539	403.406539	473.861909	2328.237344
  77.000	   0.000	       464.641	        74.299	     0.000	   281.830	   -11.992	    59.945	     0.000	    -1.434	395.377664	395.377664	464.810754	2329.027402
  77.200	   0.000	       476.622	        74.073	     0.000	   281.330	   -11.929	    58.857	     0.000	    -1.382	406.209683	406.209683	476.423106	2328.823034
  77.400	   0.000	       481.679	        74.261	     0.000	   280.831	   -11.865	    58.549	     0.000	    -1.368	412.511044	412.511044	482.279887	2328.992054
  77.600	   0.000	       498.050	        74.454	     0.000	   280.335	   -11.803	    57.207	     0.000	    -1.306	427.838738	427.838738	497.803269	2329.183592
  77.800	   0.000	       523.267	        73.335	     0.000	   279.840	   -11.740	    55.519	     0.000	    -1.230	453.080576	453.080576	523.152757	2328.118435
  78.000	   0.000	       531.356	        73.281	     0.000	   279.347	   -11.678	    54.838	     0.000	    -1.200	461.397619	461.397619	531.209125	2328.040670
  78.200	   0.000	       550.700	        72.836	     0.000	   278.855	   -11.617	    53.639	     0.000	    -1.148	480.915925	480.915925	550.954642	2327.576001
  78.400	   0.000	       558.555	        72.361	     0.000	   278.366	   -11.556	    53.057	     0.000	    -1.123	488.141922	488.141922	558.284786	2327.098417
  78.600	   0.000	       574.733	        73.155	     0.000	   277.878	   -11.495	    52.148	     0.000	    -1.085	504.699457	504.699457	574.664540	2327.898292
  78.800	   0.000	       582.169	        72.954	     0.000	   277.392	   -11.435	    51.680	     0.000	    -1.066	511.738331	511.738331	581.829536	2327.692759
  79.000	   0.000	       585.481	        73.121	     0.000	   276.907	   -11.375	    51.357	     0.000	    -1.052	515.504193	515.504193	585.504295	2327.856636
  79.200	   0.000	       588.796	        73.332	     0.000	   276.424	   -11.316	    51.160	     0.000	    -1.044	517.790976	517.790976	588.352864	2328.058624
  79.400	   0.000	       578.657	        72.237	     0.000	   275.943	   -11.257	    51.475	     0.000	    -1.057	509.195891	509.195891	578.931198	2326.989849
  79.600	   0.000	       577.869	        72.152	     0.000	   275.464	   -11.198	    51.455	     0.000	    -1.056	507.031255	507.031255	577.321581	2326.911440
  79.800	   0.000	       561.301	        71.721	     0.000	   274.986	   -11.140	    52.186	     0.000	    -1.087	491.615664	491.615664	561.592405	2326.468208
  80.000	   0.000	       547.442	        71.230	     0.000	   274.510	   -11.082	    52.741	     0.000	    -1.110	477.955547	477.955547	547.816973	2325.980043
  80.200	   0.000	       528.058	        72.048	     0.000	   274.035	   -11.025	    53.875	     0.000	    -1.158	457.647434	457.647434	527.811121	2326.785178
  80.400	   0.000	       503.203	        71.848	     0.000	   273.562	   -10.968	    55.237	     0.000	    -1.217	434.658870	434.658870	504.016385	2326.574795
  80.600	   0.000	       498.922	        71.993	     0.000	   273.091	   -10.911	    55.512	     0.000	    -1.230	428.107165	428.107165	498.562512	2326.735363
  80.800	   0.000	       479.194	        72.215	     0.000	   272.621	   -10.855	    56.684	     0.000	    -1.282	410.697638	410.697638	480.243705	2326.955378
  81.000	   0.000	       479.268	        71.100	     0.000	   272.153	   -10.799	    56.562	     0.000	    -1.277	408.187641	408.187641	478.612968	2325.872628
  81.200	   0.000	       462.877	        71.053	     0.000	   271.687	   -10.744	    57.619	     0.000	    -1.325	394.192063	394.192063	463.662833	2325.806713
  81.400	   0.000	       468.186	        70.626	     0.000	   271.222	   -10.689	    57.126	     0.000	    -1.302	397.588137	397.588137	467.944665	2325.383690
  81.600	   0.000	       464.535	        70.121	     0.000	   270.759	   -10.634	    57.296	     0.000	    -1.310	395.395328	395.395328	465.100076	2324.873609
  81.800	   0.000	       474.284	        70.960	     0.000	   270.297	   -10.580	    56.542	     0.000	    -1.276	404.261011	404.261011	474.238132	2325.694536
  82.000	   0.000	       485.179	        70.750	     0.000	   269.837	   -10.526	    55.740	     0.000	    -1.240	415.085082	415.085082	485.072421	2325.474425
  82.200	   0.000	       494.141	        70.871	     0.000	   269.379	   -10.472	    55.014	     0.000	    -1.208	424.612280	424.612280	494.351081	2325.627311
  82.400	   0.000	       512.624	        71.134	     0.000	   268.922	   -10.419	    53.801	     0.000	    -1.155	442.100821	442.100821	512.425863	2325.866965
  82.600	   0.000	       528.563	        69.991	     0.000	   268.466	   -10.366	    52.742	     0.000	    -1.110	458.628368	458.628368	528.511652	2324.765303
  82.800	   0.000	       551.462	        69.943	     0.000	   268.013	   -10.314	    51.335	     0.000	    -1.052	480.905456	480.905456	551.051722	2324.726894
  83.000	   0.000	       563.671	        69.550	     0.000	   267.560	   -10.262	    50.618	     0.000	    -1.022	493.580405	493.580405	563.673387	2324.309246
  83.200	   0.000	       570.086	        69.015	     0.000	   267.109	   -10.210	    50.117	     0.000	    -1.002	499.921274	499.921274	569.943493	2323.770480
  83.400	   0.000	       579.679	        69.895	     0.000	   266.660	   -10.158	    49.643	     0.000	    -0.983	509.244445	509.244445	579.469505	2324.605112
  83.600	   0.000	       575.730	        69.627	     0.000	   266.212	   -10.107	    49.693	     0.000	    -0.985	505.516359	505.516359	575.420652	2324.370416
  83.800	   0.000	       584.973	        69.760	     0.000	   265.766	   -10.056	    49.190	     0.000	    -0.966	514.543681	514.543681	584.939691	2324.521400
  84.000	   0.000	       571.371	        70.057	     0.000	   265.321	   -10.006	    49.769	     0.000	    -0.988	501.481846	501.481846	571.324648	2324.782193
  84.200	   0.000	       569.129	        68.909	     0.000	   264.878	    -9.956	    49.685	     0.000	    -0.985	499.357191	499.357191	569.479151	2323.665959
  84.400	   0.000	       551.553	        68.900	     0.000	   264.436	    -9.906	    50.559	     0.000	    -1.020	481.964132	481.964132	551.712736	2323.659668
  84.600	   0.000	       537.209	        68.467	     0.000	   263.996	    -9.857	    51.126	     0.000	    -1.043	467.297624	467.297624	537.259298	2323.232197
  84.800	   0.000	       525.780	        67.910	     0.000	   263.557	    -9.808	    51.730	     0.000	    -1.068	455.734121	455.734121	526.023262	2322.670041
  85.000	   0.000	       504.101	        68.802	     0.000	   263.119	    -9.759	    52.865	     0.000	    -1.115	434.424115	434.424115	504.166098	2323.510160
  85.200	   0.000	       490.666	        68.495	     0.000	   262.683	    -9.711	    53.668	     0.000	    -1.149	420.758420	420.758420	490.987210	2323.248531
  85.400	   0.000	       469.055	        68.647	     0.000	   262.249	    -9.662	    54.988	     0.000	    -1.207	399.246785	399.246785	469.070215	2323.405435
  85.600	   0.000	       468.014	        68.972	     0.000	   261.816	    -9.615	    55.038	     0.000	    -1.209	397.865039	397.865039	468.041050	2323.693063
  85.800	   0.000	       462.132	        67.810	     0.000	   261.384	    -9.567	    55.298	     0.000	    -1.220	392.386979	392.386979	462.423591	2322.573557
  86.000	   0.000	       461.894	        67.837	     0.000	   260.954	    -9.520	    55.187	     0.000	    -1.215	392.518913	392.518913	462.184911	2322.588859
  86.200	   0.000	       470.951	        67.407	     0.000	   260.525	    -9.473	    54.513	     0.000	    -1.186	400.275304	400.275304	470.812600	2322.143861
  86.400	   0.000	       466.263	        66.799	     0.000	   260.098	    -9.427	    54.671	     0.000	    -1.193	397.457663	397.457663	466.799188	2321.570469
  86.600	   0.000	       486.754	        67.695	     0.000	   259.672	    -9.380	    53.285	     0.000	    -1.133	415.978368	415.978368	486.438177	2322.405749
  86.800	   0.000	       492.408	        67.355	     0.000	   259.247	    -9.334	    52.895	     0.000	    -1.116	423.147202	423.147202	492.974496	2322.127537
  87.000	   0.000	       515.641	        67.551	     0.000	   258.824	    -9.289	    51.371	     0.000	    -1.053	444.733002	444.733002	515.144135	2322.291040
  87.200	   0.000	       528.721	        67.868	     0.000	   258.402	    -9.243	    50.634	     0.000	    -1.023	458.835412	458.835412	528.801580	2322.595117
  87.400	   0.000	       539.979	        66.717	     0.000	   257.981	    -9.198	    49.830	     0.000	    -0.991	470.185802	470.185802	540.080902	2321.483016
  87.600	   0.000	       561.270	        66.746	     0.000	   257.562	    -9.154	    48.722	     0.000	    -0.947	490.763415	490.763415	560.968297	2321.506325
  87.800	   0.000	       567.129	        66.295	     0.000	   257.144	    -9.109	    48.269	     0.000	    -0.930	497.978458	497.978458	567.748426	2321.054112
  88.000	   0.000	       583.906	        65.709	     0.000	   256.728	    -9.065	    47.379	     0.000	    -0.896	512.511203	512.511203	582.863838	2320.478598
  88.200	   0.000	       573.640	        66.579	     0.000	   256.313	    -9.021	    47.835	     0.000	    -0.913	504.516800	504.516800	574.117513	2321.296325
  88.400	   0.000	       576.410	        66.250	     0.000	   255.899	    -8.977	    47.528	     0.000	    -0.901	505.950131	505.950131	576.319436	2321.015157
  88.600	   0.000	       565.116	        66.443	     0.000	   255.487	    -8.934	    48.075	     0.000	    -0.922	495.192594	495.192594	565.238057	2321.187268
  88.800	   0.000	       556.233	        66.761	     0.000	   255.076	    -8.891	    48.376	     0.000	    -0.934	486.549355	486.549355	556.494200	2321.500532
  89.000	   0.000	       550.290	        65.642	     0.000	   254.666	    -8.848	    48.579	     0.000	    -0.942	479.740829	479.740829	549.870549	2320.407162
  89.200	   0.000	       530.923	        65.682	     0.000	   254.257	    -8.806	    49.477	     0.000	    -0.977	461.585212	461.585212	531.528241	2320.430315
  89.400	   0.000	       516.757	        65.228	     0.000	   253.850	    -8.764	    50.096	     0.000	    -1.001	446.838481	446.838481	516.835067	2319.990343
  89.600	   0.000	       496.548	        64.619	     0.000	   253.444	    -8.722	    51.220	     0.000	    -1.047	426.495183	426.495183	496.473959	2319.413112
  89.800	   0.000	       484.315	        65.484	     0.000	   253.040	    -8.680	    51.849	     0.000	    -1.073	414.877498	414.877498	484.682939	2320.203394
  90.000	   0.000	       474.511	        65.174	     0.000	   252.637	    -8.638	    52.454	     0.000	    -1.098	404.101485	404.101485	474.314890	2319.929044
  90.200	   0.000	       457.884	        65.356	     0.000	   252.235	    -8.597	    53.380	     0.000	    -1.137	388.733603	388.733603	458.528780	2320.099376
  90.400	   0.000	       459.338	        65.676	     0.000	   251.834	    -8.556	    53.336	     0.000	    -1.135	389.015556	389.015556	459.352684	2320.431212
  90.600	   0.000	       451.726	        64.622	     0.000	   251.435	    -8.516	    53.687	     0.000	    -1.150	382.497529	382.497529	451.812201	2319.378428
  90.800	   0.000	       467.404	        64.659	     0.000	   251.036	    -8.475	    52.566	     0.000	    -1.103	397.305178	397.305178	467.808337	2319.398123
  91.000	   0.000	       470.514	        64.240	     0.000	   250.640	    -8.435	    52.261	     0.000	    -1.090	401.348831	401.348831	470.912382	2318.982542
  91.200	   0.000	       488.341	        63.631	     0.000	   250.244	    -8.395	    51.021	     0.000	    -1.039	418.082193	418.082193	488.340513	2318.398423
  91.400	   0.000	       496.313	        64.430	     0.000	   249.850	    -8.356	    50.538	     0.000	    -1.019	426.430831	426.430831	496.462558	2319.165574
  91.600	   0.000	       509.570	        64.160	     0.000	   249.456	    -8.316	    49.687	     0.000	    -0.985	439.660660	439.660660	509.469183	2318.908761
  91.800	   0.000	       526.512	        64.312	     0.000	   249.065	    -8.277	    48.706	     0.000	    -0.947	456.433560	456.433560	526.870888	2319.076337
  92.000	   0.000	       542.276	        64.685	     0.000	   248.674	    -8.238	    47.834	     0.000	    -0.913	472.392825	472.392825	542.015866	2319.430494
  92.200	   0.000	       560.190	        63.675	     0.000	   248.284	    -8.200	    46.832	     0.000	    -0.875	489.321247	489.321247	559.834200	2318.427693
  92.400	   0.000	       563.096	        63.713	     0.000	   247.896	    -8.161	    46.618	     0.000	    -0.867	493.435573	493.435573	563.188490	2318.450180
  92.600	   0.000	       575.103	        63.319	     0.000	   247.509	    -8.123	    45.973	     0.000	    -0.843	503.918653	503.918653	574.379693	2318.065162
  92.800	   0.000	       576.729	        62.715	     0.000	   247.123	    -8.085	    45.790	     0.000	    -0.837	507.041504	507.041504	577.000299	2317.474653
  93.000	   0.000	       572.117	        63.507	     0.000	   246.739	    -8.047	    45.942	     0.000	    -0.842	501.607453	501.607453	571.549375	2318.231274
  93.200	   0.000	       568.365	        63.243	     0.000	   246.355	    -8.010	    46.028	     0.000	    -0.845	497.944213	497.944213	568.272911	2317.998083
  93.400	   0.000	       548.247	        63.395	     0.000	   245.973	    -7.973	    46.886	     0.000	    -0.877	478.716530	478.716530	548.712225	2318.171908
  93.600	   0.000	       540.153	        63.815	     0.000	   245.592	    -7.936	    47.216	     0.000	    -0.890	469.462700	469.462700	539.686350	2318.557827
  93.800	   0.000	       519.082	        62.853	     0.000	   245.212	    -7.899	    48.227	     0.000	    -0.928	449.650194	449.650194	519.502255	2317.600225
  94.000	   0.000	       512.639	        62.890	     0.000	   244.833	    -7.862	    48.417	     0.000	    -0.935	442.605850	442.605850	512.664480	2317.630707
  94.200	   0.000	       495.382	        62.531	     0.000	   244.456	    -7.826	    49.361	     0.000	    -0.972	425.609830	425.609830	495.485669	2317.275151
  94.400	   0.000	       480.066	        61.915	     0.000	   244.079	    -7.790	    50.013	     0.000	    -0.998	410.489930	410.489930	480.474777	2316.688333
  94.600	   0.000	       468.486	        62.694	     0.000	   243.704	    -7.754	    50.841	     0.000	    -1.031	398.178458	398.178458	468.179496	2317.447047
  94.800	   0.000	       455.151	        62.488	     0.000	   243.330	    -7.719	    51.520	     0.000	    -1.059	386.051955	386.051955	455.982610	2317.236381
  95.000	   0.000	       459.606	        62.651	     0.000	   242.957	    -7.683	    51.203	     0.000	    -1.046	389.242199	389.242199	459.423920	2317.427542
  95.200	   0.000	       451.733	        63.117	     0.000	   242.585	    -7.648	    51.726	     0.000	    -1.068	382.400684	382.400684	452.193767	2317.845303
  95.400	   0.000	       460.462	        62.172	     0.000	   242.215	    -7.613	    50.937	     0.000	    -1.035	391.641944	391.641944	461.264769	2316.938253
  95.600	   0.000	       470.371	        62.249	     0.000	   241.845	    -7.578	    50.369	     0.000	    -1.012	399.329763	399.329763	469.648297	2316.987105
  95.800	   0.000	       480.692	        61.912	     0.000	   241.477	    -7.544	    49.553	     0.000	    -0.980	411.810673	411.810673	481.642396	2316.649439
  96.000	   0.000	       503.217	        61.321	     0.000	   241.110	    -7.509	    48.231	     0.000	    -0.928	432.524008	432.524008	502.853760	2316.083596
  96.200	   0.000	       513.879	        62.093	     0.000	   240.744	    -7.475	    47.614	     0.000	    -0.905	444.177723	444.177723	513.996964	2316.851780
  96.400	   0.000	       532.408	        61.889	     0.000	   240.378	    -7.441	    46.550	     0.000	    -0.865	461.543074	461.543074	532.174453	2316.662786
  96.600	   0.000	       538.411	        62.119	     0.000	   240.015	    -7.407	    46.248	     0.000	    -0.853	468.355876	468.355876	538.191502	2316.880778
  96.800	   0.000	       553.419	        62.592	     0.000	   239.652	    -7.374	    45.435	     0.000	    -0.824	482.999254	482.999254	553.253627	2317.321087
  97.000	   0.000	       567.388	        61.693	     0.000	   239.290	    -7.340	    44.769	     0.000	    -0.800	496.780865	496.780865	567.019055	2316.463017
  97.200	   0.000	       568.499	        61.806	     0.000	   238.929	    -7.307	    44.562	     0.000	    -0.792	498.929107	498.929107	568.534023	2316.544376
  97.400	   0.000	       577.121	        61.495	     0.000	   238.570	    -7.274	    44.138	     0.000	    -0.777	506.178702	506.178702	576.837761	2316.223655
  97.600	   0.000	       564.195	        60.942	     0.000	   238.211	    -7.242	    44.601	     0.000	    -0.794	494.804437	494.804437	564.163317	2315.696801
  97.800	   0.000	       565.464	        61.733	     0.000	   237.854	    -7.209	    44.466	     0.000	    -0.789	494.870885	494.870885	565.496791	2316.469611
  98.000	   0.000	       547.111	        61.545	     0.000	   237.498	    -7.177	    45.264	     0.000	    -0.818	477.642368	477.642368	547.463543	2316.304035
  98.200	   0.000	       537.882	        61.795	     0.000	   237.142	    -7.145	    45.607	     0.000	    -0.830	467.178210	467.178210	537.385583	2316.557754
  98.400	   0.000	       517.795	        62.275	     0.000	   236.788	    -7.113	    46.566	     0.000	    -0.865	448.670637	448.670637	518.605545	2317.015245
  98.600	   0.000	       500.002	        61.434	     0.000	   236.435	    -7.081	    47.373	     0.000	    -0.896	429.743564	429.743564	499.700781	2316.210296
  98.800	   0.000	       487.160	        61.598	     0.000	   236.083	    -7.049	    48.026	     0.000	    -0.920	417.783300	417.783300	487.906452	2316.319934
  99.000	   0.000	       475.219	        61.286	     0.000	   235.732	    -7.018	    48.649	     0.000	    -0.944	405.483376	405.483376	475.271386	2316.017157
  99.200	   0.000	       469.931	        60.788	     0.000	   235.382	    -6.987	    48.833	     0.000	    -0.952	399.857184	399.857184	469.821014	2315.540903
  99.400	   0.000	       458.317	        61.568	     0.000	   235.033	    -6.956	    49.557	     0.000	    -0.980	388.960412	388.960412	458.880485	2316.308726
  99.600	   0.000	       450.854	        61.412	     0.000	   234.685	    -6.925	    49.881	     0.000	    -0.993	381.079771	381.079771	451.012393	2316.177320
  99.800	   0.000	       456.525	        61.731	     0.000	   234.338	    -6.894	    49.586	     0.000	    -0.981	386.660222	386.660222	456.802722	2316.470047
 100.000	   0.000	       456.973	        62.185	     0.000	   233.992	    -6.864	    49.461	     0.000	    -0.976	387.102810	387.102810	456.971984	2316.943980
