    时间	    汇点水头	    大井水位	    升管水位	    大井流量	    升管流量	    底板压差
   0.000	      0.643	   2345.643	    2345.643	      0.000	      0.000	      0.000
   0.200	      0.642	   2345.642	    2345.642	     -0.201	      0.000	     -0.000
   0.400	      0.642	   2345.642	    2345.642	     -0.099	      0.000	     -0.000
   0.600	      0.640	   2345.640	    2345.640	     -0.349	      0.000	     -0.000
   0.800	      0.637	   2345.637	    2345.637	     -1.383	      0.000	     -0.000
   1.000	      0.630	   2345.630	    2345.630	     -2.270	      0.000	     -0.001
   1.200	      0.619	   2345.620	    2345.620	     -2.801	      0.000	     -0.001
   1.400	      0.606	   2345.608	    2345.608	     -3.483	      0.000	     -0.002
   1.600	      0.591	   2345.594	    2345.594	     -4.019	      0.000	     -0.002
   1.800	      0.575	   2345.578	    2345.578	     -4.256	      0.000	     -0.003
   2.000	      0.559	   2345.562	    2345.562	     -4.517	      0.000	     -0.003
   2.200	      0.540	   2345.544	    2345.544	     -5.264	      0.000	     -0.004
   2.400	      0.517	   2345.522	    2345.522	     -6.236	      0.000	     -0.006
   2.600	      0.489	   2345.497	    2345.497	     -7.314	      0.000	     -0.008
   2.800	      0.456	   2345.466	    2345.466	     -8.592	      0.000	     -0.011
   3.000	      0.415	   2345.431	    2345.431	    -10.831	      0.000	     -0.017
   3.200	      0.366	   2345.388	    2345.388	    -12.305	      0.000	     -0.022
   3.400	      0.308	   2345.339	    2345.339	    -14.276	      0.000	     -0.030
   3.600	      0.239	   2345.280	    2345.280	    -16.635	      0.000	     -0.041
   3.800	      0.158	   2345.212	    2345.212	    -19.042	      0.000	     -0.053
   4.000	      0.077	   2345.137	    2345.137	    -20.110	      0.000	     -0.060
   4.200	     -0.011	   2345.058	    2345.058	    -21.531	      0.000	     -0.069
   4.400	     -0.104	   2344.974	    2344.974	    -22.983	      0.000	     -0.079
   4.600	     -0.203	   2344.885	    2344.885	    -24.300	      0.000	     -0.088
   4.800	     -0.310	   2344.789	    2344.789	    -25.939	      0.000	     -0.099
   5.000	     -0.426	   2344.688	    2344.688	    -27.643	      0.000	     -0.114
   5.200	     -0.553	   2344.579	    2344.579	    -29.714	      0.000	     -0.131
   5.400	     -0.684	   2344.463	    2344.463	    -31.466	      0.000	     -0.147
   5.600	     -0.819	   2344.342	    2344.342	    -32.942	      0.000	     -0.161
   5.800	     -0.968	   2344.214	    2344.214	    -34.970	      0.000	     -0.182
   6.000	     -1.129	   2344.077	    2344.077	    -37.202	      0.000	     -0.206
   6.200	     -1.296	   2343.932	    2343.932	    -39.132	      0.000	     -0.228
   6.400	     -1.479	   2343.779	    2343.779	    -41.652	      0.000	     -0.257
   6.600	     -1.666	   2343.617	    2343.617	    -43.534	      0.000	     -0.284
   6.800	     -1.858	   2343.449	    2343.449	    -45.428	      0.000	     -0.307
   7.000	     -2.057	   2343.274	    2343.274	    -47.152	      0.000	     -0.331
   7.200	     -2.268	   2343.092	    2343.092	    -49.109	      0.000	     -0.360
   7.400	     -2.490	   2342.901	    2342.901	    -51.236	      0.000	     -0.391
   7.600	     -2.719	   2342.702	    2342.702	    -53.079	      0.000	     -0.421
   7.800	     -2.943	   2342.498	    2342.498	    -54.409	      0.000	     -0.441
   8.000	     -3.175	   2342.289	    2342.289	    -55.827	      0.000	     -0.465
   8.200	     -3.408	   2342.076	    2342.076	    -57.039	      0.000	     -0.484
   8.400	     -3.640	   2341.859	    2341.859	    -57.940	      0.000	     -0.499
   8.600	     -3.892	   2341.636	    2341.636	    -59.507	      0.000	     -0.529
   8.800	     -4.142	   2341.408	    2341.408	    -60.675	      0.000	     -0.550
   9.000	     -4.387	   2341.176	    2341.176	    -61.455	      0.000	     -0.564
   9.200	     -4.628	   2340.943	    2340.943	    -61.813	      0.000	     -0.571
   9.400	     -4.874	   2340.708	    2340.708	    -62.503	      0.000	     -0.582
   9.600	     -5.136	   2340.469	    2340.469	    -63.652	      0.000	     -0.604
   9.800	     -5.394	   2340.226	    2340.226	    -64.529	      0.000	     -0.619
  10.000	     -5.651	   2339.980	    2339.980	    -64.989	      0.000	     -0.631
  10.200	     -5.909	   2339.732	    2339.732	    -65.469	      0.000	     -0.641
  10.400	     -6.140	   2339.485	    2339.485	    -64.615	      0.000	     -0.625
  10.600	     -6.366	   2339.241	    2339.241	    -63.756	      0.000	     -0.608
  10.800	     -6.585	   2339.001	    2339.001	    -62.732	      0.000	     -0.587
  11.000	     -6.800	   2338.766	    2338.766	    -61.559	      0.000	     -0.566
  11.200	     -7.006	   2338.535	    2338.535	    -60.076	      0.000	     -0.541
  11.400	     -7.187	   2338.311	    2338.311	    -57.732	      0.000	     -0.498
  11.600	     -7.355	   2338.097	    2338.097	    -54.954	      0.000	     -0.452
  11.800	     -7.503	   2337.895	    2337.895	    -51.632	      0.000	     -0.398
  12.000	     -7.640	   2337.706	    2337.706	    -48.036	      0.000	     -0.346
  12.200	     -7.779	   2337.530	    2337.530	    -45.411	      0.000	     -0.309
  12.400	     -7.909	   2337.363	    2337.363	    -42.726	      0.000	     -0.272
  12.600	     -8.027	   2337.207	    2337.207	    -39.485	      0.000	     -0.234
  12.800	     -8.127	   2337.064	    2337.064	    -35.695	      0.000	     -0.191
  13.000	     -8.214	   2336.936	    2336.936	    -31.740	      0.000	     -0.151
  13.200	     -8.286	   2336.825	    2336.825	    -27.285	      0.000	     -0.111
  13.400	     -8.342	   2336.733	    2336.733	    -22.249	      0.000	     -0.075
  13.600	     -8.388	   2336.658	    2336.658	    -17.301	      0.000	     -0.046
  13.800	     -8.425	   2336.600	    2336.600	    -12.916	      0.000	     -0.025
  14.000	     -8.451	   2336.560	    2336.560	     -8.367	      0.000	     -0.011
  14.200	     -8.465	   2336.537	    2336.537	     -3.567	      0.000	     -0.002
  14.400	     -8.470	   2336.530	    2336.530	      0.035	      0.000	      0.000
  14.600	     -8.466	   2336.534	    2336.534	      1.630	      0.000	      0.000
  14.800	     -8.458	   2336.541	    2336.541	      1.786	      0.000	      0.000
  15.000	     -8.453	   2336.546	    2336.546	      0.819	      0.000	      0.000
  15.200	     -8.453	   2336.547	    2336.547	     -0.367	      0.000	     -0.000
  15.400	     -8.456	   2336.544	    2336.544	     -1.156	      0.000	     -0.000
  15.600	     -8.463	   2336.538	    2336.538	     -2.271	      0.000	     -0.001
  15.800	     -8.477	   2336.525	    2336.525	     -4.286	      0.000	     -0.003
  16.000	     -8.505	   2336.503	    2336.503	     -7.341	      0.000	     -0.008
  16.200	     -8.546	   2336.470	    2336.470	    -10.341	      0.000	     -0.016
  16.400	     -8.598	   2336.426	    2336.426	    -12.831	      0.000	     -0.024
  16.600	     -8.660	   2336.374	    2336.374	    -15.254	      0.000	     -0.034
  16.800	     -8.731	   2336.312	    2336.312	    -16.966	      0.000	     -0.043
  17.000	     -8.802	   2336.246	    2336.246	    -17.897	      0.000	     -0.048
  17.200	     -8.879	   2336.176	    2336.176	    -19.166	      0.000	     -0.055
  17.400	     -8.968	   2336.099	    2336.099	    -21.313	      0.000	     -0.067
  17.600	     -9.071	   2336.014	    2336.014	    -24.017	      0.000	     -0.085
  17.800	     -9.191	   2335.918	    2335.918	    -27.081	      0.000	     -0.108
  18.000	     -9.326	   2335.809	    2335.809	    -30.186	      0.000	     -0.135
  18.200	     -9.483	   2335.688	    2335.688	    -33.879	      0.000	     -0.170
  18.400	     -9.666	   2335.551	    2335.551	    -38.247	      0.000	     -0.217
  18.600	     -9.889	   2335.396	    2335.396	    -43.968	      0.000	     -0.285
  18.800	    -10.134	   2335.220	    2335.220	    -48.765	      0.000	     -0.354
  19.000	    -10.348	   2335.031	    2335.031	    -50.419	      0.000	     -0.379
  19.200	    -10.518	   2334.842	    2334.842	    -49.094	      0.000	     -0.360
  19.400	    -10.659	   2334.661	    2334.661	    -46.224	      0.000	     -0.320
  19.600	    -10.783	   2334.492	    2334.492	    -42.818	      0.000	     -0.275
  19.800	    -10.911	   2334.334	    2334.334	    -40.427	      0.000	     -0.245
  20.000	    -11.039	   2334.185	    2334.185	    -38.809	      0.000	     -0.225
  20.200	    -11.169	   2334.041	    2334.041	    -37.517	      0.000	     -0.210
  20.400	    -11.285	   2333.903	    2333.903	    -35.361	      0.000	     -0.188
  20.600	    -11.377	   2333.774	    2333.774	    -31.794	      0.000	     -0.152
  20.800	    -11.455	   2333.661	    2333.661	    -27.764	      0.000	     -0.116
  21.000	    -11.527	   2333.563	    2333.563	    -24.452	      0.000	     -0.090
  21.200	    -11.595	   2333.476	    2333.476	    -21.723	      0.000	     -0.071
  21.400	    -11.656	   2333.398	    2333.398	    -19.049	      0.000	     -0.055
  21.600	    -11.705	   2333.332	    2333.332	    -15.835	      0.000	     -0.038
  21.800	    -11.739	   2333.280	    2333.280	    -11.270	      0.000	     -0.019
  22.000	    -11.759	   2333.247	    2333.247	     -6.155	      0.000	     -0.006
  22.200	    -11.768	   2333.232	    2333.232	     -1.547	      0.000	     -0.000
  22.400	    -11.766	   2333.234	    2333.234	      2.241	      0.000	      0.001
  22.600	    -11.747	   2333.249	    2333.249	      5.495	      0.000	      0.004
  22.800	    -11.712	   2333.276	    2333.276	      9.066	      0.000	      0.012
  23.000	    -11.655	   2333.319	    2333.319	     13.461	      0.000	      0.027
  23.200	    -11.575	   2333.378	    2333.378	     17.738	      0.000	      0.047
  23.400	    -11.481	   2333.452	    2333.452	     21.272	      0.000	      0.067
  23.600	    -11.380	   2333.538	    2333.538	     23.406	      0.000	      0.082
  23.800	    -11.290	   2333.627	    2333.627	     23.666	      0.000	      0.083
  24.000	    -11.194	   2333.718	    2333.718	     24.288	      0.000	      0.088
  24.200	    -11.085	   2333.813	    2333.813	     26.134	      0.000	      0.102
  24.400	    -10.968	   2333.916	    2333.916	     28.034	      0.000	      0.116
  24.600	    -10.842	   2334.026	    2334.026	     29.764	      0.000	      0.132
  24.800	    -10.721	   2334.140	    2334.140	     30.507	      0.000	      0.139
  25.000	    -10.607	   2334.256	    2334.256	     30.333	      0.000	      0.137
  25.200	    -10.495	   2334.370	    2334.370	     30.116	      0.000	      0.135
  25.400	    -10.388	   2334.482	    2334.482	     29.462	      0.000	      0.130
  25.600	    -10.271	   2334.595	    2334.595	     29.895	      0.000	      0.134
  25.800	    -10.157	   2334.709	    2334.709	     29.987	      0.000	      0.134
  26.000	    -10.051	   2334.821	    2334.821	     29.324	      0.000	      0.128
  26.200	     -9.942	   2334.932	    2334.932	     29.046	      0.000	      0.126
  26.400	     -9.841	   2335.040	    2335.040	     28.227	      0.000	      0.119
  26.600	     -9.743	   2335.146	    2335.146	     27.340	      0.000	      0.112
  26.800	     -9.642	   2335.248	    2335.248	     27.069	      0.000	      0.109
  27.000	     -9.544	   2335.350	    2335.350	     26.562	      0.000	      0.106
  27.200	     -9.438	   2335.452	    2335.452	     27.149	      0.000	      0.110
  27.400	     -9.330	   2335.556	    2335.556	     27.670	      0.000	      0.114
  27.600	     -9.221	   2335.661	    2335.661	     28.104	      0.000	      0.118
  27.800	     -9.103	   2335.770	    2335.770	     29.191	      0.000	      0.127
  28.000	     -8.987	   2335.882	    2335.882	     29.769	      0.000	      0.132
  28.200	     -8.868	   2335.995	    2335.995	     30.312	      0.000	      0.137
  28.400	     -8.744	   2336.112	    2336.112	     31.039	      0.000	      0.144
  28.600	     -8.627	   2336.230	    2336.230	     30.946	      0.000	      0.143
  28.800	     -8.511	   2336.347	    2336.347	     30.852	      0.000	      0.142
  29.000	     -8.402	   2336.462	    2336.462	     30.194	      0.000	      0.136
  29.200	     -8.295	   2336.575	    2336.575	     29.528	      0.000	      0.130
  29.400	     -8.186	   2336.686	    2336.686	     29.234	      0.000	      0.128
  29.600	     -8.084	   2336.796	    2336.796	     28.361	      0.000	      0.120
  29.800	     -7.983	   2336.902	    2336.902	     27.824	      0.000	      0.115
  30.000	     -7.875	   2337.008	    2337.008	     28.085	      0.000	      0.118
  30.200	     -7.764	   2337.115	    2337.115	     28.561	      0.000	      0.121
  30.400	     -7.644	   2337.225	    2337.225	     29.700	      0.000	      0.131
  30.600	     -7.517	   2337.340	    2337.340	     31.017	      0.000	      0.143
  30.800	     -7.383	   2337.461	    2337.461	     32.388	      0.000	      0.156
  31.000	     -7.246	   2337.586	    2337.586	     33.569	      0.000	      0.168
  31.200	     -7.109	   2337.715	    2337.715	     34.370	      0.000	      0.176
  31.400	     -6.966	   2337.847	    2337.847	     35.509	      0.000	      0.187
  31.600	     -6.824	   2337.982	    2337.982	     36.112	      0.000	      0.194
  31.800	     -6.687	   2338.119	    2338.119	     36.018	      0.000	      0.194
  32.000	     -6.549	   2338.256	    2338.256	     36.159	      0.000	      0.195
  32.200	     -6.414	   2338.393	    2338.393	     35.959	      0.000	      0.193
  32.400	     -6.281	   2338.528	    2338.528	     35.659	      0.000	      0.190
  32.600	     -6.153	   2338.662	    2338.662	     35.193	      0.000	      0.185
  32.800	     -6.019	   2338.796	    2338.796	     35.281	      0.000	      0.186
  33.000	     -5.892	   2338.928	    2338.928	     34.703	      0.000	      0.180
  33.200	     -5.783	   2339.056	    2339.056	     32.851	      0.000	      0.161
  33.400	     -5.675	   2339.178	    2339.178	     31.322	      0.000	      0.147
  33.600	     -5.572	   2339.294	    2339.294	     29.941	      0.000	      0.134
  33.800	     -5.469	   2339.405	    2339.405	     29.067	      0.000	      0.126
  34.000	     -5.356	   2339.516	    2339.516	     29.401	      0.000	      0.129
  34.200	     -5.235	   2339.628	    2339.628	     30.346	      0.000	      0.137
  34.400	     -5.100	   2339.747	    2339.747	     32.005	      0.000	      0.153
  34.600	     -4.974	   2339.870	    2339.870	     32.409	      0.000	      0.157
  34.800	     -4.857	   2339.992	    2339.992	     31.828	      0.000	      0.151
  35.000	     -4.745	   2340.111	    2340.111	     31.002	      0.000	      0.144
  35.200	     -4.639	   2340.226	    2340.226	     30.122	      0.000	      0.135
  35.400	     -4.519	   2340.341	    2340.341	     30.697	      0.000	      0.140
  35.600	     -4.380	   2340.461	    2340.461	     32.717	      0.000	      0.159
  35.800	     -4.227	   2340.589	    2340.589	     35.152	      0.000	      0.184
  36.000	     -4.062	   2340.728	    2340.728	     37.569	      0.000	      0.210
  36.200	     -3.907	   2340.872	    2340.872	     38.498	      0.000	      0.221
  36.400	     -3.754	   2341.019	    2341.019	     39.033	      0.000	      0.227
  36.600	     -3.604	   2341.167	    2341.167	     39.198	      0.000	      0.229
  36.800	     -3.455	   2341.315	    2341.315	     39.247	      0.000	      0.230
  37.000	     -3.289	   2341.466	    2341.466	     40.584	      0.000	      0.245
  37.200	     -3.106	   2341.624	    2341.624	     42.607	      0.000	      0.270
  37.400	     -2.915	   2341.789	    2341.789	     44.612	      0.000	      0.296
  37.600	     -2.713	   2341.962	    2341.962	     46.698	      0.000	      0.325
  37.800	     -2.517	   2342.142	    2342.142	     47.909	      0.000	      0.342
  38.000	     -2.332	   2342.324	    2342.324	     47.975	      0.000	      0.344
  38.200	     -2.164	   2342.504	    2342.504	     47.098	      0.000	      0.331
  38.400	     -1.998	   2342.681	    2342.681	     46.370	      0.000	      0.321
  38.600	     -1.828	   2342.856	    2342.856	     46.005	      0.000	      0.316
  38.800	     -1.656	   2343.030	    2343.030	     45.842	      0.000	      0.313
  39.000	     -1.485	   2343.204	    2343.204	     45.687	      0.000	      0.311
  39.200	     -1.312	   2343.377	    2343.377	     45.653	      0.000	      0.311
  39.400	     -1.134	   2343.550	    2343.550	     46.020	      0.000	      0.316
  39.600	     -0.954	   2343.725	    2343.725	     46.377	      0.000	      0.321
  39.800	     -0.779	   2343.901	    2343.901	     46.338	      0.000	      0.320
  40.000	     -0.600	   2344.077	    2344.077	     46.564	      0.000	      0.323
  40.200	     -0.428	   2344.253	    2344.253	     46.279	      0.000	      0.320
  40.400	     -0.261	   2344.427	    2344.427	     45.693	      0.000	      0.312
  40.600	     -0.091	   2344.600	    2344.600	     45.510	      0.000	      0.309
  40.800	      0.080	   2344.772	    2344.772	     45.409	      0.000	      0.308
  41.000	      0.251	   2344.944	    2344.944	     45.404	      0.000	      0.307
  41.200	      0.425	   2345.116	    2345.116	     45.520	      0.000	      0.309
  41.400	      0.597	   2345.288	    2345.288	     45.457	      0.000	      0.308
  41.600	      0.769	   2345.461	    2345.461	     45.473	      0.000	      0.308
  41.800	      0.934	   2345.633	    2345.633	     44.954	      0.000	      0.302
  42.000	      1.095	   2345.802	    2345.802	     44.341	      0.000	      0.293
  42.200	      1.260	   2345.969	    2345.969	     44.110	      0.000	      0.290
  42.400	      1.421	   2346.136	    2346.136	     43.719	      0.000	      0.285
  42.600	      1.582	   2346.301	    2346.301	     43.446	      0.000	      0.282
  42.800	      1.749	   2346.465	    2346.465	     43.570	      0.000	      0.283
  43.000	      1.913	   2346.631	    2346.631	     43.468	      0.000	      0.282
  43.200	      2.074	   2346.795	    2346.795	     43.223	      0.000	      0.279
  43.400	      2.229	   2346.957	    2346.957	     42.630	      0.000	      0.271
  43.600	      2.381	   2347.118	    2347.118	     42.017	      0.000	      0.264
  43.800	      2.533	   2347.276	    2347.276	     41.510	      0.000	      0.257
  44.000	      2.682	   2347.432	    2347.432	     40.903	      0.000	      0.250
  44.200	      2.833	   2347.586	    2347.586	     40.661	      0.000	      0.247
  44.400	      2.989	   2347.741	    2347.741	     40.785	      0.000	      0.248
  44.600	      3.139	   2347.895	    2347.895	     40.465	      0.000	      0.244
  44.800	      3.286	   2348.047	    2348.047	     40.022	      0.000	      0.239
  45.000	      3.431	   2348.198	    2348.198	     39.498	      0.000	      0.233
  45.200	      3.571	   2348.346	    2348.346	     38.763	      0.000	      0.224
  45.400	      3.708	   2348.492	    2348.492	     38.061	      0.000	      0.216
  45.600	      3.846	   2348.635	    2348.635	     37.541	      0.000	      0.210
  45.800	      3.985	   2348.777	    2348.777	     37.318	      0.000	      0.208
  46.000	      4.125	   2348.918	    2348.918	     37.242	      0.000	      0.207
  46.200	      4.260	   2349.058	    2349.058	     36.772	      0.000	      0.202
  46.400	      4.395	   2349.197	    2349.197	     36.413	      0.000	      0.198
  46.600	      4.527	   2349.334	    2349.334	     35.939	      0.000	      0.193
  46.800	      4.652	   2349.469	    2349.469	     35.026	      0.000	      0.183
  47.000	      4.776	   2349.600	    2349.600	     34.315	      0.000	      0.176
  47.200	      4.900	   2349.729	    2349.729	     33.872	      0.000	      0.171
  47.400	      5.023	   2349.856	    2349.856	     33.450	      0.000	      0.167
  47.600	      5.148	   2349.983	    2349.983	     33.235	      0.000	      0.165
  47.800	      5.269	   2350.108	    2350.108	     32.884	      0.000	      0.161
  48.000	      5.391	   2350.232	    2350.232	     32.578	      0.000	      0.158
  48.200	      5.507	   2350.355	    2350.355	     31.968	      0.000	      0.153
  48.400	      5.617	   2350.474	    2350.474	     30.940	      0.000	      0.143
  48.600	      5.727	   2350.590	    2350.590	     30.331	      0.000	      0.137
  48.800	      5.837	   2350.704	    2350.704	     29.830	      0.000	      0.133
  49.000	      5.944	   2350.816	    2350.816	     29.268	      0.000	      0.128
  49.200	      6.054	   2350.927	    2350.927	     29.188	      0.000	      0.127
  49.400	      6.161	   2351.037	    2351.037	     28.910	      0.000	      0.125
  49.600	      6.266	   2351.145	    2351.145	     28.453	      0.000	      0.121
  49.800	      6.367	   2351.252	    2351.252	     27.748	      0.000	      0.115
  50.000	      6.463	   2351.355	    2351.355	     26.837	      0.000	      0.108
  50.200	      6.559	   2351.456	    2351.456	     26.297	      0.000	      0.103
  50.400	      6.653	   2351.554	    2351.554	     25.657	      0.000	      0.098
  50.600	      6.744	   2351.650	    2351.650	     25.098	      0.000	      0.094
  50.800	      6.839	   2351.745	    2351.745	     25.117	      0.000	      0.094
  51.000	      6.931	   2351.840	    2351.840	     24.676	      0.000	      0.091
  51.200	      7.019	   2351.932	    2351.932	     24.108	      0.000	      0.087
  51.400	      7.105	   2352.023	    2352.023	     23.540	      0.000	      0.083
  51.600	      7.187	   2352.110	    2352.110	     22.687	      0.000	      0.077
  51.800	      7.267	   2352.195	    2352.195	     22.000	      0.000	      0.072
  52.000	      7.344	   2352.277	    2352.277	     21.255	      0.000	      0.067
  52.200	      7.420	   2352.356	    2352.356	     20.776	      0.000	      0.064
  52.400	      7.499	   2352.435	    2352.435	     20.735	      0.000	      0.064
  52.600	      7.573	   2352.513	    2352.513	     20.162	      0.000	      0.061
  52.800	      7.646	   2352.588	    2352.588	     19.718	      0.000	      0.058
  53.000	      7.717	   2352.662	    2352.662	     19.216	      0.000	      0.055
  53.200	      7.782	   2352.733	    2352.733	     18.197	      0.000	      0.050
  53.400	      7.845	   2352.800	    2352.800	     17.386	      0.000	      0.045
  53.600	      7.907	   2352.865	    2352.865	     16.733	      0.000	      0.042
  53.800	      7.967	   2352.927	    2352.927	     16.281	      0.000	      0.040
  54.000	      8.027	   2352.989	    2352.989	     16.086	      0.000	      0.039
  54.200	      8.084	   2353.048	    2353.048	     15.509	      0.000	      0.036
  54.400	      8.141	   2353.106	    2353.106	     15.124	      0.000	      0.034
  54.600	      8.194	   2353.163	    2353.163	     14.439	      0.000	      0.031
  54.800	      8.241	   2353.215	    2353.215	     13.277	      0.000	      0.026
  55.000	      8.287	   2353.264	    2353.264	     12.551	      0.000	      0.024
  55.200	      8.332	   2353.310	    2353.310	     11.930	      0.000	      0.021
  55.400	      8.373	   2353.354	    2353.354	     11.285	      0.000	      0.019
  55.600	      8.414	   2353.396	    2353.396	     10.959	      0.000	      0.018
  55.800	      8.453	   2353.437	    2353.437	     10.443	      0.000	      0.016
  56.000	      8.491	   2353.476	    2353.476	      9.953	      0.000	      0.015
  56.200	      8.525	   2353.512	    2353.512	      9.115	      0.000	      0.012
  56.400	      8.554	   2353.545	    2353.545	      8.036	      0.000	      0.010
  56.600	      8.582	   2353.574	    2353.574	      7.327	      0.000	      0.008
  56.800	      8.606	   2353.600	    2353.600	      6.516	      0.000	      0.006
  57.000	      8.628	   2353.623	    2353.623	      5.708	      0.000	      0.005
  57.200	      8.648	   2353.644	    2353.644	      5.440	      0.000	      0.004
  57.400	      8.667	   2353.664	    2353.664	      4.933	      0.000	      0.004
  57.600	      8.684	   2353.681	    2353.681	      4.254	      0.000	      0.003
  57.800	      8.697	   2353.696	    2353.696	      3.401	      0.000	      0.002
  58.000	      8.707	   2353.706	    2353.706	      2.351	      0.000	      0.001
  58.200	      8.714	   2353.714	    2353.714	      1.427	      0.000	      0.000
  58.400	      8.717	   2353.717	    2353.717	      0.460	      0.000	      0.000
  58.600	      8.717	   2353.717	    2353.717	     -0.291	      0.000	     -0.000
  58.800	      8.716	   2353.716	    2353.716	     -0.545	      0.000	     -0.000
  59.000	      8.712	   2353.713	    2353.713	     -1.236	      0.000	     -0.000
  59.200	      8.706	   2353.706	    2353.706	     -2.061	      0.000	     -0.001
  59.400	      8.696	   2353.697	    2353.697	     -2.846	      0.000	     -0.001
  59.600	      8.682	   2353.684	    2353.684	     -4.003	      0.000	     -0.002
  59.800	      8.663	   2353.667	    2353.667	     -5.090	      0.000	     -0.004
  60.000	      8.641	   2353.646	    2353.646	     -5.961	      0.000	     -0.005
  60.200	      8.615	   2353.622	    2353.622	     -6.690	      0.000	     -0.007
  60.400	      8.588	   2353.596	    2353.596	     -7.123	      0.000	     -0.008
  60.600	      8.558	   2353.567	    2353.567	     -7.934	      0.000	     -0.009
  60.800	      8.525	   2353.536	    2353.536	     -8.680	      0.000	     -0.011
  61.000	      8.489	   2353.502	    2353.502	     -9.421	      0.000	     -0.013
  61.200	      8.447	   2353.464	    2353.464	    -10.725	      0.000	     -0.017
  61.400	      8.400	   2353.421	    2353.421	    -11.805	      0.000	     -0.021
  61.600	      8.351	   2353.374	    2353.374	    -12.595	      0.000	     -0.024
  61.800	      8.298	   2353.325	    2353.325	    -13.492	      0.000	     -0.027
  62.000	      8.243	   2353.273	    2353.273	    -14.031	      0.000	     -0.029
  62.200	      8.186	   2353.218	    2353.218	    -14.708	      0.000	     -0.032
  62.400	      8.126	   2353.161	    2353.161	    -15.386	      0.000	     -0.035
  62.600	      8.062	   2353.102	    2353.102	    -16.240	      0.000	     -0.039
  62.800	      7.991	   2353.037	    2353.037	    -17.606	      0.000	     -0.046
  63.000	      7.917	   2352.969	    2352.969	    -18.564	      0.000	     -0.051
  63.200	      7.841	   2352.897	    2352.897	    -19.376	      0.000	     -0.056
  63.400	      7.760	   2352.822	    2352.822	    -20.347	      0.000	     -0.062
  63.600	      7.680	   2352.744	    2352.744	    -20.714	      0.000	     -0.064
  63.800	      7.597	   2352.664	    2352.664	    -21.266	      0.000	     -0.067
  64.000	      7.510	   2352.582	    2352.582	    -22.034	      0.000	     -0.072
  64.200	      7.419	   2352.497	    2352.497	    -22.914	      0.000	     -0.078
  64.400	      7.322	   2352.408	    2352.408	    -24.089	      0.000	     -0.086
  64.600	      7.223	   2352.315	    2352.315	    -24.929	      0.000	     -0.093
  64.800	      7.120	   2352.219	    2352.219	    -25.781	      0.000	     -0.099
  65.000	      7.014	   2352.120	    2352.120	    -26.636	      0.000	     -0.106
  65.200	      6.911	   2352.018	    2352.018	    -26.837	      0.000	     -0.107
  65.400	      6.803	   2351.916	    2351.916	    -27.436	      0.000	     -0.112
  65.600	      6.692	   2351.810	    2351.810	    -28.201	      0.000	     -0.118
  65.800	      6.578	   2351.702	    2351.702	    -28.849	      0.000	     -0.124
  66.000	      6.459	   2351.591	    2351.591	    -29.840	      0.000	     -0.133
  66.200	      6.336	   2351.476	    2351.476	    -30.699	      0.000	     -0.140
  66.400	      6.210	   2351.358	    2351.358	    -31.503	      0.000	     -0.148
  66.600	      6.084	   2351.238	    2351.238	    -32.132	      0.000	     -0.154
  66.800	      5.961	   2351.116	    2351.116	    -32.266	      0.000	     -0.155
  67.000	      5.832	   2350.993	    2350.993	    -32.822	      0.000	     -0.161
  67.200	      5.702	   2350.867	    2350.867	    -33.312	      0.000	     -0.165
  67.400	      5.571	   2350.740	    2350.740	    -33.747	      0.000	     -0.170
  67.600	      5.431	   2350.611	    2350.611	    -34.711	      0.000	     -0.179
  67.800	      5.290	   2350.478	    2350.478	    -35.512	      0.000	     -0.188
  68.000	      5.148	   2350.342	    2350.342	    -36.044	      0.000	     -0.194
  68.200	      5.006	   2350.205	    2350.205	    -36.461	      0.000	     -0.198
  68.400	      4.867	   2350.066	    2350.066	    -36.560	      0.000	     -0.199
  68.600	      4.724	   2349.927	    2349.927	    -36.902	      0.000	     -0.203
  68.800	      4.581	   2349.787	    2349.787	    -37.143	      0.000	     -0.206
  69.000	      4.435	   2349.645	    2349.645	    -37.555	      0.000	     -0.210
  69.200	      4.281	   2349.501	    2349.501	    -38.427	      0.000	     -0.220
  69.400	      4.128	   2349.355	    2349.355	    -38.937	      0.000	     -0.226
  69.600	      3.977	   2349.207	    2349.207	    -39.236	      0.000	     -0.230
  69.800	      3.823	   2349.057	    2349.057	    -39.601	      0.000	     -0.234
  70.000	      3.673	   2348.907	    2348.907	    -39.601	      0.000	     -0.234
  70.200	      3.522	   2348.757	    2348.757	    -39.660	      0.000	     -0.235
  70.400	      3.370	   2348.606	    2348.606	    -39.780	      0.000	     -0.236
  70.600	      3.215	   2348.455	    2348.455	    -40.108	      0.000	     -0.240
  70.800	      3.056	   2348.302	    2348.302	    -40.661	      0.000	     -0.246
  71.000	      2.898	   2348.148	    2348.148	    -40.937	      0.000	     -0.250
  71.200	      2.739	   2347.992	    2347.992	    -41.186	      0.000	     -0.253
  71.400	      2.579	   2347.835	    2347.835	    -41.458	      0.000	     -0.256
  71.600	      2.426	   2347.679	    2347.679	    -41.182	      0.000	     -0.253
  71.800	      2.272	   2347.523	    2347.523	    -41.015	      0.000	     -0.251
  72.000	      2.116	   2347.368	    2347.368	    -41.075	      0.000	     -0.252
  72.200	      1.959	   2347.212	    2347.212	    -41.194	      0.000	     -0.253
  72.400	      1.798	   2347.055	    2347.055	    -41.492	      0.000	     -0.257
  72.600	      1.637	   2346.897	    2346.897	    -41.752	      0.000	     -0.260
  72.800	      1.476	   2346.739	    2346.739	    -41.925	      0.000	     -0.262
  73.000	      1.318	   2346.580	    2346.580	    -41.919	      0.000	     -0.262
  73.200	      1.165	   2346.422	    2346.422	    -41.443	      0.000	     -0.256
  73.400	      1.012	   2346.265	    2346.265	    -41.239	      0.000	     -0.254
  73.600	      0.855	   2346.109	    2346.109	    -41.214	      0.000	     -0.253
  73.800	      0.701	   2345.953	    2345.953	    -41.091	      0.000	     -0.252
  74.000	      0.543	   2345.797	    2345.797	    -41.296	      0.000	     -0.254
  74.200	      0.383	   2345.640	    2345.640	    -41.511	      0.000	     -0.257
  74.400	      0.227	   2345.483	    2345.483	    -41.421	      0.000	     -0.256
  74.600	      0.073	   2345.326	    2345.326	    -41.231	      0.000	     -0.254
  74.800	     -0.077	   2345.171	    2345.171	    -40.760	      0.000	     -0.248
  75.000	     -0.227	   2345.017	    2345.017	    -40.499	      0.000	     -0.245
  75.200	     -0.377	   2344.864	    2344.864	    -40.250	      0.000	     -0.242
  75.400	     -0.526	   2344.712	    2344.712	    -39.966	      0.000	     -0.238
  75.600	     -0.680	   2344.561	    2344.561	    -40.158	      0.000	     -0.240
  75.800	     -0.833	   2344.408	    2344.408	    -40.233	      0.000	     -0.242
  76.000	     -0.982	   2344.256	    2344.256	    -39.965	      0.000	     -0.238
  76.200	     -1.132	   2344.105	    2344.105	    -39.815	      0.000	     -0.237
  76.400	     -1.276	   2343.955	    2343.955	    -39.338	      0.000	     -0.231
  76.600	     -1.419	   2343.807	    2343.807	    -38.864	      0.000	     -0.225
  76.800	     -1.561	   2343.660	    2343.660	    -38.481	      0.000	     -0.221
  77.000	     -1.703	   2343.515	    2343.515	    -38.223	      0.000	     -0.218
  77.200	     -1.850	   2343.370	    2343.370	    -38.387	      0.000	     -0.220
  77.400	     -1.995	   2343.224	    2343.224	    -38.302	      0.000	     -0.219
  77.600	     -2.136	   2343.080	    2343.080	    -38.014	      0.000	     -0.216
  77.800	     -2.278	   2342.936	    2342.936	    -37.881	      0.000	     -0.214
  78.000	     -2.413	   2342.794	    2342.794	    -37.220	      0.000	     -0.207
  78.200	     -2.546	   2342.654	    2342.654	    -36.622	      0.000	     -0.200
  78.400	     -2.681	   2342.516	    2342.516	    -36.304	      0.000	     -0.197
  78.600	     -2.815	   2342.379	    2342.379	    -36.050	      0.000	     -0.194
  78.800	     -2.951	   2342.242	    2342.242	    -36.047	      0.000	     -0.194
  79.000	     -3.086	   2342.106	    2342.106	    -35.874	      0.000	     -0.192
  79.200	     -3.219	   2341.971	    2341.971	    -35.628	      0.000	     -0.189
  79.400	     -3.351	   2341.836	    2341.836	    -35.410	      0.000	     -0.187
  79.600	     -3.476	   2341.703	    2341.703	    -34.641	      0.000	     -0.179
  79.800	     -3.601	   2341.573	    2341.573	    -34.122	      0.000	     -0.174
  80.000	     -3.727	   2341.444	    2341.444	    -33.838	      0.000	     -0.171
  80.200	     -3.850	   2341.317	    2341.317	    -33.424	      0.000	     -0.167
  80.400	     -3.975	   2341.190	    2341.190	    -33.323	      0.000	     -0.166
  80.600	     -4.101	   2341.064	    2341.064	    -33.223	      0.000	     -0.165
  80.800	     -4.224	   2340.939	    2340.939	    -32.983	      0.000	     -0.162
  81.000	     -4.345	   2340.814	    2340.814	    -32.644	      0.000	     -0.159
  81.200	     -4.460	   2340.692	    2340.692	    -31.898	      0.000	     -0.152
  81.400	     -4.575	   2340.572	    2340.572	    -31.413	      0.000	     -0.147
  81.600	     -4.689	   2340.454	    2340.454	    -30.971	      0.000	     -0.143
  81.800	     -4.801	   2340.338	    2340.338	    -30.461	      0.000	     -0.138
  82.000	     -4.916	   2340.222	    2340.222	    -30.425	      0.000	     -0.138
  82.200	     -5.030	   2340.107	    2340.107	    -30.351	      0.000	     -0.137
  82.400	     -5.141	   2339.993	    2339.993	    -29.968	      0.000	     -0.134
  82.600	     -5.250	   2339.880	    2339.880	    -29.551	      0.000	     -0.130
  82.800	     -5.355	   2339.769	    2339.769	    -28.864	      0.000	     -0.124
  83.000	     -5.458	   2339.661	    2339.661	    -28.286	      0.000	     -0.119
  83.200	     -5.560	   2339.555	    2339.555	    -27.736	      0.000	     -0.115
  83.400	     -5.661	   2339.451	    2339.451	    -27.305	      0.000	     -0.111
  83.600	     -5.764	   2339.347	    2339.347	    -27.279	      0.000	     -0.111
  83.800	     -5.865	   2339.244	    2339.244	    -27.052	      0.000	     -0.109
  84.000	     -5.963	   2339.143	    2339.143	    -26.571	      0.000	     -0.105
  84.200	     -6.060	   2339.043	    2339.043	    -26.203	      0.000	     -0.102
  84.400	     -6.153	   2338.945	    2338.945	    -25.520	      0.000	     -0.097
  84.600	     -6.242	   2338.849	    2338.849	    -24.798	      0.000	     -0.092
  84.800	     -6.331	   2338.757	    2338.757	    -24.245	      0.000	     -0.088
  85.000	     -6.419	   2338.666	    2338.666	    -23.831	      0.000	     -0.085
  85.200	     -6.507	   2338.576	    2338.576	    -23.613	      0.000	     -0.083
  85.400	     -6.594	   2338.487	    2338.487	    -23.281	      0.000	     -0.081
  85.600	     -6.678	   2338.399	    2338.399	    -22.841	      0.000	     -0.078
  85.800	     -6.762	   2338.314	    2338.314	    -22.460	      0.000	     -0.075
  86.000	     -6.840	   2338.230	    2338.230	    -21.624	      0.000	     -0.070
  86.200	     -6.915	   2338.150	    2338.150	    -20.791	      0.000	     -0.065
  86.400	     -6.989	   2338.072	    2338.072	    -20.258	      0.000	     -0.061
  86.600	     -7.062	   2337.996	    2337.996	    -19.730	      0.000	     -0.058
  86.800	     -7.134	   2337.922	    2337.922	    -19.360	      0.000	     -0.056
  87.000	     -7.205	   2337.849	    2337.849	    -19.081	      0.000	     -0.054
  87.200	     -7.274	   2337.778	    2337.778	    -18.625	      0.000	     -0.052
  87.400	     -7.340	   2337.708	    2337.708	    -18.053	      0.000	     -0.049
  87.600	     -7.402	   2337.642	    2337.642	    -17.107	      0.000	     -0.044
  87.800	     -7.461	   2337.578	    2337.578	    -16.286	      0.000	     -0.040
  88.000	     -7.519	   2337.518	    2337.518	    -15.716	      0.000	     -0.037
  88.200	     -7.574	   2337.459	    2337.459	    -15.029	      0.000	     -0.034
  88.400	     -7.628	   2337.404	    2337.404	    -14.613	      0.000	     -0.032
  88.600	     -7.682	   2337.349	    2337.349	    -14.327	      0.000	     -0.031
  88.800	     -7.732	   2337.296	    2337.296	    -13.665	      0.000	     -0.028
  89.000	     -7.780	   2337.245	    2337.245	    -12.958	      0.000	     -0.025
  89.200	     -7.824	   2337.198	    2337.198	    -12.045	      0.000	     -0.022
  89.400	     -7.865	   2337.154	    2337.154	    -11.183	      0.000	     -0.019
  89.600	     -7.904	   2337.113	    2337.113	    -10.437	      0.000	     -0.016
  89.800	     -7.939	   2337.075	    2337.075	     -9.633	      0.000	     -0.014
  90.000	     -7.973	   2337.039	    2337.039	     -9.209	      0.000	     -0.013
  90.200	     -8.007	   2337.005	    2337.005	     -8.802	      0.000	     -0.012
  90.400	     -8.037	   2336.973	    2336.973	     -7.992	      0.000	     -0.010
  90.600	     -8.064	   2336.944	    2336.944	     -7.323	      0.000	     -0.008
  90.800	     -8.088	   2336.918	    2336.918	     -6.401	      0.000	     -0.006
  91.000	     -8.109	   2336.896	    2336.896	     -5.347	      0.000	     -0.004
  91.200	     -8.126	   2336.877	    2336.877	     -4.487	      0.000	     -0.003
  91.400	     -8.140	   2336.862	    2336.862	     -3.706	      0.000	     -0.002
  91.600	     -8.153	   2336.848	    2336.848	     -3.244	      0.000	     -0.002
  91.800	     -8.164	   2336.837	    2336.837	     -2.696	      0.000	     -0.001
  92.000	     -8.172	   2336.829	    2336.829	     -1.870	      0.000	     -0.001
  92.200	     -8.177	   2336.823	    2336.823	     -1.206	      0.000	     -0.000
  92.400	     -8.180	   2336.820	    2336.820	     -0.109	      0.000	     -0.000
  92.600	     -8.178	   2336.822	    2336.822	      1.055	      0.000	      0.000
  92.800	     -8.172	   2336.828	    2336.828	      1.859	      0.000	      0.001
  93.000	     -8.163	   2336.836	    2336.836	      2.642	      0.000	      0.001
  93.200	     -8.151	   2336.847	    2336.847	      3.246	      0.000	      0.002
  93.400	     -8.137	   2336.861	    2336.861	      3.863	      0.000	      0.002
  93.600	     -8.120	   2336.877	    2336.877	      4.645	      0.000	      0.003
  93.800	     -8.100	   2336.896	    2336.896	      5.387	      0.000	      0.004
  94.000	     -8.075	   2336.918	    2336.918	      6.569	      0.000	      0.006
  94.200	     -8.046	   2336.945	    2336.945	      7.640	      0.000	      0.009
  94.400	     -8.014	   2336.976	    2336.976	      8.401	      0.000	      0.010
  94.600	     -7.978	   2337.009	    2337.009	      9.303	      0.000	      0.013
  94.800	     -7.939	   2337.046	    2337.046	      9.958	      0.000	      0.015
  95.000	     -7.899	   2337.085	    2337.085	     10.477	      0.000	      0.016
  95.200	     -7.856	   2337.126	    2337.126	     11.221	      0.000	      0.019
  95.400	     -7.809	   2337.170	    2337.170	     12.028	      0.000	      0.022
  95.600	     -7.757	   2337.217	    2337.217	     13.136	      0.000	      0.026
  95.800	     -7.701	   2337.269	    2337.269	     14.122	      0.000	      0.030
  96.000	     -7.643	   2337.324	    2337.324	     14.974	      0.000	      0.033
  96.200	     -7.580	   2337.383	    2337.383	     15.890	      0.000	      0.038
  96.400	     -7.516	   2337.444	    2337.444	     16.407	      0.000	      0.040
  96.600	     -7.451	   2337.507	    2337.507	     16.834	      0.000	      0.042
  96.800	     -7.382	   2337.572	    2337.572	     17.619	      0.000	      0.046
  97.000	     -7.309	   2337.640	    2337.640	     18.400	      0.000	      0.050
  97.200	     -7.232	   2337.712	    2337.712	     19.360	      0.000	      0.056
  97.400	     -7.152	   2337.787	    2337.787	     20.333	      0.000	      0.062
  97.600	     -7.068	   2337.866	    2337.866	     21.173	      0.000	      0.067
  97.800	     -6.981	   2337.947	    2337.947	     21.895	      0.000	      0.071
  98.000	     -6.895	   2338.031	    2338.031	     22.283	      0.000	      0.074
  98.200	     -6.807	   2338.116	    2338.116	     22.724	      0.000	      0.077
  98.400	     -6.714	   2338.204	    2338.204	     23.456	      0.000	      0.082
  98.600	     -6.620	   2338.294	    2338.294	     24.047	      0.000	      0.086
  98.800	     -6.522	   2338.386	    2338.386	     24.865	      0.000	      0.092
  99.000	     -6.419	   2338.482	    2338.482	     25.815	      0.000	      0.099
  99.200	     -6.314	   2338.581	    2338.581	     26.494	      0.000	      0.105
  99.400	     -6.208	   2338.683	    2338.683	     27.039	      0.000	      0.109
  99.600	     -6.101	   2338.786	    2338.786	     27.440	      0.000	      0.112
  99.800	     -5.994	   2338.891	    2338.891	     27.798	      0.000	      0.115
 100.000	     -5.883	   2338.997	    2338.997	     28.307	      0.000	      0.119
