    时间	    汇点水头	    大井水位	    升管水位	    大井流量	    升管流量	    底板压差
   0.000	      0.643	   2345.643	    2345.643	      0.000	      0.000	      0.000
   0.200	      0.642	   2345.642	    2345.642	     -0.201	      0.000	     -0.000
   0.400	      0.642	   2345.642	    2345.642	     -0.099	      0.000	     -0.000
   0.600	      0.641	   2345.641	    2345.641	      0.036	      0.000	      0.000
   0.800	      0.641	   2345.641	    2345.641	     -0.019	      0.000	     -0.000
   1.000	      0.642	   2345.642	    2345.642	      0.309	      0.000	      0.000
   1.200	      0.644	   2345.644	    2345.644	      0.984	      0.000	      0.000
   1.400	      0.648	   2345.648	    2345.648	      1.157	      0.000	      0.000
   1.600	      0.652	   2345.652	    2345.652	      1.095	      0.000	      0.000
   1.800	      0.657	   2345.656	    2345.656	      1.351	      0.000	      0.000
   2.000	      0.663	   2345.663	    2345.663	      1.703	      0.000	      0.000
   2.200	      0.671	   2345.670	    2345.670	      1.851	      0.000	      0.001
   2.400	      0.678	   2345.678	    2345.678	      2.123	      0.000	      0.001
   2.600	      0.687	   2345.686	    2345.686	      2.407	      0.000	      0.001
   2.800	      0.697	   2345.696	    2345.696	      2.693	      0.000	      0.001
   3.000	      0.707	   2345.706	    2345.706	      2.260	      0.000	      0.001
   3.200	      0.718	   2345.716	    2345.716	      2.867	      0.000	      0.001
   3.400	      0.730	   2345.729	    2345.729	      3.407	      0.000	      0.002
   3.600	      0.744	   2345.742	    2345.742	      3.725	      0.000	      0.002
   3.800	      0.758	   2345.756	    2345.756	      3.819	      0.000	      0.002
   4.000	      0.775	   2345.772	    2345.772	      4.761	      0.000	      0.003
   4.200	      0.793	   2345.790	    2345.790	      4.951	      0.000	      0.004
   4.400	      0.813	   2345.809	    2345.809	      5.075	      0.000	      0.004
   4.600	      0.833	   2345.829	    2345.829	      5.452	      0.000	      0.004
   4.800	      0.855	   2345.850	    2345.850	      5.750	      0.000	      0.005
   5.000	      0.878	   2345.872	    2345.872	      6.032	      0.000	      0.005
   5.200	      0.899	   2345.894	    2345.894	      5.770	      0.000	      0.005
   5.400	      0.921	   2345.916	    2345.916	      5.629	      0.000	      0.005
   5.600	      0.944	   2345.939	    2345.939	      5.731	      0.000	      0.005
   5.800	      0.965	   2345.960	    2345.960	      5.464	      0.000	      0.004
   6.000	      0.985	   2345.980	    2345.980	      5.287	      0.000	      0.004
   6.200	      1.006	   2346.001	    2346.001	      5.619	      0.000	      0.005
   6.400	      1.026	   2346.021	    2346.021	      5.268	      0.000	      0.004
   6.600	      1.046	   2346.042	    2346.042	      5.350	      0.000	      0.004
   6.800	      1.066	   2346.062	    2346.062	      5.361	      0.000	      0.004
   7.000	      1.087	   2346.083	    2346.083	      5.604	      0.000	      0.005
   7.200	      1.110	   2346.105	    2346.105	      5.930	      0.000	      0.005
   7.400	      1.132	   2346.127	    2346.127	      6.076	      0.000	      0.005
   7.600	      1.154	   2346.149	    2346.149	      5.922	      0.000	      0.005
   7.800	      1.174	   2346.170	    2346.170	      5.161	      0.000	      0.004
   8.000	      1.188	   2346.186	    2346.186	      3.684	      0.000	      0.002
   8.200	      1.199	   2346.198	    2346.198	      2.337	      0.000	      0.001
   8.400	      1.207	   2346.206	    2346.206	      1.683	      0.000	      0.000
   8.600	      1.211	   2346.211	    2346.211	      0.871	      0.000	      0.000
   8.800	      1.213	   2346.213	    2346.213	      0.264	      0.000	      0.000
   9.000	      1.212	   2346.212	    2346.212	     -0.455	      0.000	     -0.000
   9.200	      1.209	   2346.209	    2346.209	     -1.313	      0.000	     -0.000
   9.400	      1.201	   2346.202	    2346.202	     -2.645	      0.000	     -0.001
   9.600	      1.187	   2346.190	    2346.190	     -4.071	      0.000	     -0.002
   9.800	      1.168	   2346.172	    2346.172	     -5.378	      0.000	     -0.004
  10.000	      1.141	   2346.149	    2346.149	     -6.977	      0.000	     -0.007
  10.200	      1.103	   2346.117	    2346.117	     -9.687	      0.000	     -0.014
  10.400	      1.052	   2346.075	    2346.075	    -12.428	      0.000	     -0.023
  10.600	      0.985	   2346.022	    2346.022	    -15.774	      0.000	     -0.037
  10.800	      0.903	   2345.956	    2345.956	    -18.998	      0.000	     -0.053
  11.000	      0.808	   2345.878	    2345.878	    -21.703	      0.000	     -0.070
  11.200	      0.705	   2345.791	    2345.791	    -24.016	      0.000	     -0.086
  11.400	      0.594	   2345.696	    2345.696	    -26.172	      0.000	     -0.102
  11.600	      0.464	   2345.591	    2345.591	    -29.233	      0.000	     -0.127
  11.800	      0.316	   2345.474	    2345.474	    -32.779	      0.000	     -0.159
  12.000	      0.148	   2345.343	    2345.343	    -36.180	      0.000	     -0.195
  12.200	     -0.044	   2345.198	    2345.198	    -40.385	      0.000	     -0.242
  12.400	     -0.253	   2345.037	    2345.037	    -44.184	      0.000	     -0.290
  12.600	     -0.482	   2344.862	    2344.862	    -48.114	      0.000	     -0.345
  12.800	     -0.742	   2344.672	    2344.672	    -52.800	      0.000	     -0.413
  13.000	     -1.051	   2344.461	    2344.461	    -58.747	      0.000	     -0.512
  13.200	     -1.412	   2344.226	    2344.226	    -65.555	      0.000	     -0.637
  13.400	     -1.806	   2343.965	    2343.965	    -71.987	      0.000	     -0.771
  13.600	     -2.229	   2343.679	    2343.679	    -78.095	      0.000	     -0.908
  13.800	     -2.668	   2343.373	    2343.373	    -83.703	      0.000	     -1.040
  14.000	     -3.121	   2343.046	    2343.046	    -88.539	      0.000	     -1.167
  14.200	     -3.580	   2342.702	    2342.702	    -92.767	      0.000	     -1.282
  14.400	     -3.991	   2342.345	    2342.345	    -94.641	      0.000	     -1.336
  14.600	     -4.331	   2341.986	    2341.986	    -93.886	      0.000	     -1.317
  14.800	     -4.590	   2341.637	    2341.637	    -90.627	      0.000	     -1.227
  15.000	     -4.826	   2341.301	    2341.301	    -86.820	      0.000	     -1.127
  15.200	     -5.092	   2340.976	    2340.976	    -84.634	      0.000	     -1.068
  15.400	     -5.379	   2340.659	    2340.659	    -83.416	      0.000	     -1.037
  15.600	     -5.688	   2340.343	    2340.343	    -83.110	      0.000	     -1.031
  15.800	     -5.986	   2340.029	    2340.029	    -82.465	      0.000	     -1.015
  16.000	     -6.256	   2339.719	    2339.719	    -80.771	      0.000	     -0.975
  16.200	     -6.494	   2339.418	    2339.418	    -78.165	      0.000	     -0.912
  16.400	     -6.713	   2339.128	    2339.128	    -75.046	      0.000	     -0.841
  16.600	     -6.947	   2338.849	    2338.849	    -73.026	      0.000	     -0.796
  16.800	     -7.182	   2338.575	    2338.575	    -71.118	      0.000	     -0.757
  17.000	     -7.375	   2338.311	    2338.311	    -67.758	      0.000	     -0.687
  17.200	     -7.534	   2338.063	    2338.063	    -63.138	      0.000	     -0.597
  17.400	     -7.655	   2337.835	    2337.835	    -57.099	      0.000	     -0.489
  17.600	     -7.747	   2337.631	    2337.631	    -50.144	      0.000	     -0.378
  17.800	     -7.826	   2337.454	    2337.454	    -43.214	      0.000	     -0.280
  18.000	     -7.896	   2337.303	    2337.303	    -36.353	      0.000	     -0.199
  18.200	     -7.958	   2337.177	    2337.177	    -29.990	      0.000	     -0.135
  18.400	     -8.003	   2337.077	    2337.077	    -22.941	      0.000	     -0.080
  18.600	     -8.039	   2337.002	    2337.002	    -16.530	      0.000	     -0.041
  18.800	     -8.070	   2336.950	    2336.950	    -11.495	      0.000	     -0.020
  19.000	     -8.098	   2336.913	    2336.913	     -8.389	      0.000	     -0.011
  19.200	     -8.126	   2336.883	    2336.883	     -7.698	      0.000	     -0.009
  19.400	     -8.159	   2336.852	    2336.852	     -8.638	      0.000	     -0.011
  19.600	     -8.193	   2336.819	    2336.819	     -8.775	      0.000	     -0.012
  19.800	     -8.223	   2336.787	    2336.787	     -8.035	      0.000	     -0.010
  20.000	     -8.246	   2336.760	    2336.760	     -6.587	      0.000	     -0.006
  20.200	     -8.267	   2336.738	    2336.738	     -5.618	      0.000	     -0.005
  20.400	     -8.288	   2336.717	    2336.717	     -5.438	      0.000	     -0.005
  20.600	     -8.308	   2336.696	    2336.696	     -5.059	      0.000	     -0.004
  20.800	     -8.325	   2336.678	    2336.678	     -4.549	      0.000	     -0.003
  21.000	     -8.341	   2336.662	    2336.662	     -4.139	      0.000	     -0.003
  21.200	     -8.354	   2336.648	    2336.648	     -3.463	      0.000	     -0.002
  21.400	     -8.366	   2336.635	    2336.635	     -3.173	      0.000	     -0.002
  21.600	     -8.378	   2336.623	    2336.623	     -3.458	      0.000	     -0.002
  21.800	     -8.394	   2336.609	    2336.609	     -4.132	      0.000	     -0.003
  22.000	     -8.414	   2336.590	    2336.590	     -5.413	      0.000	     -0.004
  22.200	     -8.440	   2336.567	    2336.567	     -6.805	      0.000	     -0.007
  22.400	     -8.472	   2336.538	    2336.538	     -8.247	      0.000	     -0.010
  22.600	     -8.508	   2336.505	    2336.505	     -9.555	      0.000	     -0.013
  22.800	     -8.552	   2336.466	    2336.466	    -11.008	      0.000	     -0.018
  23.000	     -8.606	   2336.421	    2336.421	    -13.354	      0.000	     -0.026
  23.200	     -8.674	   2336.364	    2336.364	    -16.028	      0.000	     -0.038
  23.400	     -8.745	   2336.300	    2336.300	    -17.347	      0.000	     -0.045
  23.600	     -8.811	   2336.234	    2336.234	    -17.544	      0.000	     -0.046
  23.800	     -8.878	   2336.168	    2336.168	    -17.504	      0.000	     -0.046
  24.000	     -8.942	   2336.102	    2336.102	    -17.266	      0.000	     -0.044
  24.200	     -9.005	   2336.037	    2336.037	    -16.888	      0.000	     -0.042
  24.400	     -9.064	   2335.974	    2335.974	    -15.928	      0.000	     -0.038
  24.600	     -9.113	   2335.917	    2335.917	    -14.081	      0.000	     -0.030
  24.800	     -9.151	   2335.868	    2335.868	    -11.325	      0.000	     -0.020
  25.000	     -9.179	   2335.832	    2335.832	     -8.316	      0.000	     -0.010
  25.200	     -9.201	   2335.805	    2335.805	     -6.094	      0.000	     -0.006
  25.400	     -9.220	   2335.784	    2335.784	     -4.818	      0.000	     -0.003
  25.600	     -9.233	   2335.769	    2335.769	     -3.237	      0.000	     -0.002
  25.800	     -9.243	   2335.758	    2335.758	     -2.328	      0.000	     -0.001
  26.000	     -9.250	   2335.750	    2335.750	     -1.865	      0.000	     -0.001
  26.200	     -9.257	   2335.744	    2335.744	     -1.643	      0.000	     -0.000
  26.400	     -9.264	   2335.737	    2335.737	     -1.972	      0.000	     -0.001
  26.600	     -9.273	   2335.728	    2335.728	     -2.663	      0.000	     -0.001
  26.800	     -9.285	   2335.717	    2335.717	     -3.150	      0.000	     -0.001
  27.000	     -9.296	   2335.705	    2335.705	     -2.960	      0.000	     -0.001
  27.200	     -9.304	   2335.696	    2335.696	     -1.655	      0.000	     -0.000
  27.400	     -9.308	   2335.692	    2335.692	     -0.454	      0.000	     -0.000
  27.600	     -9.307	   2335.693	    2335.693	      0.729	      0.000	      0.000
  27.800	     -9.302	   2335.698	    2335.698	      1.691	      0.000	      0.000
  28.000	     -9.294	   2335.705	    2335.705	      2.265	      0.000	      0.001
  28.200	     -9.285	   2335.714	    2335.714	      2.673	      0.000	      0.001
  28.400	     -9.273	   2335.726	    2335.726	      3.520	      0.000	      0.002
  28.600	     -9.257	   2335.740	    2335.740	      4.141	      0.000	      0.003
  28.800	     -9.241	   2335.756	    2335.756	      4.083	      0.000	      0.003
  29.000	     -9.228	   2335.770	    2335.770	      3.450	      0.000	      0.002
  29.200	     -9.217	   2335.782	    2335.782	      2.526	      0.000	      0.001
  29.400	     -9.210	   2335.790	    2335.790	      1.684	      0.000	      0.000
  29.600	     -9.205	   2335.795	    2335.795	      0.978	      0.000	      0.000
  29.800	     -9.203	   2335.797	    2335.797	      0.222	      0.000	      0.000
  30.000	     -9.204	   2335.796	    2335.796	     -0.733	      0.000	     -0.000
  30.200	     -9.211	   2335.790	    2335.790	     -2.378	      0.000	     -0.001
  30.400	     -9.224	   2335.778	    2335.778	     -3.658	      0.000	     -0.002
  30.600	     -9.238	   2335.764	    2335.764	     -3.835	      0.000	     -0.002
  30.800	     -9.251	   2335.751	    2335.751	     -3.097	      0.000	     -0.001
  31.000	     -9.260	   2335.741	    2335.741	     -2.314	      0.000	     -0.001
  31.200	     -9.268	   2335.732	    2335.732	     -2.369	      0.000	     -0.001
  31.400	     -9.279	   2335.722	    2335.722	     -3.162	      0.000	     -0.001
  31.600	     -9.296	   2335.707	    2335.707	     -4.797	      0.000	     -0.003
  31.800	     -9.320	   2335.686	    2335.686	     -6.402	      0.000	     -0.006
  32.000	     -9.347	   2335.660	    2335.660	     -6.980	      0.000	     -0.007
  32.200	     -9.373	   2335.634	    2335.634	     -7.179	      0.000	     -0.008
  32.400	     -9.404	   2335.606	    2335.606	     -8.100	      0.000	     -0.010
  32.600	     -9.445	   2335.571	    2335.571	    -10.247	      0.000	     -0.016
  32.800	     -9.490	   2335.529	    2335.529	    -11.514	      0.000	     -0.020
  33.000	     -9.535	   2335.485	    2335.485	    -11.551	      0.000	     -0.020
  33.200	     -9.571	   2335.444	    2335.444	     -9.968	      0.000	     -0.015
  33.400	     -9.593	   2335.413	    2335.413	     -6.396	      0.000	     -0.006
  33.600	     -9.607	   2335.395	    2335.395	     -3.045	      0.000	     -0.001
  33.800	     -9.612	   2335.388	    2335.388	     -0.709	      0.000	     -0.000
  34.000	     -9.611	   2335.388	    2335.388	      0.866	      0.000	      0.000
  34.200	     -9.606	   2335.394	    2335.394	      1.969	      0.000	      0.001
  34.400	     -9.593	   2335.405	    2335.405	      3.846	      0.000	      0.002
  34.600	     -9.574	   2335.422	    2335.422	      5.135	      0.000	      0.004
  34.800	     -9.549	   2335.444	    2335.444	      6.569	      0.000	      0.006
  35.000	     -9.520	   2335.472	    2335.472	      7.649	      0.000	      0.009
  35.200	     -9.493	   2335.499	    2335.499	      7.153	      0.000	      0.008
  35.400	     -9.466	   2335.527	    2335.527	      7.053	      0.000	      0.007
  35.600	     -9.438	   2335.554	    2335.554	      7.333	      0.000	      0.008
  35.800	     -9.408	   2335.583	    2335.583	      7.864	      0.000	      0.009
  36.000	     -9.371	   2335.616	    2335.616	      9.403	      0.000	      0.013
  36.200	     -9.332	   2335.653	    2335.653	     10.266	      0.000	      0.016
  36.400	     -9.284	   2335.695	    2335.695	     12.002	      0.000	      0.021
  36.600	     -9.228	   2335.743	    2335.743	     14.001	      0.000	      0.029
  36.800	     -9.160	   2335.800	    2335.800	     16.258	      0.000	      0.039
  37.000	     -9.075	   2335.868	    2335.868	     19.486	      0.000	      0.056
  37.200	     -8.980	   2335.948	    2335.948	     22.041	      0.000	      0.072
  37.400	     -8.881	   2336.035	    2336.035	     23.834	      0.000	      0.084
  37.600	     -8.777	   2336.128	    2336.128	     25.272	      0.000	      0.095
  37.800	     -8.671	   2336.225	    2336.225	     26.377	      0.000	      0.104
  38.000	     -8.550	   2336.329	    2336.329	     28.457	      0.000	      0.120
  38.200	     -8.412	   2336.442	    2336.442	     31.324	      0.000	      0.145
  38.400	     -8.263	   2336.566	    2336.566	     33.894	      0.000	      0.171
  38.600	     -8.105	   2336.699	    2336.699	     36.227	      0.000	      0.195
  38.800	     -7.952	   2336.839	    2336.839	     37.434	      0.000	      0.209
  39.000	     -7.800	   2336.983	    2336.983	     38.252	      0.000	      0.217
  39.200	     -7.633	   2337.130	    2337.130	     39.825	      0.000	      0.236
  39.400	     -7.455	   2337.285	    2337.285	     41.786	      0.000	      0.260
  39.600	     -7.266	   2337.447	    2337.447	     43.836	      0.000	      0.286
  39.800	     -7.074	   2337.616	    2337.616	     45.597	      0.000	      0.310
  40.000	     -6.890	   2337.791	    2337.791	     46.251	      0.000	      0.319
  40.200	     -6.707	   2337.967	    2337.967	     46.733	      0.000	      0.326
  40.400	     -6.531	   2338.144	    2338.144	     46.693	      0.000	      0.325
  40.600	     -6.365	   2338.320	    2338.320	     45.933	      0.000	      0.315
  40.800	     -6.189	   2338.494	    2338.494	     46.121	      0.000	      0.317
  41.000	     -6.016	   2338.669	    2338.669	     45.997	      0.000	      0.315
  41.200	     -5.850	   2338.842	    2338.842	     45.397	      0.000	      0.308
  41.400	     -5.672	   2339.015	    2339.015	     45.798	      0.000	      0.313
  41.600	     -5.503	   2339.188	    2339.188	     45.495	      0.000	      0.309
  41.800	     -5.342	   2339.359	    2339.359	     44.720	      0.000	      0.298
  42.000	     -5.188	   2339.527	    2339.527	     43.700	      0.000	      0.285
  42.200	     -5.051	   2339.689	    2339.689	     41.646	      0.000	      0.260
  42.400	     -4.924	   2339.843	    2339.843	     39.509	      0.000	      0.233
  42.600	     -4.816	   2339.987	    2339.987	     36.292	      0.000	      0.197
  42.800	     -4.695	   2340.121	    2340.121	     35.115	      0.000	      0.184
  43.000	     -4.533	   2340.257	    2340.257	     37.542	      0.000	      0.210
  43.200	     -4.359	   2340.404	    2340.404	     39.877	      0.000	      0.237
  43.400	     -4.175	   2340.559	    2340.559	     42.284	      0.000	      0.266
  43.600	     -3.988	   2340.724	    2340.724	     44.004	      0.000	      0.289
  43.800	     -3.833	   2340.890	    2340.890	     43.033	      0.000	      0.277
  44.000	     -3.687	   2341.050	    2341.050	     41.988	      0.000	      0.263
  44.200	     -3.542	   2341.208	    2341.208	     40.944	      0.000	      0.250
  44.400	     -3.388	   2341.362	    2341.362	     41.019	      0.000	      0.250
  44.600	     -3.199	   2341.521	    2341.521	     43.380	      0.000	      0.280
  44.800	     -2.995	   2341.691	    2341.691	     45.958	      0.000	      0.314
  45.000	     -2.798	   2341.868	    2341.868	     47.334	      0.000	      0.334
  45.200	     -2.614	   2342.049	    2342.049	     47.600	      0.000	      0.338
  45.400	     -2.453	   2342.227	    2342.227	     46.260	      0.000	      0.320
  45.600	     -2.298	   2342.400	    2342.400	     45.005	      0.000	      0.302
  45.800	     -2.139	   2342.569	    2342.569	     44.239	      0.000	      0.292
  46.000	     -1.981	   2342.735	    2342.735	     43.599	      0.000	      0.284
  46.200	     -1.822	   2342.899	    2342.899	     43.245	      0.000	      0.279
  46.400	     -1.661	   2343.063	    2343.063	     43.010	      0.000	      0.276
  46.600	     -1.502	   2343.225	    2343.225	     42.747	      0.000	      0.273
  46.800	     -1.342	   2343.387	    2343.387	     42.637	      0.000	      0.271
  47.000	     -1.185	   2343.548	    2343.548	     42.312	      0.000	      0.267
  47.200	     -1.026	   2343.708	    2343.708	     42.253	      0.000	      0.266
  47.400	     -0.868	   2343.868	    2343.868	     42.126	      0.000	      0.265
  47.600	     -0.716	   2344.026	    2344.026	     41.571	      0.000	      0.258
  47.800	     -0.562	   2344.183	    2344.183	     41.293	      0.000	      0.254
  48.000	     -0.408	   2344.340	    2344.340	     41.116	      0.000	      0.252
  48.200	     -0.259	   2344.495	    2344.495	     40.655	      0.000	      0.247
  48.400	     -0.109	   2344.648	    2344.648	     40.382	      0.000	      0.243
  48.600	      0.041	   2344.800	    2344.800	     40.188	      0.000	      0.241
  48.800	      0.192	   2344.953	    2344.953	     40.070	      0.000	      0.240
  49.000	      0.340	   2345.104	    2345.104	     39.805	      0.000	      0.236
  49.200	      0.487	   2345.254	    2345.254	     39.449	      0.000	      0.232
  49.400	      0.634	   2345.403	    2345.403	     39.270	      0.000	      0.230
  49.600	      0.778	   2345.552	    2345.552	     38.950	      0.000	      0.226
  49.800	      0.918	   2345.698	    2345.698	     38.416	      0.000	      0.220
  50.000	      1.062	   2345.843	    2345.843	     38.299	      0.000	      0.219
  50.200	      1.207	   2345.989	    2345.989	     38.247	      0.000	      0.218
  50.400	      1.349	   2346.133	    2346.133	     38.023	      0.000	      0.216
  50.600	      1.490	   2346.277	    2346.277	     37.850	      0.000	      0.214
  50.800	      1.632	   2346.420	    2346.420	     37.684	      0.000	      0.212
  51.000	      1.770	   2346.562	    2346.562	     37.370	      0.000	      0.208
  51.200	      1.907	   2346.703	    2346.703	     37.013	      0.000	      0.204
  51.400	      2.043	   2346.842	    2346.842	     36.689	      0.000	      0.201
  51.600	      2.182	   2346.981	    2346.981	     36.720	      0.000	      0.201
  51.800	      2.320	   2347.120	    2347.120	     36.603	      0.000	      0.200
  52.000	      2.456	   2347.258	    2347.258	     36.353	      0.000	      0.197
  52.200	      2.593	   2347.396	    2347.396	     36.366	      0.000	      0.197
  52.400	      2.730	   2347.534	    2347.534	     36.239	      0.000	      0.196
  52.600	      2.863	   2347.671	    2347.671	     35.863	      0.000	      0.192
  52.800	      2.997	   2347.806	    2347.806	     35.719	      0.000	      0.190
  53.000	      3.130	   2347.941	    2347.941	     35.567	      0.000	      0.189
  53.200	      3.264	   2348.076	    2348.076	     35.485	      0.000	      0.188
  53.400	      3.396	   2348.210	    2348.210	     35.326	      0.000	      0.186
  53.600	      3.529	   2348.344	    2348.344	     35.266	      0.000	      0.186
  53.800	      3.665	   2348.478	    2348.478	     35.408	      0.000	      0.187
  54.000	      3.797	   2348.612	    2348.612	     35.196	      0.000	      0.185
  54.200	      3.926	   2348.744	    2348.744	     34.901	      0.000	      0.182
  54.400	      4.058	   2348.876	    2348.876	     34.900	      0.000	      0.182
  54.600	      4.187	   2349.008	    2349.008	     34.605	      0.000	      0.179
  54.800	      4.315	   2349.139	    2349.139	     34.431	      0.000	      0.177
  55.000	      4.446	   2349.269	    2349.269	     34.432	      0.000	      0.177
  55.200	      4.577	   2349.400	    2349.400	     34.469	      0.000	      0.177
  55.400	      4.708	   2349.530	    2349.530	     34.465	      0.000	      0.177
  55.600	      4.835	   2349.661	    2349.661	     34.178	      0.000	      0.174
  55.800	      4.962	   2349.789	    2349.789	     33.976	      0.000	      0.172
  56.000	      5.090	   2349.918	    2349.918	     33.889	      0.000	      0.171
  56.200	      5.213	   2350.046	    2350.046	     33.469	      0.000	      0.167
  56.400	      5.339	   2350.173	    2350.173	     33.385	      0.000	      0.166
  56.600	      5.466	   2350.299	    2350.299	     33.446	      0.000	      0.167
  56.800	      5.591	   2350.426	    2350.426	     33.282	      0.000	      0.165
  57.000	      5.715	   2350.551	    2350.551	     33.110	      0.000	      0.164
  57.200	      5.838	   2350.677	    2350.677	     32.891	      0.000	      0.162
  57.400	      5.960	   2350.801	    2350.801	     32.676	      0.000	      0.159
  57.600	      6.080	   2350.924	    2350.924	     32.366	      0.000	      0.156
  57.800	      6.198	   2351.046	    2351.046	     31.900	      0.000	      0.152
  58.000	      6.317	   2351.166	    2351.166	     31.799	      0.000	      0.151
  58.200	      6.435	   2351.286	    2351.286	     31.593	      0.000	      0.149
  58.400	      6.551	   2351.405	    2351.405	     31.212	      0.000	      0.145
  58.600	      6.667	   2351.523	    2351.523	     31.043	      0.000	      0.144
  58.800	      6.782	   2351.641	    2351.641	     30.788	      0.000	      0.142
  59.000	      6.893	   2351.756	    2351.756	     30.274	      0.000	      0.137
  59.200	      7.002	   2351.870	    2351.870	     29.738	      0.000	      0.132
  59.400	      7.109	   2351.981	    2351.981	     29.233	      0.000	      0.128
  59.600	      7.216	   2352.092	    2352.092	     28.889	      0.000	      0.125
  59.800	      7.321	   2352.201	    2352.201	     28.421	      0.000	      0.121
  60.000	      7.424	   2352.307	    2352.307	     28.000	      0.000	      0.117
  60.200	      7.528	   2352.413	    2352.413	     27.733	      0.000	      0.115
  60.400	      7.627	   2352.517	    2352.517	     27.161	      0.000	      0.110
  60.600	      7.722	   2352.618	    2352.618	     26.351	      0.000	      0.104
  60.800	      7.816	   2352.717	    2352.717	     25.748	      0.000	      0.099
  61.000	      7.908	   2352.814	    2352.814	     25.109	      0.000	      0.094
  61.200	      7.996	   2352.907	    2352.907	     24.425	      0.000	      0.089
  61.400	      8.083	   2352.999	    2352.999	     23.809	      0.000	      0.085
  61.600	      8.169	   2353.088	    2353.088	     23.274	      0.000	      0.081
  61.800	      8.251	   2353.175	    2353.175	     22.636	      0.000	      0.077
  62.000	      8.330	   2353.259	    2353.259	     21.775	      0.000	      0.071
  62.200	      8.405	   2353.340	    2353.340	     20.881	      0.000	      0.065
  62.400	      8.478	   2353.417	    2353.417	     20.157	      0.000	      0.061
  62.600	      8.547	   2353.492	    2353.492	     19.174	      0.000	      0.055
  62.800	      8.612	   2353.562	    2353.562	     18.199	      0.000	      0.049
  63.000	      8.676	   2353.630	    2353.630	     17.501	      0.000	      0.046
  63.200	      8.737	   2353.695	    2353.695	     16.710	      0.000	      0.042
  63.400	      8.794	   2353.757	    2353.757	     15.776	      0.000	      0.037
  63.600	      8.848	   2353.815	    2353.815	     14.881	      0.000	      0.033
  63.800	      8.898	   2353.869	    2353.869	     13.878	      0.000	      0.029
  64.000	      8.945	   2353.920	    2353.920	     12.834	      0.000	      0.025
  64.200	      8.987	   2353.966	    2353.966	     11.591	      0.000	      0.020
  64.400	      9.025	   2354.008	    2354.008	     10.565	      0.000	      0.017
  64.600	      9.061	   2354.047	    2354.047	      9.774	      0.000	      0.014
  64.800	      9.093	   2354.082	    2354.082	      8.704	      0.000	      0.011
  65.000	      9.122	   2354.113	    2354.113	      7.670	      0.000	      0.009
  65.200	      9.147	   2354.140	    2354.140	      6.743	      0.000	      0.007
  65.400	      9.168	   2354.163	    2354.163	      5.443	      0.000	      0.004
  65.600	      9.184	   2354.181	    2354.181	      4.196	      0.000	      0.003
  65.800	      9.196	   2354.195	    2354.195	      2.978	      0.000	      0.001
  66.000	      9.205	   2354.204	    2354.204	      1.921	      0.000	      0.001
  66.200	      9.210	   2354.210	    2354.210	      0.919	      0.000	      0.000
  66.400	      9.211	   2354.211	    2354.211	     -0.306	      0.000	     -0.000
  66.600	      9.207	   2354.208	    2354.208	     -1.313	      0.000	     -0.000
  66.800	      9.200	   2354.201	    2354.201	     -2.344	      0.000	     -0.001
  67.000	      9.187	   2354.189	    2354.189	     -3.797	      0.000	     -0.002
  67.200	      9.169	   2354.173	    2354.173	     -4.935	      0.000	     -0.004
  67.400	      9.147	   2354.152	    2354.152	     -6.080	      0.000	     -0.005
  67.600	      9.119	   2354.127	    2354.127	     -7.304	      0.000	     -0.008
  67.800	      9.087	   2354.097	    2354.097	     -8.376	      0.000	     -0.010
  68.000	      9.050	   2354.063	    2354.063	     -9.473	      0.000	     -0.013
  68.200	      9.009	   2354.026	    2354.026	    -10.403	      0.000	     -0.016
  68.400	      8.965	   2353.984	    2353.984	    -11.504	      0.000	     -0.020
  68.600	      8.913	   2353.938	    2353.938	    -12.866	      0.000	     -0.025
  68.800	      8.859	   2353.887	    2353.887	    -13.839	      0.000	     -0.028
  69.000	      8.799	   2353.832	    2353.832	    -15.053	      0.000	     -0.034
  69.200	      8.733	   2353.773	    2353.773	    -16.288	      0.000	     -0.039
  69.400	      8.666	   2353.710	    2353.710	    -17.118	      0.000	     -0.044
  69.600	      8.595	   2353.643	    2353.643	    -18.033	      0.000	     -0.048
  69.800	      8.519	   2353.573	    2353.573	    -18.975	      0.000	     -0.054
  70.000	      8.440	   2353.499	    2353.499	    -19.993	      0.000	     -0.059
  70.200	      8.355	   2353.421	    2353.421	    -21.116	      0.000	     -0.066
  70.400	      8.268	   2353.340	    2353.340	    -21.981	      0.000	     -0.072
  70.600	      8.175	   2353.254	    2353.254	    -23.114	      0.000	     -0.080
  70.800	      8.079	   2353.165	    2353.165	    -24.045	      0.000	     -0.086
  71.000	      7.983	   2353.073	    2353.073	    -24.587	      0.000	     -0.090
  71.200	      7.881	   2352.978	    2352.978	    -25.457	      0.000	     -0.096
  71.400	      7.777	   2352.880	    2352.880	    -26.282	      0.000	     -0.103
  71.600	      7.671	   2352.779	    2352.779	    -26.963	      0.000	     -0.108
  71.800	      7.560	   2352.675	    2352.675	    -27.827	      0.000	     -0.115
  72.000	      7.447	   2352.568	    2352.568	    -28.579	      0.000	     -0.122
  72.200	      7.329	   2352.458	    2352.458	    -29.428	      0.000	     -0.129
  72.400	      7.211	   2352.345	    2352.345	    -30.045	      0.000	     -0.135
  72.600	      7.092	   2352.231	    2352.231	    -30.493	      0.000	     -0.139
  72.800	      6.969	   2352.114	    2352.114	    -31.208	      0.000	     -0.145
  73.000	      6.845	   2351.995	    2351.995	    -31.669	      0.000	     -0.150
  73.200	      6.721	   2351.874	    2351.874	    -32.033	      0.000	     -0.153
  73.400	      6.591	   2351.751	    2351.751	    -32.790	      0.000	     -0.160
  73.600	      6.460	   2351.626	    2351.626	    -33.350	      0.000	     -0.166
  73.800	      6.328	   2351.499	    2351.499	    -33.850	      0.000	     -0.171
  74.000	      6.194	   2351.370	    2351.370	    -34.280	      0.000	     -0.175
  74.200	      6.061	   2351.239	    2351.239	    -34.567	      0.000	     -0.178
  74.400	      5.926	   2351.108	    2351.108	    -34.909	      0.000	     -0.182
  74.600	      5.792	   2350.975	    2350.975	    -35.053	      0.000	     -0.183
  74.800	      5.656	   2350.842	    2350.842	    -35.315	      0.000	     -0.186
  75.000	      5.514	   2350.707	    2350.707	    -35.917	      0.000	     -0.192
  75.200	      5.376	   2350.570	    2350.570	    -36.127	      0.000	     -0.195
  75.400	      5.236	   2350.433	    2350.433	    -36.349	      0.000	     -0.197
  75.600	      5.094	   2350.295	    2350.295	    -36.666	      0.000	     -0.200
  75.800	      4.955	   2350.156	    2350.156	    -36.685	      0.000	     -0.201
  76.000	      4.815	   2350.016	    2350.016	    -36.735	      0.000	     -0.201
  76.200	      4.675	   2349.877	    2349.877	    -36.830	      0.000	     -0.202
  76.400	      4.533	   2349.737	    2349.737	    -36.971	      0.000	     -0.204
  76.600	      4.390	   2349.597	    2349.597	    -37.259	      0.000	     -0.207
  76.800	      4.249	   2349.456	    2349.456	    -37.221	      0.000	     -0.207
  77.000	      4.106	   2349.314	    2349.314	    -37.385	      0.000	     -0.208
  77.200	      3.961	   2349.172	    2349.172	    -37.592	      0.000	     -0.211
  77.400	      3.822	   2349.030	    2349.030	    -37.361	      0.000	     -0.208
  77.600	      3.681	   2348.889	    2348.889	    -37.315	      0.000	     -0.208
  77.800	      3.539	   2348.747	    2348.747	    -37.356	      0.000	     -0.208
  78.000	      3.399	   2348.606	    2348.606	    -37.231	      0.000	     -0.207
  78.200	      3.257	   2348.465	    2348.465	    -37.323	      0.000	     -0.208
  78.400	      3.116	   2348.323	    2348.323	    -37.305	      0.000	     -0.208
  78.600	      2.973	   2348.182	    2348.182	    -37.430	      0.000	     -0.209
  78.800	      2.831	   2348.040	    2348.040	    -37.434	      0.000	     -0.209
  79.000	      2.694	   2347.899	    2347.899	    -37.074	      0.000	     -0.205
  79.200	      2.554	   2347.758	    2347.758	    -37.054	      0.000	     -0.205
  79.400	      2.414	   2347.618	    2347.618	    -36.979	      0.000	     -0.204
  79.600	      2.277	   2347.478	    2347.478	    -36.711	      0.000	     -0.201
  79.800	      2.136	   2347.339	    2347.339	    -36.900	      0.000	     -0.203
  80.000	      1.996	   2347.199	    2347.199	    -36.915	      0.000	     -0.203
  80.200	      1.856	   2347.059	    2347.059	    -36.883	      0.000	     -0.203
  80.400	      1.718	   2346.920	    2346.920	    -36.808	      0.000	     -0.202
  80.600	      1.582	   2346.781	    2346.781	    -36.541	      0.000	     -0.199
  80.800	      1.443	   2346.642	    2346.642	    -36.563	      0.000	     -0.199
  81.000	      1.306	   2346.504	    2346.504	    -36.401	      0.000	     -0.198
  81.200	      1.171	   2346.367	    2346.367	    -36.186	      0.000	     -0.195
  81.400	      1.031	   2346.229	    2346.229	    -36.468	      0.000	     -0.198
  81.600	      0.894	   2346.091	    2346.091	    -36.364	      0.000	     -0.197
  81.800	      0.757	   2345.953	    2345.953	    -36.277	      0.000	     -0.196
  82.000	      0.619	   2345.816	    2345.816	    -36.359	      0.000	     -0.197
  82.200	      0.483	   2345.678	    2345.678	    -36.174	      0.000	     -0.195
  82.400	      0.347	   2345.541	    2345.541	    -36.127	      0.000	     -0.195
  82.600	      0.212	   2345.405	    2345.405	    -35.959	      0.000	     -0.193
  82.800	      0.077	   2345.269	    2345.269	    -35.873	      0.000	     -0.192
  83.000	     -0.063	   2345.132	    2345.132	    -36.144	      0.000	     -0.195
  83.200	     -0.198	   2344.995	    2344.995	    -35.998	      0.000	     -0.193
  83.400	     -0.335	   2344.859	    2344.859	    -36.088	      0.000	     -0.194
  83.600	     -0.475	   2344.722	    2344.722	    -36.281	      0.000	     -0.196
  83.800	     -0.609	   2344.585	    2344.585	    -36.014	      0.000	     -0.193
  84.000	     -0.745	   2344.448	    2344.448	    -35.964	      0.000	     -0.193
  84.200	     -0.880	   2344.312	    2344.312	    -35.938	      0.000	     -0.193
  84.400	     -1.017	   2344.176	    2344.176	    -35.925	      0.000	     -0.192
  84.600	     -1.155	   2344.039	    2344.039	    -36.148	      0.000	     -0.195
  84.800	     -1.291	   2343.903	    2343.903	    -36.079	      0.000	     -0.194
  85.000	     -1.430	   2343.766	    2343.766	    -36.276	      0.000	     -0.196
  85.200	     -1.569	   2343.628	    2343.628	    -36.371	      0.000	     -0.197
  85.400	     -1.703	   2343.491	    2343.491	    -36.057	      0.000	     -0.194
  85.600	     -1.841	   2343.354	    2343.354	    -36.152	      0.000	     -0.195
  85.800	     -1.978	   2343.217	    2343.217	    -36.187	      0.000	     -0.195
  86.000	     -2.114	   2343.080	    2343.080	    -36.076	      0.000	     -0.194
  86.200	     -2.253	   2342.943	    2342.943	    -36.261	      0.000	     -0.196
  86.400	     -2.390	   2342.806	    2342.806	    -36.273	      0.000	     -0.196
  86.600	     -2.530	   2342.668	    2342.668	    -36.409	      0.000	     -0.198
  86.800	     -2.668	   2342.530	    2342.530	    -36.418	      0.000	     -0.198
  87.000	     -2.803	   2342.392	    2342.392	    -36.214	      0.000	     -0.196
  87.200	     -2.942	   2342.255	    2342.255	    -36.341	      0.000	     -0.197
  87.400	     -3.079	   2342.117	    2342.117	    -36.221	      0.000	     -0.196
  87.600	     -3.213	   2341.980	    2341.980	    -36.017	      0.000	     -0.193
  87.800	     -3.352	   2341.844	    2341.844	    -36.249	      0.000	     -0.196
  88.000	     -3.490	   2341.706	    2341.706	    -36.239	      0.000	     -0.196
  88.200	     -3.627	   2341.569	    2341.569	    -36.232	      0.000	     -0.196
  88.400	     -3.764	   2341.432	    2341.432	    -36.217	      0.000	     -0.196
  88.600	     -3.898	   2341.295	    2341.295	    -36.007	      0.000	     -0.193
  88.800	     -4.034	   2341.159	    2341.159	    -35.922	      0.000	     -0.193
  89.000	     -4.167	   2341.023	    2341.023	    -35.645	      0.000	     -0.190
  89.200	     -4.299	   2340.888	    2340.888	    -35.451	      0.000	     -0.187
  89.400	     -4.435	   2340.754	    2340.754	    -35.615	      0.000	     -0.189
  89.600	     -4.568	   2340.619	    2340.619	    -35.393	      0.000	     -0.187
  89.800	     -4.699	   2340.486	    2340.486	    -35.225	      0.000	     -0.185
  90.000	     -4.832	   2340.352	    2340.352	    -35.167	      0.000	     -0.184
  90.200	     -4.961	   2340.219	    2340.219	    -34.772	      0.000	     -0.180
  90.400	     -5.089	   2340.088	    2340.088	    -34.468	      0.000	     -0.177
  90.600	     -5.216	   2339.958	    2339.958	    -34.173	      0.000	     -0.174
  90.800	     -5.342	   2339.829	    2339.829	    -33.874	      0.000	     -0.171
  91.000	     -5.469	   2339.701	    2339.701	    -33.755	      0.000	     -0.170
  91.200	     -5.591	   2339.574	    2339.574	    -33.318	      0.000	     -0.166
  91.400	     -5.715	   2339.448	    2339.448	    -33.069	      0.000	     -0.163
  91.600	     -5.838	   2339.323	    2339.323	    -32.870	      0.000	     -0.161
  91.800	     -5.955	   2339.200	    2339.200	    -32.224	      0.000	     -0.155
  92.000	     -6.072	   2339.079	    2339.079	    -31.777	      0.000	     -0.151
  92.200	     -6.188	   2338.959	    2338.959	    -31.363	      0.000	     -0.147
  92.400	     -6.299	   2338.842	    2338.842	    -30.740	      0.000	     -0.141
  92.600	     -6.412	   2338.726	    2338.726	    -30.357	      0.000	     -0.138
  92.800	     -6.521	   2338.612	    2338.612	    -29.833	      0.000	     -0.133
  93.000	     -6.630	   2338.500	    2338.500	    -29.421	      0.000	     -0.129
  93.200	     -6.736	   2338.389	    2338.389	    -28.930	      0.000	     -0.125
  93.400	     -6.837	   2338.281	    2338.281	    -28.054	      0.000	     -0.118
  93.600	     -6.937	   2338.176	    2338.176	    -27.483	      0.000	     -0.113
  93.800	     -7.035	   2338.073	    2338.073	    -26.813	      0.000	     -0.107
  94.000	     -7.127	   2337.973	    2337.973	    -25.913	      0.000	     -0.100
  94.200	     -7.221	   2337.876	    2337.876	    -25.445	      0.000	     -0.097
  94.400	     -7.311	   2337.780	    2337.780	    -24.774	      0.000	     -0.092
  94.600	     -7.399	   2337.688	    2337.688	    -24.056	      0.000	     -0.086
  94.800	     -7.483	   2337.598	    2337.598	    -23.331	      0.000	     -0.081
  95.000	     -7.563	   2337.512	    2337.512	    -22.360	      0.000	     -0.075
  95.200	     -7.642	   2337.428	    2337.428	    -21.629	      0.000	     -0.070
  95.400	     -7.716	   2337.348	    2337.348	    -20.701	      0.000	     -0.064
  95.600	     -7.786	   2337.272	    2337.272	    -19.668	      0.000	     -0.058
  95.800	     -7.856	   2337.198	    2337.198	    -19.086	      0.000	     -0.054
  96.000	     -7.921	   2337.128	    2337.128	    -18.127	      0.000	     -0.049
  96.200	     -7.983	   2337.061	    2337.061	    -17.190	      0.000	     -0.044
  96.400	     -8.043	   2336.997	    2336.997	    -16.418	      0.000	     -0.040
  96.600	     -8.098	   2336.937	    2336.937	    -15.344	      0.000	     -0.035
  96.800	     -8.150	   2336.881	    2336.881	    -14.383	      0.000	     -0.031
  97.000	     -8.198	   2336.828	    2336.828	    -13.285	      0.000	     -0.026
  97.200	     -8.242	   2336.780	    2336.780	    -12.209	      0.000	     -0.022
  97.400	     -8.284	   2336.735	    2336.735	    -11.449	      0.000	     -0.020
  97.600	     -8.322	   2336.694	    2336.694	    -10.313	      0.000	     -0.016
  97.800	     -8.357	   2336.656	    2336.656	     -9.396	      0.000	     -0.013
  98.000	     -8.389	   2336.622	    2336.622	     -8.577	      0.000	     -0.011
  98.200	     -8.416	   2336.592	    2336.592	     -7.322	      0.000	     -0.008
  98.400	     -8.439	   2336.566	    2336.566	     -6.248	      0.000	     -0.006
  98.600	     -8.459	   2336.545	    2336.545	     -5.174	      0.000	     -0.004
  98.800	     -8.475	   2336.527	    2336.527	     -4.076	      0.000	     -0.003
  99.000	     -8.488	   2336.514	    2336.514	     -3.191	      0.000	     -0.002
  99.200	     -8.497	   2336.504	    2336.504	     -2.067	      0.000	     -0.001
  99.400	     -8.503	   2336.498	    2336.498	     -1.191	      0.000	     -0.000
  99.600	     -8.505	   2336.495	    2336.495	     -0.235	      0.000	     -0.000
  99.800	     -8.504	   2336.496	    2336.496	      1.071	      0.000	      0.000
 100.000	     -8.497	   2336.502	    2336.502	      2.034	      0.000	      0.001
