    时间	    汇点水头	    大井水位	    升管水位	    大井流量	    升管流量	    底板压差
   0.000	      0.283	   2345.283	    2345.283	      0.000	      0.000	      0.000
   0.200	      0.281	   2345.281	    2345.281	     -0.177	      0.000	     -0.000
   0.400	      0.281	   2345.281	    2345.281	      0.179	      0.000	      0.000
   0.600	      0.282	   2345.282	    2345.282	      0.032	      0.000	      0.000
   0.800	      0.282	   2345.282	    2345.282	     -0.030	      0.000	     -0.000
   1.000	      0.282	   2345.282	    2345.282	     -0.030	      0.000	     -0.000
   1.200	      0.281	   2345.281	    2345.281	      0.030	      0.000	      0.000
   1.400	      0.282	   2345.282	    2345.282	      0.171	      0.000	      0.000
   1.600	      0.282	   2345.282	    2345.282	     -0.188	      0.000	     -0.000
   1.800	      0.281	   2345.281	    2345.281	     -0.047	      0.000	     -0.000
   2.000	      0.282	   2345.282	    2345.282	      0.146	      0.000	      0.000
   2.200	      0.282	   2345.282	    2345.282	     -0.219	      0.000	     -0.000
   2.400	      0.281	   2345.281	    2345.281	     -0.087	      0.000	     -0.000
   2.600	      0.280	   2345.280	    2345.280	     -0.044	      0.000	     -0.000
   2.800	      0.280	   2345.280	    2345.280	      0.077	      0.000	      0.000
   3.000	      0.279	   2345.279	    2345.279	     -0.159	      0.000	     -0.000
   3.200	      0.277	   2345.277	    2345.277	     -0.332	      0.000	     -0.000
   3.400	      0.276	   2345.276	    2345.276	     -0.025	      0.000	     -0.000
   3.600	      0.275	   2345.275	    2345.275	     -0.221	      0.000	     -0.000
   3.800	      0.272	   2345.272	    2345.272	     -0.336	      0.000	     -0.000
   4.000	      0.270	   2345.270	    2345.270	     -0.202	      0.000	     -0.000
   4.200	      0.267	   2345.267	    2345.267	     -0.429	      0.000	     -0.000
   4.400	      0.263	   2345.263	    2345.263	     -0.583	      0.000	     -0.000
   4.600	      0.258	   2345.258	    2345.258	     -0.827	      0.000	     -0.000
   4.800	      0.252	   2345.252	    2345.252	     -0.595	      0.000	     -0.000
   5.000	      0.247	   2345.247	    2345.247	     -0.732	      0.000	     -0.000
   5.200	      0.238	   2345.238	    2345.238	     -1.216	      0.000	     -0.000
   5.400	      0.229	   2345.229	    2345.229	     -1.228	      0.000	     -0.000
   5.600	      0.220	   2345.220	    2345.220	     -1.347	      0.000	     -0.000
   5.800	      0.208	   2345.209	    2345.209	     -1.595	      0.000	     -0.000
   6.000	      0.195	   2345.196	    2345.196	     -1.800	      0.000	     -0.001
   6.200	      0.180	   2345.180	    2345.180	     -1.958	      0.000	     -0.001
   6.400	      0.164	   2345.165	    2345.165	     -2.065	      0.000	     -0.001
   6.600	      0.145	   2345.146	    2345.146	     -2.666	      0.000	     -0.001
   6.800	      0.124	   2345.125	    2345.125	     -2.794	      0.000	     -0.001
   7.000	      0.102	   2345.103	    2345.103	     -2.903	      0.000	     -0.001
   7.200	      0.076	   2345.078	    2345.078	     -3.361	      0.000	     -0.002
   7.400	      0.048	   2345.050	    2345.050	     -3.749	      0.000	     -0.002
   7.600	      0.017	   2345.019	    2345.019	     -4.043	      0.000	     -0.003
   7.800	     -0.016	   2344.987	    2344.987	     -4.280	      0.000	     -0.003
   8.000	     -0.052	   2344.951	    2344.951	     -4.872	      0.000	     -0.004
   8.200	     -0.094	   2344.911	    2344.911	     -5.408	      0.000	     -0.005
   8.400	     -0.136	   2344.869	    2344.869	     -5.502	      0.000	     -0.005
   8.600	     -0.182	   2344.824	    2344.824	     -6.086	      0.000	     -0.006
   8.800	     -0.233	   2344.774	    2344.774	     -6.583	      0.000	     -0.007
   9.000	     -0.287	   2344.721	    2344.721	     -7.047	      0.000	     -0.008
   9.200	     -0.344	   2344.665	    2344.665	     -7.467	      0.000	     -0.009
   9.400	     -0.405	   2344.605	    2344.605	     -8.011	      0.000	     -0.010
   9.600	     -0.471	   2344.540	    2344.540	     -8.638	      0.000	     -0.012
   9.800	     -0.540	   2344.472	    2344.472	     -8.805	      0.000	     -0.012
  10.000	     -0.612	   2344.402	    2344.402	     -9.335	      0.000	     -0.014
  10.200	     -0.691	   2344.325	    2344.325	    -10.161	      0.000	     -0.016
  10.400	     -0.772	   2344.245	    2344.245	    -10.530	      0.000	     -0.017
  10.600	     -0.857	   2344.162	    2344.162	    -10.997	      0.000	     -0.019
  10.800	     -0.946	   2344.074	    2344.074	    -11.369	      0.000	     -0.020
  11.000	     -1.040	   2343.983	    2343.983	    -12.051	      0.000	     -0.023
  11.200	     -1.138	   2343.886	    2343.886	    -12.476	      0.000	     -0.024
  11.400	     -1.238	   2343.788	    2343.788	    -12.821	      0.000	     -0.026
  11.600	     -1.344	   2343.686	    2343.686	    -13.592	      0.000	     -0.029
  11.800	     -1.452	   2343.578	    2343.578	    -13.870	      0.000	     -0.030
  12.000	     -1.562	   2343.470	    2343.470	    -14.100	      0.000	     -0.031
  12.200	     -1.676	   2343.358	    2343.358	    -14.611	      0.000	     -0.034
  12.400	     -1.793	   2343.242	    2343.242	    -14.997	      0.000	     -0.035
  12.600	     -1.913	   2343.124	    2343.124	    -15.430	      0.000	     -0.037
  12.800	     -2.033	   2343.004	    2343.004	    -15.389	      0.000	     -0.037
  13.000	     -2.156	   2342.883	    2342.883	    -15.820	      0.000	     -0.039
  13.200	     -2.282	   2342.759	    2342.759	    -16.126	      0.000	     -0.041
  13.400	     -2.406	   2342.634	    2342.634	    -15.969	      0.000	     -0.040
  13.600	     -2.533	   2342.509	    2342.509	    -16.219	      0.000	     -0.041
  13.800	     -2.660	   2342.382	    2342.382	    -16.309	      0.000	     -0.042
  14.000	     -2.787	   2342.255	    2342.255	    -16.310	      0.000	     -0.042
  14.200	     -2.913	   2342.128	    2342.128	    -16.213	      0.000	     -0.041
  14.400	     -3.037	   2342.003	    2342.003	    -15.999	      0.000	     -0.040
  14.600	     -3.164	   2341.877	    2341.877	    -16.146	      0.000	     -0.041
  14.800	     -3.285	   2341.753	    2341.753	    -15.626	      0.000	     -0.038
  15.000	     -3.405	   2341.633	    2341.633	    -15.390	      0.000	     -0.037
  15.200	     -3.525	   2341.513	    2341.513	    -15.375	      0.000	     -0.037
  15.400	     -3.640	   2341.395	    2341.395	    -14.882	      0.000	     -0.035
  15.600	     -3.752	   2341.281	    2341.281	    -14.434	      0.000	     -0.033
  15.800	     -3.859	   2341.171	    2341.171	    -13.863	      0.000	     -0.030
  16.000	     -3.965	   2341.064	    2341.064	    -13.550	      0.000	     -0.029
  16.200	     -4.068	   2340.960	    2340.960	    -13.125	      0.000	     -0.027
  16.400	     -4.162	   2340.862	    2340.862	    -12.270	      0.000	     -0.024
  16.600	     -4.255	   2340.768	    2340.768	    -11.986	      0.000	     -0.023
  16.800	     -4.343	   2340.677	    2340.677	    -11.215	      0.000	     -0.020
  17.000	     -4.424	   2340.593	    2340.593	    -10.405	      0.000	     -0.017
  17.200	     -4.502	   2340.514	    2340.514	     -9.868	      0.000	     -0.015
  17.400	     -4.574	   2340.440	    2340.440	     -9.224	      0.000	     -0.013
  17.600	     -4.642	   2340.370	    2340.370	     -8.630	      0.000	     -0.012
  17.800	     -4.702	   2340.307	    2340.307	     -7.613	      0.000	     -0.009
  18.000	     -4.757	   2340.251	    2340.251	     -6.917	      0.000	     -0.008
  18.200	     -4.809	   2340.197	    2340.197	     -6.469	      0.000	     -0.007
  18.400	     -4.854	   2340.151	    2340.151	     -5.453	      0.000	     -0.005
  18.600	     -4.893	   2340.111	    2340.111	     -4.885	      0.000	     -0.004
  18.800	     -4.928	   2340.075	    2340.075	     -4.235	      0.000	     -0.003
  19.000	     -4.957	   2340.045	    2340.045	     -3.574	      0.000	     -0.002
  19.200	     -4.982	   2340.019	    2340.019	     -2.880	      0.000	     -0.001
  19.400	     -5.001	   2340.000	    2340.000	     -2.143	      0.000	     -0.001
  19.600	     -5.016	   2339.984	    2339.984	     -1.806	      0.000	     -0.001
  19.800	     -5.027	   2339.973	    2339.973	     -1.051	      0.000	     -0.000
  20.000	     -5.032	   2339.968	    2339.968	     -0.313	      0.000	     -0.000
  20.200	     -5.033	   2339.967	    2339.967	     -0.026	      0.000	     -0.000
  20.400	     -5.030	   2339.970	    2339.970	      0.660	      0.000	      0.000
  20.600	     -5.023	   2339.977	    2339.977	      1.236	      0.000	      0.000
  20.800	     -5.011	   2339.989	    2339.989	      1.873	      0.000	      0.001
  21.000	     -4.995	   2340.005	    2340.005	      2.204	      0.000	      0.001
  21.200	     -4.976	   2340.023	    2340.023	      2.594	      0.000	      0.001
  21.400	     -4.952	   2340.047	    2340.047	      3.335	      0.000	      0.002
  21.600	     -4.924	   2340.074	    2340.074	      3.642	      0.000	      0.002
  21.800	     -4.895	   2340.103	    2340.103	      4.052	      0.000	      0.003
  22.000	     -4.861	   2340.136	    2340.136	      4.618	      0.000	      0.003
  22.200	     -4.824	   2340.173	    2340.173	      4.887	      0.000	      0.004
  22.400	     -4.783	   2340.212	    2340.212	      5.218	      0.000	      0.004
  22.600	     -4.741	   2340.254	    2340.254	      5.465	      0.000	      0.005
  22.800	     -4.695	   2340.299	    2340.299	      6.101	      0.000	      0.006
  23.000	     -4.646	   2340.347	    2340.347	      6.399	      0.000	      0.006
  23.200	     -4.597	   2340.397	    2340.397	      6.454	      0.000	      0.007
  23.400	     -4.544	   2340.449	    2340.449	      6.895	      0.000	      0.007
  23.600	     -4.487	   2340.504	    2340.504	      7.226	      0.000	      0.008
  23.800	     -4.430	   2340.562	    2340.562	      7.477	      0.000	      0.009
  24.000	     -4.370	   2340.621	    2340.621	      7.754	      0.000	      0.009
  24.200	     -4.308	   2340.682	    2340.682	      8.073	      0.000	      0.010
  24.400	     -4.242	   2340.746	    2340.746	      8.426	      0.000	      0.011
  24.600	     -4.177	   2340.812	    2340.812	      8.393	      0.000	      0.011
  24.800	     -4.110	   2340.878	    2340.878	      8.776	      0.000	      0.012
  25.000	     -4.039	   2340.948	    2340.948	      9.134	      0.000	      0.013
  25.200	     -3.967	   2341.019	    2341.019	      9.219	      0.000	      0.013
  25.400	     -3.895	   2341.091	    2341.091	      9.379	      0.000	      0.014
  25.600	     -3.821	   2341.165	    2341.165	      9.598	      0.000	      0.014
  25.800	     -3.744	   2341.240	    2341.240	      9.874	      0.000	      0.015
  26.000	     -3.668	   2341.317	    2341.317	      9.842	      0.000	      0.015
  26.200	     -3.591	   2341.393	    2341.393	      9.876	      0.000	      0.015
  26.400	     -3.512	   2341.472	    2341.472	     10.248	      0.000	      0.017
  26.600	     -3.432	   2341.551	    2341.551	     10.198	      0.000	      0.016
  26.800	     -3.353	   2341.630	    2341.630	     10.248	      0.000	      0.017
  27.000	     -3.273	   2341.710	    2341.710	     10.289	      0.000	      0.017
  27.200	     -3.192	   2341.791	    2341.791	     10.357	      0.000	      0.017
  27.400	     -3.112	   2341.872	    2341.872	     10.308	      0.000	      0.017
  27.600	     -3.032	   2341.951	    2341.951	     10.189	      0.000	      0.016
  27.800	     -2.951	   2342.031	    2342.031	     10.447	      0.000	      0.017
  28.000	     -2.871	   2342.112	    2342.112	     10.360	      0.000	      0.017
  28.200	     -2.793	   2342.191	    2342.191	     10.041	      0.000	      0.016
  28.400	     -2.714	   2342.270	    2342.270	     10.086	      0.000	      0.016
  28.600	     -2.636	   2342.348	    2342.348	     10.014	      0.000	      0.016
  28.800	     -2.558	   2342.426	    2342.426	     10.016	      0.000	      0.016
  29.000	     -2.483	   2342.502	    2342.502	      9.723	      0.000	      0.015
  29.200	     -2.409	   2342.577	    2342.577	      9.634	      0.000	      0.015
  29.400	     -2.334	   2342.652	    2342.652	      9.562	      0.000	      0.014
  29.600	     -2.263	   2342.724	    2342.724	      9.107	      0.000	      0.013
  29.800	     -2.192	   2342.795	    2342.795	      9.054	      0.000	      0.013
  30.000	     -2.122	   2342.865	    2342.865	      8.971	      0.000	      0.013
  30.200	     -2.055	   2342.933	    2342.933	      8.626	      0.000	      0.012
  30.400	     -1.990	   2342.999	    2342.999	      8.354	      0.000	      0.011
  30.600	     -1.927	   2343.063	    2343.063	      8.002	      0.000	      0.010
  30.800	     -1.865	   2343.125	    2343.125	      8.015	      0.000	      0.010
  31.000	     -1.805	   2343.186	    2343.186	      7.566	      0.000	      0.009
  31.200	     -1.749	   2343.243	    2343.243	      7.217	      0.000	      0.008
  31.400	     -1.692	   2343.300	    2343.300	      7.206	      0.000	      0.008
  31.600	     -1.639	   2343.354	    2343.354	      6.791	      0.000	      0.007
  31.800	     -1.588	   2343.405	    2343.405	      6.500	      0.000	      0.007
  32.000	     -1.539	   2343.455	    2343.455	      6.218	      0.000	      0.006
  32.200	     -1.492	   2343.502	    2343.502	      5.980	      0.000	      0.006
  32.400	     -1.446	   2343.548	    2343.548	      5.791	      0.000	      0.005
  32.600	     -1.405	   2343.591	    2343.591	      5.259	      0.000	      0.004
  32.800	     -1.365	   2343.631	    2343.631	      5.269	      0.000	      0.004
  33.000	     -1.325	   2343.671	    2343.671	      4.951	      0.000	      0.004
  33.200	     -1.290	   2343.707	    2343.707	      4.433	      0.000	      0.003
  33.400	     -1.256	   2343.741	    2343.741	      4.284	      0.000	      0.003
  33.600	     -1.224	   2343.774	    2343.774	      4.033	      0.000	      0.003
  33.800	     -1.194	   2343.804	    2343.804	      3.871	      0.000	      0.002
  34.000	     -1.166	   2343.832	    2343.832	      3.446	      0.000	      0.002
  34.200	     -1.141	   2343.857	    2343.857	      3.103	      0.000	      0.002
  34.400	     -1.116	   2343.882	    2343.882	      3.083	      0.000	      0.002
  34.600	     -1.095	   2343.904	    2343.904	      2.562	      0.000	      0.001
  34.800	     -1.075	   2343.924	    2343.924	      2.477	      0.000	      0.001
  35.000	     -1.057	   2343.943	    2343.943	      2.373	      0.000	      0.001
  35.200	     -1.040	   2343.959	    2343.959	      2.033	      0.000	      0.001
  35.400	     -1.025	   2343.974	    2343.974	      1.791	      0.000	      0.001
  35.600	     -1.013	   2343.987	    2343.987	      1.493	      0.000	      0.000
  35.800	     -1.001	   2343.999	    2343.999	      1.571	      0.000	      0.000
  36.000	     -0.989	   2344.010	    2344.010	      1.366	      0.000	      0.000
  36.200	     -0.981	   2344.019	    2344.019	      1.003	      0.000	      0.000
  36.400	     -0.973	   2344.027	    2344.027	      1.138	      0.000	      0.000
  36.600	     -0.965	   2344.035	    2344.035	      0.890	      0.000	      0.000
  36.800	     -0.959	   2344.041	    2344.041	      0.788	      0.000	      0.000
  37.000	     -0.953	   2344.047	    2344.047	      0.715	      0.000	      0.000
  37.200	     -0.948	   2344.052	    2344.052	      0.709	      0.000	      0.000
  37.400	     -0.942	   2344.058	    2344.058	      0.770	      0.000	      0.000
  37.600	     -0.937	   2344.063	    2344.063	      0.531	      0.000	      0.000
  37.800	     -0.932	   2344.068	    2344.068	      0.712	      0.000	      0.000
  38.000	     -0.926	   2344.074	    2344.074	      0.870	      0.000	      0.000
  38.200	     -0.920	   2344.080	    2344.080	      0.705	      0.000	      0.000
  38.400	     -0.913	   2344.087	    2344.087	      0.931	      0.000	      0.000
  38.600	     -0.905	   2344.095	    2344.095	      1.077	      0.000	      0.000
  38.800	     -0.896	   2344.104	    2344.104	      1.324	      0.000	      0.000
  39.000	     -0.886	   2344.114	    2344.114	      1.334	      0.000	      0.000
  39.200	     -0.875	   2344.124	    2344.124	      1.443	      0.000	      0.000
  39.400	     -0.862	   2344.138	    2344.138	      1.876	      0.000	      0.001
  39.600	     -0.847	   2344.153	    2344.153	      1.964	      0.000	      0.001
  39.800	     -0.831	   2344.168	    2344.168	      2.217	      0.000	      0.001
  40.000	     -0.812	   2344.187	    2344.187	      2.600	      0.000	      0.001
  40.200	     -0.792	   2344.207	    2344.207	      2.762	      0.000	      0.001
  40.400	     -0.769	   2344.230	    2344.230	      3.022	      0.000	      0.001
  40.600	     -0.744	   2344.254	    2344.254	      3.231	      0.000	      0.002
  40.800	     -0.716	   2344.281	    2344.281	      3.806	      0.000	      0.002
  41.000	     -0.685	   2344.312	    2344.312	      4.088	      0.000	      0.003
  41.200	     -0.654	   2344.344	    2344.344	      4.219	      0.000	      0.003
  41.400	     -0.618	   2344.379	    2344.379	      4.691	      0.000	      0.003
  41.600	     -0.579	   2344.417	    2344.417	      5.052	      0.000	      0.004
  41.800	     -0.538	   2344.458	    2344.458	      5.399	      0.000	      0.005
  42.000	     -0.494	   2344.501	    2344.501	      5.768	      0.000	      0.005
  42.200	     -0.447	   2344.547	    2344.547	      6.188	      0.000	      0.006
  42.400	     -0.396	   2344.597	    2344.597	      6.639	      0.000	      0.007
  42.600	     -0.343	   2344.649	    2344.649	      6.780	      0.000	      0.007
  42.800	     -0.288	   2344.704	    2344.704	      7.305	      0.000	      0.008
  43.000	     -0.228	   2344.763	    2344.763	      7.773	      0.000	      0.009
  43.200	     -0.166	   2344.824	    2344.824	      8.038	      0.000	      0.010
  43.400	     -0.101	   2344.888	    2344.888	      8.396	      0.000	      0.011
  43.600	     -0.034	   2344.954	    2344.954	      8.786	      0.000	      0.012
  43.800	      0.038	   2345.024	    2345.024	      9.243	      0.000	      0.013
  44.000	      0.111	   2345.097	    2345.097	      9.430	      0.000	      0.014
  44.200	      0.186	   2345.171	    2345.171	      9.696	      0.000	      0.015
  44.400	      0.265	   2345.249	    2345.249	     10.239	      0.000	      0.016
  44.600	      0.346	   2345.329	    2345.329	     10.412	      0.000	      0.017
  44.800	      0.429	   2345.411	    2345.411	     10.721	      0.000	      0.018
  45.000	      0.514	   2345.495	    2345.495	     10.993	      0.000	      0.019
  45.200	      0.602	   2345.582	    2345.582	     11.276	      0.000	      0.020
  45.400	      0.692	   2345.671	    2345.671	     11.477	      0.000	      0.021
  45.600	      0.782	   2345.761	    2345.761	     11.612	      0.000	      0.021
  45.800	      0.876	   2345.853	    2345.853	     12.072	      0.000	      0.023
  46.000	      0.970	   2345.947	    2345.947	     12.201	      0.000	      0.023
  46.200	      1.065	   2346.041	    2346.041	     12.163	      0.000	      0.023
  46.400	      1.161	   2346.137	    2346.137	     12.422	      0.000	      0.024
  46.600	      1.259	   2346.235	    2346.235	     12.540	      0.000	      0.025
  46.800	      1.358	   2346.333	    2346.333	     12.739	      0.000	      0.026
  47.000	      1.456	   2346.431	    2346.431	     12.677	      0.000	      0.025
  47.200	      1.555	   2346.529	    2346.529	     12.774	      0.000	      0.026
  47.400	      1.655	   2346.629	    2346.629	     12.864	      0.000	      0.026
  47.600	      1.754	   2346.729	    2346.729	     12.625	      0.000	      0.025
  47.800	      1.853	   2346.827	    2346.827	     12.741	      0.000	      0.026
  48.000	      1.952	   2346.927	    2346.927	     12.773	      0.000	      0.026
  48.200	      2.050	   2347.025	    2347.025	     12.587	      0.000	      0.025
  48.400	      2.147	   2347.122	    2347.122	     12.468	      0.000	      0.024
  48.600	      2.242	   2347.218	    2347.218	     12.247	      0.000	      0.024
  48.800	      2.338	   2347.314	    2347.314	     12.314	      0.000	      0.024
  49.000	      2.431	   2347.409	    2347.409	     11.966	      0.000	      0.023
  49.200	      2.522	   2347.501	    2347.501	     11.703	      0.000	      0.022
  49.400	      2.613	   2347.592	    2347.592	     11.689	      0.000	      0.022
  49.600	      2.701	   2347.681	    2347.681	     11.301	      0.000	      0.020
  49.800	      2.787	   2347.768	    2347.768	     11.038	      0.000	      0.019
  50.000	      2.871	   2347.852	    2347.852	     10.731	      0.000	      0.018
  50.200	      2.952	   2347.935	    2347.935	     10.438	      0.000	      0.017
  50.400	      3.031	   2348.015	    2348.015	     10.168	      0.000	      0.016
  50.600	      3.106	   2348.091	    2348.091	      9.602	      0.000	      0.015
  50.800	      3.179	   2348.165	    2348.165	      9.478	      0.000	      0.014
  51.000	      3.250	   2348.237	    2348.237	      9.025	      0.000	      0.013
  51.200	      3.316	   2348.305	    2348.305	      8.416	      0.000	      0.011
  51.400	      3.380	   2348.369	    2348.369	      8.102	      0.000	      0.010
  51.600	      3.440	   2348.431	    2348.431	      7.664	      0.000	      0.009
  51.800	      3.497	   2348.489	    2348.489	      7.307	      0.000	      0.008
  52.000	      3.550	   2348.543	    2348.543	      6.706	      0.000	      0.007
  52.200	      3.599	   2348.593	    2348.593	      6.171	      0.000	      0.006
  52.400	      3.646	   2348.640	    2348.640	      5.868	      0.000	      0.005
  52.600	      3.687	   2348.683	    2348.683	      5.133	      0.000	      0.004
  52.800	      3.725	   2348.722	    2348.722	      4.779	      0.000	      0.004
  53.000	      3.760	   2348.757	    2348.757	      4.360	      0.000	      0.003
  53.200	      3.790	   2348.788	    2348.788	      3.743	      0.000	      0.002
  53.400	      3.817	   2348.815	    2348.815	      3.211	      0.000	      0.002
  53.600	      3.839	   2348.838	    2348.838	      2.611	      0.000	      0.001
  53.800	      3.858	   2348.857	    2348.857	      2.318	      0.000	      0.001
  54.000	      3.874	   2348.873	    2348.873	      1.750	      0.000	      0.000
  54.200	      3.883	   2348.883	    2348.883	      1.068	      0.000	      0.000
  54.400	      3.891	   2348.890	    2348.890	      0.780	      0.000	      0.000
  54.600	      3.894	   2348.894	    2348.894	      0.145	      0.000	      0.000
  54.800	      3.893	   2348.893	    2348.893	     -0.343	      0.000	     -0.000
  55.000	      3.888	   2348.889	    2348.889	     -0.838	      0.000	     -0.000
  55.200	      3.880	   2348.880	    2348.880	     -1.283	      0.000	     -0.000
  55.400	      3.868	   2348.869	    2348.869	     -1.686	      0.000	     -0.000
  55.600	      3.852	   2348.853	    2348.853	     -2.346	      0.000	     -0.001
  55.800	      3.832	   2348.833	    2348.833	     -2.643	      0.000	     -0.001
  56.000	      3.810	   2348.812	    2348.812	     -3.010	      0.000	     -0.001
  56.200	      3.783	   2348.786	    2348.786	     -3.627	      0.000	     -0.002
  56.400	      3.754	   2348.756	    2348.756	     -3.906	      0.000	     -0.002
  56.600	      3.722	   2348.725	    2348.725	     -4.271	      0.000	     -0.003
  56.800	      3.687	   2348.690	    2348.690	     -4.537	      0.000	     -0.003
  57.000	      3.649	   2348.653	    2348.653	     -5.015	      0.000	     -0.004
  57.200	      3.607	   2348.612	    2348.612	     -5.385	      0.000	     -0.005
  57.400	      3.565	   2348.570	    2348.570	     -5.498	      0.000	     -0.005
  57.600	      3.520	   2348.526	    2348.526	     -5.904	      0.000	     -0.005
  57.800	      3.472	   2348.478	    2348.478	     -6.128	      0.000	     -0.006
  58.000	      3.424	   2348.430	    2348.430	     -6.265	      0.000	     -0.006
  58.200	      3.373	   2348.380	    2348.380	     -6.578	      0.000	     -0.007
  58.400	      3.321	   2348.328	    2348.328	     -6.792	      0.000	     -0.007
  58.600	      3.266	   2348.274	    2348.274	     -7.035	      0.000	     -0.008
  58.800	      3.212	   2348.220	    2348.220	     -6.947	      0.000	     -0.008
  59.000	      3.157	   2348.165	    2348.165	     -7.124	      0.000	     -0.008
  59.200	      3.099	   2348.108	    2348.108	     -7.386	      0.000	     -0.009
  59.400	      3.042	   2348.051	    2348.051	     -7.346	      0.000	     -0.008
  59.600	      2.985	   2347.994	    2347.994	     -7.406	      0.000	     -0.009
  59.800	      2.927	   2347.936	    2347.936	     -7.439	      0.000	     -0.009
  60.000	      2.869	   2347.878	    2347.878	     -7.445	      0.000	     -0.009
  60.200	      2.811	   2347.820	    2347.820	     -7.379	      0.000	     -0.009
  60.400	      2.755	   2347.763	    2347.763	     -7.282	      0.000	     -0.008
  60.600	      2.697	   2347.706	    2347.706	     -7.427	      0.000	     -0.009
  60.800	      2.641	   2347.649	    2347.649	     -7.198	      0.000	     -0.008
  61.000	      2.586	   2347.594	    2347.594	     -7.033	      0.000	     -0.008
  61.200	      2.531	   2347.539	    2347.539	     -7.008	      0.000	     -0.008
  61.400	      2.477	   2347.484	    2347.484	     -6.872	      0.000	     -0.007
  61.600	      2.424	   2347.431	    2347.431	     -6.694	      0.000	     -0.007
  61.800	      2.374	   2347.380	    2347.380	     -6.434	      0.000	     -0.007
  62.000	      2.324	   2347.330	    2347.330	     -6.399	      0.000	     -0.006
  62.200	      2.275	   2347.281	    2347.281	     -6.245	      0.000	     -0.006
  62.400	      2.229	   2347.234	    2347.234	     -5.848	      0.000	     -0.005
  62.600	      2.184	   2347.189	    2347.189	     -5.758	      0.000	     -0.005
  62.800	      2.140	   2347.145	    2347.145	     -5.502	      0.000	     -0.005
  63.000	      2.098	   2347.103	    2347.103	     -5.275	      0.000	     -0.004
  63.200	      2.059	   2347.063	    2347.063	     -5.014	      0.000	     -0.004
  63.400	      2.021	   2347.025	    2347.025	     -4.810	      0.000	     -0.004
  63.600	      1.985	   2346.988	    2346.988	     -4.627	      0.000	     -0.003
  63.800	      1.951	   2346.954	    2346.954	     -4.135	      0.000	     -0.003
  64.000	      1.920	   2346.922	    2346.922	     -3.943	      0.000	     -0.002
  64.200	      1.889	   2346.892	    2346.892	     -3.851	      0.000	     -0.002
  64.400	      1.862	   2346.863	    2346.863	     -3.483	      0.000	     -0.002
  64.600	      1.836	   2346.838	    2346.838	     -3.234	      0.000	     -0.002
  64.800	      1.812	   2346.814	    2346.814	     -2.887	      0.000	     -0.001
  65.000	      1.790	   2346.791	    2346.791	     -2.759	      0.000	     -0.001
  65.200	      1.769	   2346.770	    2346.770	     -2.459	      0.000	     -0.001
  65.400	      1.752	   2346.753	    2346.753	     -2.174	      0.000	     -0.001
  65.600	      1.735	   2346.736	    2346.736	     -2.157	      0.000	     -0.001
  65.800	      1.720	   2346.720	    2346.720	     -1.792	      0.000	     -0.001
  66.000	      1.707	   2346.707	    2346.707	     -1.521	      0.000	     -0.000
  66.200	      1.695	   2346.696	    2346.696	     -1.420	      0.000	     -0.000
  66.400	      1.685	   2346.685	    2346.685	     -1.248	      0.000	     -0.000
  66.600	      1.676	   2346.676	    2346.676	     -1.156	      0.000	     -0.000
  66.800	      1.668	   2346.668	    2346.668	     -0.801	      0.000	     -0.000
  67.000	      1.662	   2346.662	    2346.662	     -0.826	      0.000	     -0.000
  67.200	      1.656	   2346.656	    2346.656	     -0.737	      0.000	     -0.000
  67.400	      1.652	   2346.652	    2346.652	     -0.440	      0.000	     -0.000
  67.600	      1.648	   2346.648	    2346.648	     -0.484	      0.000	     -0.000
  67.800	      1.644	   2346.644	    2346.644	     -0.391	      0.000	     -0.000
  68.000	      1.641	   2346.641	    2346.641	     -0.351	      0.000	     -0.000
  68.200	      1.639	   2346.639	    2346.639	     -0.296	      0.000	     -0.000
  68.400	      1.637	   2346.637	    2346.637	     -0.229	      0.000	     -0.000
  68.600	      1.634	   2346.634	    2346.634	     -0.414	      0.000	     -0.000
  68.800	      1.631	   2346.631	    2346.631	     -0.199	      0.000	     -0.000
  69.000	      1.629	   2346.629	    2346.629	     -0.314	      0.000	     -0.000
  69.200	      1.626	   2346.626	    2346.626	     -0.549	      0.000	     -0.000
  69.400	      1.622	   2346.622	    2346.622	     -0.527	      0.000	     -0.000
  69.600	      1.617	   2346.617	    2346.617	     -0.635	      0.000	     -0.000
  69.800	      1.612	   2346.612	    2346.612	     -0.671	      0.000	     -0.000
  70.000	      1.605	   2346.606	    2346.606	     -0.938	      0.000	     -0.000
  70.200	      1.597	   2346.597	    2346.597	     -1.139	      0.000	     -0.000
  70.400	      1.589	   2346.589	    2346.589	     -1.163	      0.000	     -0.000
  70.600	      1.578	   2346.578	    2346.578	     -1.581	      0.000	     -0.000
  70.800	      1.565	   2346.566	    2346.566	     -1.646	      0.000	     -0.000
  71.000	      1.552	   2346.552	    2346.552	     -1.809	      0.000	     -0.001
  71.200	      1.536	   2346.536	    2346.536	     -2.154	      0.000	     -0.001
  71.400	      1.518	   2346.519	    2346.519	     -2.431	      0.000	     -0.001
  71.600	      1.497	   2346.498	    2346.498	     -2.779	      0.000	     -0.001
  71.800	      1.475	   2346.477	    2346.477	     -2.867	      0.000	     -0.001
  72.000	      1.451	   2346.453	    2346.453	     -3.233	      0.000	     -0.002
  72.200	      1.423	   2346.425	    2346.425	     -3.681	      0.000	     -0.002
  72.400	      1.394	   2346.396	    2346.396	     -3.809	      0.000	     -0.002
  72.600	      1.362	   2346.365	    2346.365	     -4.270	      0.000	     -0.003
  72.800	      1.327	   2346.330	    2346.330	     -4.596	      0.000	     -0.003
  73.000	      1.289	   2346.293	    2346.293	     -4.953	      0.000	     -0.004
  73.200	      1.249	   2346.253	    2346.253	     -5.274	      0.000	     -0.004
  73.400	      1.206	   2346.211	    2346.211	     -5.583	      0.000	     -0.005
  73.600	      1.159	   2346.165	    2346.165	     -6.118	      0.000	     -0.006
  73.800	      1.110	   2346.117	    2346.117	     -6.335	      0.000	     -0.006
  74.000	      1.059	   2346.066	    2346.066	     -6.663	      0.000	     -0.007
  74.200	      1.004	   2346.012	    2346.012	     -7.199	      0.000	     -0.008
  74.400	      0.947	   2345.956	    2345.956	     -7.450	      0.000	     -0.009
  74.600	      0.887	   2345.896	    2345.896	     -7.799	      0.000	     -0.010
  74.800	      0.824	   2345.834	    2345.834	     -8.065	      0.000	     -0.010
  75.000	      0.758	   2345.770	    2345.770	     -8.535	      0.000	     -0.011
  75.200	      0.689	   2345.701	    2345.701	     -8.901	      0.000	     -0.012
  75.400	      0.619	   2345.632	    2345.632	     -9.073	      0.000	     -0.013
  75.600	      0.545	   2345.560	    2345.560	     -9.511	      0.000	     -0.014
  75.800	      0.469	   2345.484	    2345.484	     -9.770	      0.000	     -0.015
  76.000	      0.391	   2345.407	    2345.407	     -9.992	      0.000	     -0.016
  76.200	      0.311	   2345.328	    2345.328	    -10.364	      0.000	     -0.017
  76.400	      0.228	   2345.246	    2345.246	    -10.654	      0.000	     -0.018
  76.600	      0.143	   2345.162	    2345.162	    -10.972	      0.000	     -0.019
  76.800	      0.057	   2345.076	    2345.076	    -11.004	      0.000	     -0.019
  77.000	     -0.030	   2344.990	    2344.990	    -11.290	      0.000	     -0.020
  77.200	     -0.121	   2344.900	    2344.900	    -11.622	      0.000	     -0.021
  77.400	     -0.212	   2344.809	    2344.809	    -11.706	      0.000	     -0.022
  77.600	     -0.304	   2344.718	    2344.718	    -11.895	      0.000	     -0.022
  77.800	     -0.398	   2344.625	    2344.625	    -12.037	      0.000	     -0.023
  78.000	     -0.493	   2344.531	    2344.531	    -12.168	      0.000	     -0.023
  78.200	     -0.588	   2344.435	    2344.435	    -12.227	      0.000	     -0.024
  78.400	     -0.683	   2344.340	    2344.340	    -12.267	      0.000	     -0.024
  78.600	     -0.781	   2344.244	    2344.244	    -12.498	      0.000	     -0.025
  78.800	     -0.877	   2344.147	    2344.147	    -12.393	      0.000	     -0.024
  79.000	     -0.973	   2344.051	    2344.051	    -12.371	      0.000	     -0.024
  79.200	     -1.070	   2343.954	    2343.954	    -12.442	      0.000	     -0.024
  79.400	     -1.167	   2343.857	    2343.857	    -12.405	      0.000	     -0.024
  79.600	     -1.263	   2343.761	    2343.761	    -12.334	      0.000	     -0.024
  79.800	     -1.358	   2343.665	    2343.665	    -12.177	      0.000	     -0.023
  80.000	     -1.453	   2343.570	    2343.570	    -12.209	      0.000	     -0.023
  80.200	     -1.548	   2343.475	    2343.475	    -12.111	      0.000	     -0.023
  80.400	     -1.639	   2343.383	    2343.383	    -11.815	      0.000	     -0.022
  80.600	     -1.731	   2343.291	    2343.291	    -11.768	      0.000	     -0.022
  80.800	     -1.821	   2343.200	    2343.200	    -11.542	      0.000	     -0.021
  81.000	     -1.910	   2343.111	    2343.111	    -11.351	      0.000	     -0.020
  81.200	     -1.996	   2343.023	    2343.023	    -11.114	      0.000	     -0.019
  81.400	     -2.081	   2342.938	    2342.938	    -10.907	      0.000	     -0.019
  81.600	     -2.164	   2342.854	    2342.854	    -10.698	      0.000	     -0.018
  81.800	     -2.244	   2342.773	    2342.773	    -10.210	      0.000	     -0.016
  82.000	     -2.322	   2342.694	    2342.694	     -9.982	      0.000	     -0.016
  82.200	     -2.399	   2342.617	    2342.617	     -9.794	      0.000	     -0.015
  82.400	     -2.471	   2342.542	    2342.542	     -9.366	      0.000	     -0.014
  82.600	     -2.542	   2342.471	    2342.471	     -9.037	      0.000	     -0.013
  82.800	     -2.609	   2342.402	    2342.402	     -8.592	      0.000	     -0.012
  83.000	     -2.675	   2342.336	    2342.336	     -8.318	      0.000	     -0.011
  83.200	     -2.737	   2342.273	    2342.273	     -7.878	      0.000	     -0.010
  83.400	     -2.796	   2342.213	    2342.213	     -7.447	      0.000	     -0.009
  83.600	     -2.852	   2342.156	    2342.156	     -7.216	      0.000	     -0.008
  83.800	     -2.905	   2342.102	    2342.102	     -6.663	      0.000	     -0.007
  84.000	     -2.954	   2342.052	    2342.052	     -6.203	      0.000	     -0.006
  84.200	     -3.001	   2342.005	    2342.005	     -5.853	      0.000	     -0.005
  84.400	     -3.044	   2341.961	    2341.961	     -5.421	      0.000	     -0.005
  84.600	     -3.084	   2341.920	    2341.920	     -5.046	      0.000	     -0.004
  84.800	     -3.120	   2341.884	    2341.884	     -4.439	      0.000	     -0.003
  85.000	     -3.152	   2341.850	    2341.850	     -4.142	      0.000	     -0.003
  85.200	     -3.183	   2341.819	    2341.819	     -3.716	      0.000	     -0.002
  85.400	     -3.209	   2341.793	    2341.793	     -3.120	      0.000	     -0.002
  85.600	     -3.231	   2341.770	    2341.770	     -2.801	      0.000	     -0.001
  85.800	     -3.251	   2341.750	    2341.750	     -2.333	      0.000	     -0.001
  86.000	     -3.267	   2341.733	    2341.733	     -1.915	      0.000	     -0.001
  86.200	     -3.280	   2341.720	    2341.720	     -1.470	      0.000	     -0.000
  86.400	     -3.290	   2341.711	    2341.711	     -1.012	      0.000	     -0.000
  86.600	     -3.297	   2341.703	    2341.703	     -0.743	      0.000	     -0.000
  86.800	     -3.300	   2341.700	    2341.700	     -0.130	      0.000	     -0.000
  87.000	     -3.300	   2341.700	    2341.700	      0.190	      0.000	      0.000
  87.200	     -3.298	   2341.702	    2341.702	      0.439	      0.000	      0.000
  87.400	     -3.292	   2341.707	    2341.707	      0.903	      0.000	      0.000
  87.600	     -3.284	   2341.716	    2341.716	      1.252	      0.000	      0.000
  87.800	     -3.272	   2341.727	    2341.727	      1.676	      0.000	      0.000
  88.000	     -3.259	   2341.741	    2341.741	      1.901	      0.000	      0.001
  88.200	     -3.243	   2341.757	    2341.757	      2.196	      0.000	      0.001
  88.400	     -3.223	   2341.776	    2341.776	      2.616	      0.000	      0.001
  88.600	     -3.202	   2341.797	    2341.797	      2.712	      0.000	      0.001
  88.800	     -3.179	   2341.819	    2341.819	      3.119	      0.000	      0.002
  89.000	     -3.154	   2341.845	    2341.845	      3.415	      0.000	      0.002
  89.200	     -3.127	   2341.871	    2341.871	      3.566	      0.000	      0.002
  89.400	     -3.098	   2341.900	    2341.900	      3.768	      0.000	      0.002
  89.600	     -3.068	   2341.930	    2341.930	      3.906	      0.000	      0.002
  89.800	     -3.035	   2341.962	    2341.962	      4.254	      0.000	      0.003
  90.000	     -3.002	   2341.995	    2341.995	      4.342	      0.000	      0.003
  90.200	     -2.968	   2342.028	    2342.028	      4.379	      0.000	      0.003
  90.400	     -2.933	   2342.064	    2342.064	      4.659	      0.000	      0.003
  90.600	     -2.897	   2342.100	    2342.100	      4.638	      0.000	      0.003
  90.800	     -2.860	   2342.136	    2342.136	      4.740	      0.000	      0.004
  91.000	     -2.823	   2342.173	    2342.173	      4.787	      0.000	      0.004
  91.200	     -2.786	   2342.211	    2342.211	      4.857	      0.000	      0.004
  91.400	     -2.747	   2342.249	    2342.249	      4.912	      0.000	      0.004
  91.600	     -2.710	   2342.286	    2342.286	      4.769	      0.000	      0.004
  91.800	     -2.673	   2342.324	    2342.324	      4.889	      0.000	      0.004
  92.000	     -2.634	   2342.362	    2342.362	      4.868	      0.000	      0.004
  92.200	     -2.598	   2342.399	    2342.399	      4.673	      0.000	      0.003
  92.400	     -2.561	   2342.436	    2342.436	      4.704	      0.000	      0.003
  92.600	     -2.525	   2342.472	    2342.472	      4.626	      0.000	      0.003
  92.800	     -2.489	   2342.508	    2342.508	      4.602	      0.000	      0.003
  93.000	     -2.455	   2342.542	    2342.542	      4.377	      0.000	      0.003
  93.200	     -2.422	   2342.576	    2342.576	      4.240	      0.000	      0.003
  93.400	     -2.388	   2342.609	    2342.609	      4.228	      0.000	      0.003
  93.600	     -2.357	   2342.641	    2342.641	      3.970	      0.000	      0.002
  93.800	     -2.327	   2342.671	    2342.671	      3.867	      0.000	      0.002
  94.000	     -2.297	   2342.700	    2342.700	      3.756	      0.000	      0.002
  94.200	     -2.270	   2342.728	    2342.728	      3.501	      0.000	      0.002
  94.400	     -2.243	   2342.755	    2342.755	      3.295	      0.000	      0.002
  94.600	     -2.219	   2342.780	    2342.780	      3.054	      0.000	      0.001
  94.800	     -2.195	   2342.803	    2342.803	      3.040	      0.000	      0.001
  95.000	     -2.173	   2342.826	    2342.826	      2.767	      0.000	      0.001
  95.200	     -2.153	   2342.846	    2342.846	      2.463	      0.000	      0.001
  95.400	     -2.134	   2342.865	    2342.865	      2.346	      0.000	      0.001
  95.600	     -2.117	   2342.882	    2342.882	      2.111	      0.000	      0.001
  95.800	     -2.101	   2342.898	    2342.898	      1.913	      0.000	      0.001
  96.000	     -2.087	   2342.912	    2342.912	      1.704	      0.000	      0.000
  96.200	     -2.075	   2342.924	    2342.924	      1.550	      0.000	      0.000
  96.400	     -2.064	   2342.936	    2342.936	      1.380	      0.000	      0.000
  96.600	     -2.055	   2342.945	    2342.945	      1.039	      0.000	      0.000
  96.800	     -2.047	   2342.953	    2342.953	      0.993	      0.000	      0.000
  97.000	     -2.040	   2342.960	    2342.960	      0.833	      0.000	      0.000
  97.200	     -2.034	   2342.966	    2342.966	      0.597	      0.000	      0.000
  97.400	     -2.030	   2342.970	    2342.970	      0.448	      0.000	      0.000
  97.600	     -2.028	   2342.972	    2342.972	      0.317	      0.000	      0.000
  97.800	     -2.026	   2342.974	    2342.974	      0.251	      0.000	      0.000
  98.000	     -2.025	   2342.975	    2342.975	      0.001	      0.000	      0.000
  98.200	     -2.025	   2342.975	    2342.975	     -0.119	      0.000	     -0.000
  98.400	     -2.026	   2342.974	    2342.974	     -0.088	      0.000	     -0.000
  98.600	     -2.027	   2342.973	    2342.973	     -0.285	      0.000	     -0.000
  98.800	     -2.030	   2342.970	    2342.970	     -0.306	      0.000	     -0.000
  99.000	     -2.033	   2342.967	    2342.967	     -0.378	      0.000	     -0.000
  99.200	     -2.036	   2342.964	    2342.964	     -0.406	      0.000	     -0.000
  99.400	     -2.039	   2342.961	    2342.961	     -0.468	      0.000	     -0.000
  99.600	     -2.043	   2342.957	    2342.957	     -0.517	      0.000	     -0.000
  99.800	     -2.046	   2342.954	    2342.954	     -0.313	      0.000	     -0.000
 100.000	     -2.049	   2342.951	    2342.951	     -0.364	      0.000	     -0.000
