  1	  2	  3	  4	  5	  6	  7	  8	  9	 10	 11	 12	 13	以上是沿线管道号
与进水口距离	  最大压力值	 最小压力值
    0.00	     2807.00	     2807.00
   10.77	     2807.37	     2806.73
   21.55	     2807.51	     2806.72
   32.32	     2807.65	     2806.71
   43.10	     2807.80	     2806.70
   53.87	     2807.94	     2806.70
   64.65	     2808.08	     2806.69
   75.42	     2808.22	     2806.68
   86.20	     2808.34	     2806.68
   96.97	     2808.45	     2806.67
  107.75	     2808.57	     2806.67
  118.53	     2808.69	     2806.66
  129.30	     2808.81	     2806.65
  140.08	     2808.71	     2806.91
  151.08	     2809.40	     2806.22
  162.09	     2809.60	     2806.21
  173.09	     2809.78	     2806.20
  184.10	     2809.96	     2806.18
  195.11	     2810.14	     2806.17
  206.11	     2810.33	     2806.15
  217.12	     2810.51	     2806.13
  228.13	     2810.70	     2806.12
  239.13	     2810.88	     2806.10
  250.14	     2811.06	     2806.08
  261.15	     2811.25	     2806.07
  272.15	     2811.43	     2806.05
  283.16	     2811.62	     2806.04
  294.17	     2811.80	     2806.02
  305.17	     2811.99	     2806.00
  316.18	     2812.17	     2805.99
  327.19	     2812.35	     2805.97
  338.19	     2812.54	     2805.96
  349.20	     2812.72	     2805.94
  360.21	     2812.91	     2805.92
  371.21	     2813.09	     2805.91
  382.22	     2813.28	     2805.89
  393.23	     2813.46	     2805.87
  404.23	     2813.65	     2805.86
  415.24	     2813.83	     2805.84
  426.25	     2814.02	     2805.83
  437.25	     2814.21	     2805.81
  448.26	     2814.40	     2805.79
  459.27	     2814.58	     2805.78
  470.27	     2814.77	     2805.76
  481.28	     2814.95	     2805.74
  492.29	     2815.13	     2805.73
  503.29	     2815.32	     2805.71
  514.30	     2815.51	     2805.70
  525.31	     2815.69	     2805.68
  536.31	     2815.88	     2805.66
  547.32	     2816.06	     2805.65
  558.33	     2816.24	     2805.63
  569.33	     2816.42	     2805.61
  580.34	     2816.61	     2805.60
  591.34	     2816.80	     2805.58
  602.35	     2816.98	     2805.56
  613.36	     2817.16	     2805.55
  624.36	     2817.34	     2805.53
  635.37	     2817.52	     2805.52
  646.38	     2817.70	     2805.50
  657.38	     2817.88	     2805.48
  668.39	     2818.07	     2805.47
  679.40	     2818.25	     2805.45
  690.40	     2818.43	     2805.43
  701.41	     2818.60	     2805.42
  712.42	     2818.78	     2805.40
  723.42	     2818.96	     2805.38
  734.43	     2819.14	     2805.37
  745.44	     2819.32	     2805.35
  756.44	     2819.49	     2805.33
  767.45	     2819.67	     2805.32
  778.46	     2819.85	     2805.30
  789.46	     2820.03	     2805.28
  800.47	     2820.21	     2805.27
  811.48	     2820.44	     2805.38
  822.48	     2820.70	     2805.39
  833.49	     2820.88	     2805.38
  844.50	     2821.06	     2805.36
  855.50	     2821.24	     2805.35
  866.51	     2821.41	     2805.34
  877.52	     2821.58	     2805.32
  888.52	     2821.76	     2805.31
  899.53	     2821.93	     2805.30
  910.54	     2822.11	     2805.28
  921.54	     2822.28	     2805.27
  932.55	     2822.45	     2805.26
  943.56	     2822.62	     2805.24
  954.56	     2822.79	     2805.23
  965.57	     2822.96	     2805.22
  976.58	     2823.13	     2805.21
  987.58	     2823.31	     2805.19
  998.59	     2823.48	     2805.18
 1009.59	     2823.65	     2805.17
 1020.60	     2823.82	     2805.15
 1031.61	     2824.00	     2805.14
 1042.61	     2824.17	     2805.13
 1053.62	     2824.35	     2805.11
 1064.63	     2824.53	     2805.10
 1075.63	     2824.70	     2805.09
 1086.64	     2824.88	     2805.08
 1097.65	     2825.05	     2805.06
 1108.65	     2825.23	     2805.05
 1119.66	     2825.41	     2805.04
 1130.67	     2825.59	     2805.02
 1141.67	     2825.76	     2805.01
 1152.68	     2825.94	     2805.00
 1163.69	     2826.12	     2804.99
 1174.69	     2826.29	     2804.97
 1185.70	     2826.47	     2804.96
 1196.71	     2826.64	     2804.95
 1207.71	     2826.82	     2804.93
 1218.72	     2827.00	     2804.92
 1229.73	     2827.18	     2804.91
 1240.73	     2827.36	     2804.89
 1251.74	     2827.53	     2804.88
 1262.75	     2827.70	     2804.87
 1273.75	     2827.88	     2804.85
 1284.76	     2828.06	     2804.84
 1295.77	     2828.24	     2804.82
 1306.77	     2828.41	     2804.81
 1317.78	     2828.58	     2804.80
 1328.79	     2828.76	     2804.78
 1339.79	     2828.93	     2804.77
 1350.80	     2829.11	     2804.76
 1361.81	     2829.29	     2804.74
 1372.81	     2829.46	     2804.73
 1383.82	     2829.63	     2804.72
 1394.83	     2829.81	     2804.70
 1405.83	     2829.97	     2804.69
 1416.84	     2830.15	     2804.68
 1427.85	     2830.33	     2804.66
 1438.85	     2830.50	     2804.65
 1449.86	     2830.67	     2804.64
 1460.86	     2830.85	     2804.62
 1471.87	     2831.02	     2804.61
 1482.88	     2830.50	     2805.27
 1493.54	     2831.24	     2803.94
 1504.21	     2831.90	     2803.73
 1514.88	     2832.60	     2803.29
 1526.03	     2833.38	     2802.74
 1537.17	     2834.12	     2802.67
 1548.32	     2834.78	     2802.63
 1559.47	     2835.46	     2802.60
 1570.61	     2836.13	     2802.58
 1581.76	     2836.84	     2802.56
 1592.91	     2837.56	     2802.54
 1604.06	     2838.26	     2802.52
 1615.20	     2838.94	     2802.49
 1626.35	     2839.56	     2802.47
 1637.50	     2840.13	     2802.44
 1648.65	     2840.62	     2802.42
 1659.79	     2841.23	     2802.39
 1670.94	     2841.81	     2802.37
 1682.09	     2842.34	     2802.34
 1693.24	     2842.85	     2801.50
 1704.38	     2843.45	     2800.48
 1715.53	     2844.00	     2799.70
 1726.68	     2844.47	     2799.04
 1737.82	     2844.88	     2798.24
 1748.97	     2845.48	     2797.53
 1760.12	     2845.93	     2796.75
 1771.27	     2846.40	     2795.76
 1782.41	     2846.97	     2794.72
 1793.56	     2847.46	     2794.03
 1804.71	     2847.99	     2793.24
 1815.86	     2848.40	     2792.68
 1827.00	     2848.92	     2791.98
 1838.15	     2849.48	     2791.19
 1849.30	     2849.96	     2790.51
 1860.45	     2850.48	     2789.92
 1871.59	     2850.89	     2789.35
 1882.74	     2851.31	     2788.46
 1893.89	     2851.65	     2787.75
 1905.04	     2852.10	     2786.96
 1916.02	     2852.75	     2785.95
 1927.01	     2853.36	     2784.90
 1938.00	     2853.95	     2783.98
 1948.99	     2854.52	     2783.02
 1959.98	     2855.08	     2781.95
 1970.97	     2855.63	     2781.05
 1981.96	     2856.13	     2780.22
 1992.95	     2856.78	     2779.33
 2003.94	     2857.56	     2778.10
 2014.93	     2858.36	     2777.03
 2025.92	     2859.01	     2776.17
 2036.91	     2859.52	     2775.42
 2047.90	     2860.09	     2774.58
 2058.89	     2860.83	     2773.63
 2069.88	     2861.59	     2772.95
 2080.87	     2862.24	     2771.89
 2091.86	     2862.75	     2770.95
 2102.85	     2863.29	     2770.08
 2113.84	     2863.84	     2769.27
 2124.83	     2864.43	     2768.19
 2135.82	     2865.03	     2767.69
 2146.81	     2865.53	     2767.19
 2157.80	     2865.90	     2766.17
 2168.79	     2866.29	     2765.26
 2179.78	     2866.69	     2764.50
 2190.77	     2866.83	     2763.55
 2201.76	     2866.96	     2762.57
 2212.75	     2867.68	     2761.75
 2223.74	     2868.33	     2761.25
 2234.73	     2869.03	     2760.71
 2245.72	     2869.75	     2760.06
 2256.71	     2870.58	     2759.25
 2267.70	     2871.29	     2758.41
 2278.69	     2872.08	     2757.75
 2289.68	     2872.84	     2757.25
 2300.67	     2873.67	     2756.67
 2311.66	     2874.37	     2756.09
 2322.65	     2875.07	     2755.39
 2333.64	     2875.76	     2754.57
 2344.63	     2876.47	     2753.88
 2355.62	     2877.23	     2753.31
 2366.61	     2878.02	     2752.76
 2377.59	     2878.75	     2752.14
 2388.58	     2879.45	     2751.48
 2399.57	     2880.14	     2751.00
 2410.56	     2880.80	     2750.47
 2421.55	     2881.39	     2750.02
 2432.54	     2882.08	     2749.42
 2443.53	     2882.77	     2748.90
 2454.52	     2883.40	     2748.33
 2465.51	     2883.99	     2747.86
 2476.50	     2884.70	     2747.47
 2487.49	     2885.37	     2746.91
 2498.48	     2885.85	     2746.41
 2509.47	     2886.53	     2746.12
 2520.46	     2887.00	     2745.56
 2531.45	     2887.58	     2745.05
 2542.44	     2888.11	     2744.62
 2553.43	     2888.73	     2744.12
 2564.42	     2889.27	     2743.65
 2575.41	     2889.87	     2743.34
 2586.40	     2890.41	     2743.05
 2597.39	     2890.94	     2742.77
 2608.38	     2891.32	     2742.48
 2619.37	     2891.83	     2742.20
 2630.36	     2892.37	     2741.81
 2641.35	     2892.77	     2741.55
 2652.34	     2893.36	     2741.31
 2663.33	     2893.85	     2741.14
 2674.32	     2894.35	     2740.97
 2685.31	     2894.78	     2740.67
 2696.30	     2895.16	     2740.40
 2707.29	     2895.67	     2740.22
 2718.28	     2896.19	     2740.20
 2729.27	     2896.70	     2740.33
 2740.26	     2897.08	     2739.99
 2751.25	     2897.42	     2739.93
 2762.24	     2897.94	     2739.99
 2773.23	     2898.45	     2739.79
 2784.22	     2898.99	     2739.73
 2795.21	     2899.37	     2739.84
 2806.71	     2899.96	     2738.93
 2818.21	     2901.01	     2738.32
 2829.72	     2903.25	     2737.90
 2841.22	     2905.45	     2737.05
 2852.73	     2907.84	     2736.56
 2870.11	     2914.63	     2735.09
 2876.64	     2916.91	     2734.17
 2886.20	     2919.47	     2733.19
 2895.76	     2375.43	     2299.22
 2908.52	     2374.13	     2300.55
 2921.28	     2372.44	     2301.95
 2932.15	     2371.43	     2302.73
 2943.01	     2370.53	     2303.51
 2953.88	     2369.73	     2304.31
 2964.74	     2368.69	     2305.10
 2975.61	     2368.09	     2305.98
 2986.48	     2367.48	     2306.65
 2997.34	     2366.69	     2307.36
 3008.21	     2365.57	     2308.01
 3019.07	     2364.73	     2308.86
 3029.94	     2363.94	     2309.71
 3040.80	     2362.73	     2310.36
 3051.67	     2361.80	     2311.15
 3062.54	     2361.15	     2311.89
 3073.40	     2360.49	     2312.63
 3084.27	     2359.70	     2313.28
 3095.13	     2359.02	     2314.13
 3106.00	     2358.03	     2315.04
 3116.86	     2356.98	     2315.83
 3127.73	     2356.19	     2316.72
 3138.60	     2355.52	     2317.74
 3149.46	     2355.48	     2318.39
 3160.33	     2355.44	     2319.30
 3171.19	     2355.39	     2320.11
 3182.06	     2355.35	     2320.82
 3192.92	     2355.31	     2321.63
 3203.79	     2355.27	     2322.53
 3214.66	     2355.23	     2323.66
 3225.52	     2355.19	     2324.48
 3236.39	     2355.14	     2325.32
 3247.25	     2355.08	     2326.40
 3258.12	     2355.02	     2327.10
 3268.98	     2354.97	     2327.89
 3279.85	     2354.90	     2328.69
 3290.71	     2354.84	     2329.48
 3301.58	     2354.79	     2330.29
 3312.45	     2354.73	     2331.12
 3323.31	     2354.67	     2332.34
 3334.18	     2354.60	     2332.93
 3345.04	     2354.54	     2332.88
 3355.07	     2354.65	     2332.72
 3365.09	     2354.49	     2332.90
 3375.12	     2354.33	     2333.10
 3385.14	     2354.17	     2333.29
 3395.16	     2354.02	     2333.47
 3405.19	     2353.86	     2333.67
 3415.21	     2353.70	     2333.85
 3425.24	     2353.56	     2334.04
 3435.26	     2353.41	     2334.23
 3445.28	     2353.26	     2334.43
 3455.31	     2353.11	     2334.61
 3465.33	     2352.96	     2334.80
 3475.36	     2352.82	     2335.00
 3485.38	     2352.68	     2335.19
 3495.41	     2352.53	     2335.38
 3505.43	     2352.39	     2335.57
 3515.45	     2352.25	     2335.76
 3525.48	     2352.19	     2335.93
 3535.50	     2351.99	     2336.18
 3545.53	     2351.84	     2336.38
 3555.55	     2351.70	     2336.57
 3565.57	     2351.55	     2336.77
 3575.60	     2351.40	     2336.97
 3585.62	     2351.26	     2337.16
 3595.65	     2351.12	     2337.35
 3605.67	     2350.97	     2337.56
 3615.69	     2350.83	     2337.75
 3625.72	     2350.69	     2337.94
 3635.74	     2350.55	     2338.14
 3645.77	     2350.41	     2338.34
 3655.79	     2350.27	     2338.53
 3665.82	     2350.13	     2338.74
 3675.84	     2350.00	     2338.94
 3685.86	     2349.86	     2339.12
 3695.89	     2349.73	     2339.32
 3705.91	     2349.30	     2339.85
 3716.05	     2349.29	     2339.87
 3726.19	     2349.12	     2340.08
 3736.32	     2348.95	     2340.28
 3746.46	     2348.78	     2340.48
 3756.59	     2348.61	     2340.69
 3766.73	     2348.45	     2340.89
 3776.87	     2348.28	     2341.09
 3787.00	     2348.11	     2341.30
 3797.14	     2347.95	     2341.50
 3807.28	     2347.78	     2341.70
 3817.41	     2347.61	     2341.91
 3827.55	     2347.44	     2342.11
 3837.69	     2347.28	     2342.33
 3847.82	     2347.11	     2342.54
 3857.96	     2346.93	     2342.74
 3868.10	     2346.75	     2342.95
 3878.23	     2346.58	     2343.16
 3888.37	     2346.40	     2343.37
 3898.51	     2346.22	     2343.58
 3908.64	     2346.05	     2343.79
 3918.78	     2345.87	     2343.99
 3928.92	     2345.69	     2344.20
 3939.05	     2345.52	     2344.41
 3949.19	     2345.34	     2344.62
 3959.33	     2345.00	     2345.00
