  1	  2	  3	  4	  5	 14	 15	 16	 17	 18	 19	 20	 21	以上是沿线管道号
与进水口距离	  最大压力值	 最小压力值
    0.00	     2807.00	     2807.00
   23.35	     2807.55	     2806.61
   46.69	     2807.88	     2806.33
   70.04	     2808.21	     2806.01
   93.38	     2808.49	     2805.81
  116.73	     2808.77	     2805.58
  140.07	     2808.85	     2805.49
  162.09	     2809.74	     2804.65
  184.10	     2810.10	     2804.34
  206.11	     2810.45	     2804.03
  228.13	     2810.80	     2803.72
  250.14	     2811.15	     2803.41
  272.15	     2811.50	     2803.11
  294.17	     2811.85	     2802.81
  316.18	     2812.20	     2802.50
  338.19	     2812.56	     2802.19
  360.21	     2812.92	     2801.87
  382.22	     2813.27	     2801.56
  404.23	     2813.62	     2801.24
  426.25	     2813.96	     2800.92
  448.26	     2814.32	     2800.61
  470.27	     2814.68	     2800.30
  492.29	     2815.03	     2799.99
  514.30	     2815.39	     2799.68
  536.31	     2815.75	     2799.36
  558.33	     2816.11	     2799.05
  580.34	     2816.46	     2798.72
  602.35	     2816.82	     2798.40
  624.36	     2817.17	     2798.07
  646.38	     2817.52	     2797.73
  668.39	     2817.87	     2797.40
  690.40	     2818.22	     2797.08
  712.42	     2818.57	     2796.75
  734.43	     2818.92	     2796.44
  756.44	     2819.28	     2796.13
  778.46	     2819.63	     2795.81
  800.47	     2819.98	     2795.50
  822.48	     2820.35	     2795.30
  844.50	     2820.71	     2794.98
  866.51	     2821.05	     2794.66
  888.52	     2821.40	     2794.35
  910.54	     2821.74	     2794.05
  932.55	     2822.09	     2793.75
  954.56	     2822.44	     2793.44
  976.58	     2822.79	     2793.14
  998.59	     2823.15	     2792.82
 1020.60	     2823.50	     2792.51
 1042.61	     2823.86	     2792.19
 1064.63	     2824.21	     2791.87
 1086.64	     2824.57	     2791.56
 1108.65	     2824.93	     2791.26
 1130.67	     2825.28	     2790.95
 1152.68	     2825.64	     2790.65
 1174.69	     2825.99	     2790.34
 1196.71	     2826.36	     2790.02
 1218.72	     2826.72	     2789.71
 1240.73	     2827.07	     2789.39
 1262.75	     2827.42	     2789.07
 1284.76	     2827.77	     2788.75
 1306.77	     2828.12	     2788.45
 1328.79	     2828.48	     2788.16
 1350.80	     2828.83	     2787.87
 1372.81	     2829.18	     2787.57
 1394.83	     2829.53	     2787.26
 1416.84	     2829.87	     2786.94
 1438.85	     2830.21	     2786.63
 1460.86	     2830.55	     2786.31
 1482.88	     2830.27	     2786.43
 1514.88	     2832.15	     2784.62
 1536.55	     2833.62	     2783.19
 1558.23	     2835.09	     2781.85
 1579.90	     2836.31	     2780.72
 1601.58	     2837.60	     2779.69
 1623.25	     2838.92	     2778.55
 1644.93	     2840.09	     2777.28
 1666.61	     2841.27	     2776.37
 1688.28	     2842.48	     2775.32
 1709.96	     2843.77	     2774.16
 1731.63	     2845.10	     2772.75
 1753.31	     2846.19	     2771.60
 1774.98	     2847.32	     2770.62
 1796.66	     2848.18	     2769.59
 1818.33	     2849.33	     2768.46
 1840.01	     2850.20	     2767.52
 1861.68	     2851.10	     2766.63
 1883.36	     2852.03	     2765.87
 1905.04	     2852.86	     2765.17
 1927.29	     2854.05	     2764.15
 1949.54	     2855.14	     2762.90
 1971.80	     2856.24	     2761.56
 1994.05	     2857.63	     2759.77
 2016.31	     2859.10	     2757.94
 2038.56	     2860.72	     2756.47
 2060.81	     2862.34	     2755.27
 2083.07	     2864.53	     2754.36
 2105.32	     2866.93	     2753.44
 2127.58	     2868.70	     2752.40
 2149.83	     2870.73	     2751.42
 2172.09	     2873.23	     2750.35
 2194.34	     2875.63	     2749.31
 2216.59	     2877.41	     2748.05
 2238.85	     2878.90	     2747.02
 2261.10	     2881.03	     2745.97
 2283.36	     2883.05	     2744.83
 2305.61	     2885.24	     2743.60
 2327.87	     2887.52	     2742.78
 2350.12	     2890.02	     2742.34
 2372.37	     2892.42	     2741.88
 2394.63	     2893.78	     2741.55
 2416.88	     2895.12	     2740.85
 2439.14	     2897.82	     2740.67
 2461.39	     2899.84	     2739.74
 2483.65	     2902.03	     2738.87
 2505.90	     2903.83	     2738.00
 2528.15	     2905.71	     2736.50
 2550.41	     2907.93	     2734.45
 2572.66	     2909.92	     2732.64
 2594.92	     2911.64	     2730.83
 2617.17	     2913.30	     2728.89
 2639.43	     2914.83	     2726.76
 2661.68	     2917.10	     2724.70
 2683.93	     2918.38	     2722.84
 2706.19	     2919.76	     2721.03
 2728.44	     2921.53	     2719.02
 2750.70	     2923.43	     2716.80
 2772.95	     2924.99	     2714.57
 2795.21	     2927.28	     2713.01
 2823.97	     2929.79	     2709.21
 2852.73	     2933.05	     2705.25
 2870.11	     2937.41	     2701.34
 2876.64	     2938.58	     2699.91
 2895.76	     2355.31	     2317.38
 2921.28	     2355.30	     2319.72
 2943.59	     2355.27	     2321.06
 2965.89	     2355.24	     2322.08
 2988.19	     2355.19	     2323.42
 3010.49	     2355.14	     2324.45
 3032.80	     2355.07	     2325.29
 3055.10	     2355.01	     2326.19
 3077.40	     2354.94	     2327.21
 3099.71	     2354.87	     2328.17
 3122.01	     2354.80	     2329.19
 3144.31	     2354.73	     2329.77
 3166.62	     2354.66	     2330.54
 3188.92	     2354.59	     2330.93
 3211.22	     2354.51	     2331.61
 3233.53	     2354.44	     2331.78
 3255.83	     2354.36	     2332.39
 3278.13	     2354.28	     2332.64
 3300.44	     2354.19	     2332.88
 3322.74	     2354.10	     2332.67
 3345.04	     2354.00	     2332.93
 3365.09	     2353.91	     2332.93
 3385.14	     2353.61	     2333.30
 3405.19	     2353.35	     2333.67
 3425.24	     2353.11	     2334.00
 3445.28	     2352.91	     2334.34
 3465.33	     2352.72	     2334.68
 3485.38	     2352.55	     2335.00
 3505.43	     2352.36	     2335.33
 3525.48	     2352.29	     2335.63
 3545.53	     2352.07	     2335.98
 3565.57	     2351.91	     2336.31
 3585.62	     2351.73	     2336.59
 3605.67	     2351.59	     2336.90
 3625.72	     2351.44	     2337.20
 3645.77	     2351.27	     2337.49
 3665.82	     2351.14	     2337.78
 3685.86	     2350.99	     2338.05
 3705.91	     2350.56	     2338.63
 3725.41	     2350.27	     2338.94
 3744.90	     2349.85	     2339.43
 3764.39	     2349.43	     2339.91
 3783.89	     2349.01	     2340.40
 3803.38	     2348.60	     2340.88
 3822.87	     2348.18	     2341.37
 3842.37	     2347.76	     2341.86
 3861.86	     2347.33	     2342.36
 3881.35	     2346.89	     2342.85
 3900.85	     2346.46	     2343.35
 3920.34	     2346.02	     2343.84
 3939.83	     2345.59	     2344.34
 3959.32	     2345.00	     2345.00
