    时间	    汇点水头	    大井水位	    升管水位	    大井流量	    升管流量	    底板压差
   0.000	      0.643	   2345.643	    2345.643	      0.000	      0.000	      0.000
   0.400	      0.642	   2345.642	    2345.642	     -0.091	      0.000	     -0.000
   0.800	      0.636	   2345.637	    2345.637	     -1.272	      0.000	     -0.000
   1.200	      0.622	   2345.623	    2345.623	     -1.957	      0.000	     -0.001
   1.600	      0.602	   2345.603	    2345.603	     -2.974	      0.000	     -0.001
   2.000	      0.579	   2345.581	    2345.581	     -3.363	      0.000	     -0.002
   2.400	      0.551	   2345.554	    2345.554	     -4.289	      0.000	     -0.003
   2.800	      0.510	   2345.515	    2345.515	     -5.764	      0.000	     -0.005
   3.200	      0.451	   2345.461	    2345.461	     -8.524	      0.000	     -0.011
   3.600	      0.363	   2345.384	    2345.384	    -11.998	      0.000	     -0.021
   4.000	      0.244	   2345.278	    2345.278	    -15.002	      0.000	     -0.034
   4.400	      0.109	   2345.154	    2345.154	    -17.500	      0.000	     -0.045
   4.800	     -0.040	   2345.015	    2345.015	    -19.472	      0.000	     -0.056
   5.200	     -0.214	   2344.859	    2344.859	    -22.217	      0.000	     -0.073
   5.600	     -0.414	   2344.679	    2344.679	    -24.900	      0.000	     -0.093
   6.000	     -0.659	   2344.472	    2344.472	    -29.659	      0.000	     -0.130
   6.400	     -0.942	   2344.231	    2344.231	    -34.314	      0.000	     -0.173
   6.800	     -1.254	   2343.958	    2343.958	    -37.843	      0.000	     -0.212
   7.200	     -1.587	   2343.660	    2343.660	    -40.783	      0.000	     -0.247
   7.600	     -1.939	   2343.339	    2343.339	    -43.186	      0.000	     -0.278
   8.000	     -2.310	   2343.002	    2343.002	    -45.707	      0.000	     -0.312
   8.400	     -2.710	   2342.645	    2342.645	    -48.936	      0.000	     -0.355
   8.800	     -3.163	   2342.258	    2342.258	    -53.163	      0.000	     -0.420
   9.200	     -3.642	   2341.840	    2341.840	    -56.807	      0.000	     -0.482
   9.600	     -4.162	   2341.394	    2341.394	    -61.194	      0.000	     -0.556
  10.000	     -4.688	   2340.919	    2340.919	    -64.028	      0.000	     -0.608
  10.400	     -5.217	   2340.427	    2340.427	    -65.820	      0.000	     -0.644
  10.800	     -5.731	   2339.928	    2339.928	    -66.450	      0.000	     -0.659
  11.200	     -6.264	   2339.418	    2339.418	    -67.714	      0.000	     -0.682
  11.600	     -6.823	   2338.897	    2338.897	    -69.563	      0.000	     -0.720
  12.000	     -7.375	   2338.366	    2338.366	    -70.385	      0.000	     -0.740
  12.400	     -7.916	   2337.830	    2337.830	    -70.705	      0.000	     -0.746
  12.800	     -8.396	   2337.304	    2337.304	    -68.384	      0.000	     -0.699
  13.200	     -8.859	   2336.794	    2336.794	    -66.087	      0.000	     -0.653
  13.600	     -9.299	   2336.302	    2336.302	    -63.545	      0.000	     -0.601
  14.000	     -9.713	   2335.832	    2335.832	    -60.426	      0.000	     -0.545
  14.400	    -10.090	   2335.390	    2335.390	    -56.484	      0.000	     -0.480
  14.800	    -10.447	   2334.973	    2334.973	    -52.846	      0.000	     -0.420
  15.200	    -10.773	   2334.586	    2334.586	    -49.048	      0.000	     -0.359
  15.600	    -11.048	   2334.236	    2334.236	    -43.621	      0.000	     -0.284
  16.000	    -11.293	   2333.926	    2333.926	    -38.256	      0.000	     -0.220
  16.400	    -11.501	   2333.657	    2333.657	    -32.378	      0.000	     -0.158
  16.800	    -11.679	   2333.432	    2333.432	    -27.075	      0.000	     -0.111
  17.200	    -11.824	   2333.247	    2333.247	    -21.764	      0.000	     -0.071
  17.600	    -11.938	   2333.103	    2333.103	    -16.393	      0.000	     -0.041
  18.000	    -12.016	   2333.001	    2333.001	    -10.539	      0.000	     -0.017
  18.400	    -12.061	   2332.942	    2332.942	     -4.565	      0.000	     -0.003
  18.800	    -12.067	   2332.933	    2332.933	      1.967	      0.000	      0.001
  19.200	    -12.020	   2332.970	    2332.970	      7.798	      0.000	      0.009
  19.600	    -11.942	   2333.041	    2333.041	     10.795	      0.000	      0.017
  20.000	    -11.835	   2333.136	    2333.136	     14.260	      0.000	      0.029
  20.400	    -11.695	   2333.258	    2333.258	     17.743	      0.000	      0.047
  20.800	    -11.527	   2333.406	    2333.406	     21.116	      0.000	      0.067
  21.200	    -11.345	   2333.575	    2333.575	     23.376	      0.000	      0.081
  21.600	    -11.145	   2333.760	    2333.760	     25.329	      0.000	      0.095
  22.000	    -10.947	   2333.954	    2333.954	     25.807	      0.000	      0.100
  22.400	    -10.753	   2334.149	    2334.149	     25.646	      0.000	      0.098
  22.800	    -10.558	   2334.343	    2334.343	     25.742	      0.000	      0.099
  23.200	    -10.366	   2334.537	    2334.537	     25.408	      0.000	      0.096
  23.600	    -10.170	   2334.731	    2334.731	     25.739	      0.000	      0.098
  24.000	     -9.977	   2334.925	    2334.925	     25.572	      0.000	      0.098
  24.400	     -9.788	   2335.118	    2335.118	     25.064	      0.000	      0.094
  24.800	     -9.609	   2335.304	    2335.304	     24.083	      0.000	      0.087
  25.200	     -9.434	   2335.484	    2335.484	     23.484	      0.000	      0.082
  25.600	     -9.266	   2335.658	    2335.658	     22.557	      0.000	      0.076
  26.000	     -9.109	   2335.824	    2335.824	     21.144	      0.000	      0.067
  26.400	     -8.953	   2335.983	    2335.983	     20.782	      0.000	      0.064
  26.800	     -8.797	   2336.139	    2336.139	     20.659	      0.000	      0.063
  27.200	     -8.646	   2336.294	    2336.294	     20.046	      0.000	      0.060
  27.600	     -8.510	   2336.439	    2336.439	     18.217	      0.000	      0.050
  28.000	     -8.383	   2336.574	    2336.574	     16.970	      0.000	      0.043
  28.400	     -8.268	   2336.696	    2336.696	     15.593	      0.000	      0.036
  28.800	     -8.162	   2336.808	    2336.808	     14.226	      0.000	      0.030
  29.200	     -8.058	   2336.913	    2336.913	     13.849	      0.000	      0.029
  29.600	     -7.945	   2337.023	    2337.023	     14.783	      0.000	      0.033
  30.000	     -7.819	   2337.140	    2337.140	     16.500	      0.000	      0.040
  30.400	     -7.690	   2337.267	    2337.267	     16.998	      0.000	      0.043
  30.800	     -7.557	   2337.398	    2337.398	     17.357	      0.000	      0.045
  31.200	     -7.421	   2337.531	    2337.531	     17.988	      0.000	      0.048
  31.600	     -7.264	   2337.675	    2337.675	     20.234	      0.000	      0.061
  32.000	     -7.087	   2337.837	    2337.837	     22.625	      0.000	      0.076
  32.400	     -6.878	   2338.022	    2338.022	     25.951	      0.000	      0.100
  32.800	     -6.638	   2338.231	    2338.231	     29.639	      0.000	      0.131
  33.200	     -6.386	   2338.464	    2338.464	     31.707	      0.000	      0.150
  33.600	     -6.122	   2338.712	    2338.712	     33.483	      0.000	      0.166
  34.000	     -5.841	   2338.973	    2338.973	     35.392	      0.000	      0.186
  34.400	     -5.541	   2339.249	    2339.249	     37.508	      0.000	      0.210
  34.800	     -5.232	   2339.539	    2339.539	     39.130	      0.000	      0.229
  35.200	     -4.904	   2339.844	    2339.844	     41.235	      0.000	      0.252
  35.600	     -4.567	   2340.162	    2340.162	     42.702	      0.000	      0.271
  36.000	     -4.225	   2340.490	    2340.490	     43.680	      0.000	      0.285
  36.400	     -3.875	   2340.824	    2340.824	     44.855	      0.000	      0.300
  36.800	     -3.495	   2341.173	    2341.173	     47.313	      0.000	      0.332
  37.200	     -3.077	   2341.544	    2341.544	     50.512	      0.000	      0.379
  37.600	     -2.661	   2341.934	    2341.934	     52.156	      0.000	      0.405
  38.000	     -2.243	   2342.334	    2342.334	     53.229	      0.000	      0.422
  38.400	     -1.853	   2342.735	    2342.735	     52.526	      0.000	      0.412
  38.800	     -1.462	   2343.131	    2343.131	     52.210	      0.000	      0.407
  39.200	     -1.074	   2343.525	    2343.525	     51.863	      0.000	      0.401
  39.600	     -0.676	   2343.920	    2343.920	     52.072	      0.000	      0.404
  40.000	     -0.285	   2344.313	    2344.313	     51.874	      0.000	      0.402
  40.400	      0.087	   2344.702	    2344.702	     50.776	      0.000	      0.385
  40.800	      0.457	   2345.084	    2345.084	     50.022	      0.000	      0.373
  41.200	      0.825	   2345.461	    2345.461	     49.420	      0.000	      0.364
  41.600	      1.189	   2345.834	    2345.834	     48.784	      0.000	      0.355
  42.000	      1.531	   2346.197	    2346.197	     47.247	      0.000	      0.333
  42.400	      1.868	   2346.551	    2346.551	     46.070	      0.000	      0.317
  42.800	      2.200	   2346.896	    2346.896	     45.137	      0.000	      0.304
  43.200	      2.525	   2347.235	    2347.235	     44.066	      0.000	      0.290
  43.600	      2.831	   2347.562	    2347.562	     42.406	      0.000	      0.269
  44.000	      3.126	   2347.877	    2347.877	     40.833	      0.000	      0.249
  44.400	      3.422	   2348.183	    2348.183	     39.964	      0.000	      0.239
  44.800	      3.702	   2348.481	    2348.481	     38.496	      0.000	      0.222
  45.200	      3.970	   2348.767	    2348.767	     36.888	      0.000	      0.203
  45.600	      4.227	   2349.040	    2349.040	     35.399	      0.000	      0.187
  46.000	      4.483	   2349.305	    2349.305	     34.520	      0.000	      0.178
  46.400	      4.725	   2349.561	    2349.561	     33.111	      0.000	      0.164
  46.800	      4.956	   2349.807	    2349.807	     31.579	      0.000	      0.149
  47.200	      5.179	   2350.040	    2350.040	     30.443	      0.000	      0.139
  47.600	      5.398	   2350.268	    2350.268	     29.496	      0.000	      0.130
  48.000	      5.609	   2350.488	    2350.488	     28.437	      0.000	      0.121
  48.400	      5.806	   2350.697	    2350.697	     26.914	      0.000	      0.108
  48.800	      6.000	   2350.898	    2350.898	     26.157	      0.000	      0.102
  49.200	      6.190	   2351.093	    2351.093	     25.452	      0.000	      0.097
  49.600	      6.373	   2351.283	    2351.283	     24.517	      0.000	      0.090
  50.000	      6.545	   2351.464	    2351.464	     23.267	      0.000	      0.081
  50.400	      6.715	   2351.638	    2351.638	     22.730	      0.000	      0.077
  50.800	      6.883	   2351.808	    2351.808	     22.345	      0.000	      0.075
  51.200	      7.042	   2351.974	    2351.974	     21.300	      0.000	      0.068
  51.600	      7.195	   2352.132	    2352.132	     20.418	      0.000	      0.062
  52.000	      7.343	   2352.284	    2352.284	     19.863	      0.000	      0.059
  52.400	      7.492	   2352.434	    2352.434	     19.650	      0.000	      0.058
  52.800	      7.631	   2352.580	    2352.580	     18.637	      0.000	      0.052
  53.200	      7.765	   2352.718	    2352.718	     17.755	      0.000	      0.047
  53.600	      7.894	   2352.850	    2352.850	     17.292	      0.000	      0.045
  54.000	      8.023	   2352.980	    2352.980	     16.972	      0.000	      0.043
  54.400	      8.143	   2353.104	    2353.104	     15.964	      0.000	      0.038
  54.800	      8.254	   2353.221	    2353.221	     14.767	      0.000	      0.033
  55.200	      8.362	   2353.331	    2353.331	     14.393	      0.000	      0.031
  55.600	      8.466	   2353.438	    2353.438	     13.665	      0.000	      0.028
  56.000	      8.560	   2353.537	    2353.537	     12.476	      0.000	      0.023
  56.400	      8.644	   2353.626	    2353.626	     11.074	      0.000	      0.018
  56.800	      8.724	   2353.708	    2353.708	     10.395	      0.000	      0.016
  57.200	      8.796	   2353.782	    2353.782	      9.357	      0.000	      0.013
  57.600	      8.857	   2353.848	    2353.848	      7.756	      0.000	      0.009
  58.000	      8.905	   2353.900	    2353.900	      6.171	      0.000	      0.006
  58.400	      8.946	   2353.942	    2353.942	      4.924	      0.000	      0.004
  58.800	      8.977	   2353.975	    2353.975	      3.654	      0.000	      0.002
  59.200	      8.994	   2353.994	    2353.994	      1.484	      0.000	      0.000
  59.600	      8.998	   2353.998	    2353.998	     -0.334	      0.000	     -0.000
  60.000	      8.989	   2353.990	    2353.990	     -1.914	      0.000	     -0.001
  60.400	      8.967	   2353.969	    2353.969	     -3.638	      0.000	     -0.002
  60.800	      8.927	   2353.932	    2353.932	     -6.076	      0.000	     -0.005
  61.200	      8.868	   2353.878	    2353.878	     -8.170	      0.000	     -0.010
  61.600	      8.795	   2353.809	    2353.809	     -9.891	      0.000	     -0.014
  62.000	      8.705	   2353.727	    2353.727	    -12.115	      0.000	     -0.022
  62.400	      8.594	   2353.625	    2353.625	    -14.530	      0.000	     -0.031
  62.800	      8.464	   2353.506	    2353.506	    -16.870	      0.000	     -0.042
  63.200	      8.320	   2353.372	    2353.372	    -18.616	      0.000	     -0.051
  63.600	      8.157	   2353.222	    2353.222	    -20.908	      0.000	     -0.065
  64.000	      7.974	   2353.055	    2353.055	    -23.345	      0.000	     -0.081
  64.400	      7.772	   2352.869	    2352.869	    -25.503	      0.000	     -0.097
  64.800	      7.559	   2352.669	    2352.669	    -27.187	      0.000	     -0.110
  65.200	      7.329	   2352.455	    2352.455	    -29.238	      0.000	     -0.127
  65.600	      7.076	   2352.225	    2352.225	    -31.641	      0.000	     -0.149
  66.000	      6.813	   2351.978	    2351.978	    -33.276	      0.000	     -0.165
  66.400	      6.540	   2351.720	    2351.720	    -34.813	      0.000	     -0.180
  66.800	      6.253	   2351.451	    2351.451	    -36.476	      0.000	     -0.198
  67.200	      5.947	   2351.167	    2351.167	    -38.415	      0.000	     -0.220
  67.600	      5.637	   2350.871	    2350.871	    -39.582	      0.000	     -0.233
  68.000	      5.321	   2350.567	    2350.567	    -40.586	      0.000	     -0.245
  68.400	      4.994	   2350.255	    2350.255	    -41.830	      0.000	     -0.261
  68.800	      4.656	   2349.932	    2349.932	    -43.085	      0.000	     -0.276
  69.200	      4.316	   2349.603	    2349.603	    -43.829	      0.000	     -0.286
  69.600	      3.980	   2349.270	    2349.270	    -44.093	      0.000	     -0.290
  70.000	      3.631	   2348.932	    2348.932	    -44.965	      0.000	     -0.301
  70.400	      3.280	   2348.589	    2348.589	    -45.552	      0.000	     -0.309
  70.800	      2.933	   2348.243	    2348.243	    -45.633	      0.000	     -0.311
  71.200	      2.591	   2347.899	    2347.899	    -45.394	      0.000	     -0.307
  71.600	      2.242	   2347.553	    2347.553	    -45.706	      0.000	     -0.312
  72.000	      1.894	   2347.207	    2347.207	    -45.783	      0.000	     -0.313
  72.400	      1.557	   2346.861	    2346.861	    -45.191	      0.000	     -0.305
  72.800	      1.223	   2346.521	    2346.521	    -44.681	      0.000	     -0.298
  73.200	      0.889	   2346.183	    2346.183	    -44.413	      0.000	     -0.294
  73.600	      0.556	   2345.847	    2345.847	    -44.192	      0.000	     -0.292
  74.000	      0.239	   2345.516	    2345.516	    -43.132	      0.000	     -0.278
  74.400	     -0.074	   2345.193	    2345.193	    -42.284	      0.000	     -0.267
  74.800	     -0.386	   2344.874	    2344.874	    -41.793	      0.000	     -0.261
  75.200	     -0.695	   2344.559	    2344.559	    -41.234	      0.000	     -0.254
  75.600	     -0.987	   2344.252	    2344.252	    -40.000	      0.000	     -0.239
  76.000	     -1.274	   2343.952	    2343.952	    -38.920	      0.000	     -0.226
  76.400	     -1.562	   2343.659	    2343.659	    -38.497	      0.000	     -0.221
  76.800	     -1.841	   2343.370	    2343.370	    -37.659	      0.000	     -0.212
  77.200	     -2.110	   2343.089	    2343.089	    -36.524	      0.000	     -0.199
  77.600	     -2.370	   2342.817	    2342.817	    -35.437	      0.000	     -0.187
  78.000	     -2.633	   2342.550	    2342.550	    -35.009	      0.000	     -0.183
  78.400	     -2.888	   2342.287	    2342.287	    -34.226	      0.000	     -0.175
  78.800	     -3.132	   2342.032	    2342.032	    -33.133	      0.000	     -0.164
  79.200	     -3.370	   2341.785	    2341.785	    -32.255	      0.000	     -0.155
  79.600	     -3.609	   2341.542	    2341.542	    -31.831	      0.000	     -0.151
  80.000	     -3.844	   2341.302	    2341.302	    -31.289	      0.000	     -0.146
  80.400	     -4.067	   2341.069	    2341.069	    -30.200	      0.000	     -0.136
  80.800	     -4.288	   2340.843	    2340.843	    -29.655	      0.000	     -0.131
  81.200	     -4.509	   2340.620	    2340.620	    -29.306	      0.000	     -0.128
  81.600	     -4.725	   2340.399	    2340.399	    -28.803	      0.000	     -0.124
  82.000	     -4.932	   2340.184	    2340.184	    -27.898	      0.000	     -0.116
  82.400	     -5.138	   2339.975	    2339.975	    -27.473	      0.000	     -0.113
  82.800	     -5.343	   2339.767	    2339.767	    -27.248	      0.000	     -0.111
  83.200	     -5.544	   2339.562	    2339.562	    -26.655	      0.000	     -0.106
  83.600	     -5.738	   2339.363	    2339.363	    -25.969	      0.000	     -0.101
  84.000	     -5.928	   2339.169	    2339.169	    -25.482	      0.000	     -0.097
  84.400	     -6.120	   2338.976	    2338.976	    -25.362	      0.000	     -0.096
  84.800	     -6.305	   2338.786	    2338.786	    -24.633	      0.000	     -0.091
  85.200	     -6.483	   2338.602	    2338.602	    -23.863	      0.000	     -0.085
  85.600	     -6.658	   2338.424	    2338.424	    -23.380	      0.000	     -0.082
  86.000	     -6.832	   2338.247	    2338.247	    -23.074	      0.000	     -0.079
  86.400	     -6.998	   2338.076	    2338.076	    -22.187	      0.000	     -0.074
  86.800	     -7.156	   2337.911	    2337.911	    -21.148	      0.000	     -0.067
  87.200	     -7.311	   2337.753	    2337.753	    -20.649	      0.000	     -0.064
  87.600	     -7.460	   2337.599	    2337.599	    -19.947	      0.000	     -0.059
  88.000	     -7.602	   2337.452	    2337.452	    -18.863	      0.000	     -0.053
  88.400	     -7.732	   2337.314	    2337.314	    -17.505	      0.000	     -0.046
  88.800	     -7.857	   2337.184	    2337.184	    -16.700	      0.000	     -0.042
  89.200	     -7.975	   2337.062	    2337.062	    -15.692	      0.000	     -0.037
  89.600	     -8.082	   2336.948	    2336.948	    -14.177	      0.000	     -0.030
  90.000	     -8.176	   2336.847	    2336.847	    -12.538	      0.000	     -0.024
  90.400	     -8.263	   2336.756	    2336.756	    -11.315	      0.000	     -0.019
  90.800	     -8.340	   2336.675	    2336.675	    -10.071	      0.000	     -0.015
  91.200	     -8.403	   2336.607	    2336.607	     -8.043	      0.000	     -0.010
  91.600	     -8.453	   2336.553	    2336.553	     -6.205	      0.000	     -0.006
  92.000	     -8.492	   2336.512	    2336.512	     -4.643	      0.000	     -0.003
  92.400	     -8.519	   2336.482	    2336.482	     -3.024	      0.000	     -0.001
  92.800	     -8.532	   2336.468	    2336.468	     -0.731	      0.000	     -0.000
  93.200	     -8.529	   2336.471	    2336.471	      1.380	      0.000	      0.000
  93.600	     -8.511	   2336.488	    2336.488	      3.106	      0.000	      0.001
  94.000	     -8.478	   2336.518	    2336.518	      5.054	      0.000	      0.004
  94.400	     -8.427	   2336.565	    2336.565	      7.376	      0.000	      0.008
  94.800	     -8.356	   2336.630	    2336.630	      9.690	      0.000	      0.014
  95.200	     -8.271	   2336.710	    2336.710	     11.373	      0.000	      0.019
  95.600	     -8.170	   2336.804	    2336.804	     13.434	      0.000	      0.027
  96.000	     -8.049	   2336.914	    2336.914	     15.775	      0.000	      0.037
  96.400	     -7.910	   2337.043	    2337.043	     17.930	      0.000	      0.048
  96.800	     -7.759	   2337.184	    2337.184	     19.555	      0.000	      0.057
  97.200	     -7.592	   2337.340	    2337.340	     21.462	      0.000	      0.068
  97.600	     -7.406	   2337.510	    2337.510	     23.685	      0.000	      0.083
  98.000	     -7.207	   2337.697	    2337.697	     25.400	      0.000	      0.096
  98.400	     -6.998	   2337.895	    2337.895	     26.874	      0.000	      0.107
  98.800	     -6.776	   2338.104	    2338.104	     28.403	      0.000	      0.120
  99.200	     -6.537	   2338.327	    2338.327	     30.282	      0.000	      0.136
  99.600	     -6.290	   2338.561	    2338.561	     31.584	      0.000	      0.149
 100.000	     -6.037	   2338.805	    2338.805	     32.607	      0.000	      0.158
 100.400	     -5.774	   2339.056	    2339.056	     33.796	      0.000	      0.170
 100.800	     -5.499	   2339.317	    2339.317	     35.146	      0.000	      0.184
 101.200	     -5.219	   2339.587	    2339.587	     36.010	      0.000	      0.194
 101.600	     -4.940	   2339.862	    2339.862	     36.435	      0.000	      0.198
 102.000	     -4.652	   2340.141	    2340.141	     37.309	      0.000	      0.207
 102.400	     -4.358	   2340.426	    2340.426	     38.057	      0.000	      0.216
 102.800	     -4.063	   2340.717	    2340.717	     38.425	      0.000	      0.220
 103.200	     -3.772	   2341.008	    2341.008	     38.438	      0.000	      0.220
 103.600	     -3.474	   2341.301	    2341.301	     38.860	      0.000	      0.225
 104.000	     -3.174	   2341.596	    2341.596	     39.204	      0.000	      0.229
 104.400	     -2.879	   2341.894	    2341.894	     39.065	      0.000	      0.228
 104.800	     -2.587	   2342.188	    2342.188	     38.796	      0.000	      0.225
 105.200	     -2.294	   2342.482	    2342.482	     38.776	      0.000	      0.224
 105.600	     -1.998	   2342.776	    2342.776	     38.883	      0.000	      0.226
 106.000	     -1.712	   2343.069	    2343.069	     38.317	      0.000	      0.219
 106.400	     -1.429	   2343.358	    2343.358	     37.839	      0.000	      0.214
 106.800	     -1.145	   2343.643	    2343.643	     37.666	      0.000	      0.212
 107.200	     -0.861	   2343.929	    2343.929	     37.517	      0.000	      0.210
 107.600	     -0.587	   2344.210	    2344.210	     36.815	      0.000	      0.202
 108.000	     -0.317	   2344.487	    2344.487	     36.198	      0.000	      0.196
 108.400	     -0.045	   2344.760	    2344.760	     36.053	      0.000	      0.194
 108.800	      0.223	   2345.032	    2345.032	     35.706	      0.000	      0.190
 109.200	      0.484	   2345.301	    2345.301	     35.063	      0.000	      0.184
 109.600	      0.740	   2345.564	    2345.564	     34.393	      0.000	      0.177
 110.000	      1.000	   2345.824	    2345.824	     34.325	      0.000	      0.176
 110.400	      1.256	   2346.083	    2346.083	     34.029	      0.000	      0.173
 110.800	      1.505	   2346.339	    2346.339	     33.386	      0.000	      0.166
 111.200	      1.751	   2346.589	    2346.589	     32.872	      0.000	      0.161
 111.600	      2.000	   2346.839	    2346.839	     32.857	      0.000	      0.161
 112.000	      2.247	   2347.087	    2347.087	     32.689	      0.000	      0.160
 112.400	      2.485	   2347.332	    2347.332	     32.012	      0.000	      0.153
 112.800	      2.723	   2347.573	    2347.573	     31.722	      0.000	      0.150
 113.200	      2.964	   2347.814	    2347.814	     31.707	      0.000	      0.150
 113.600	      3.203	   2348.054	    2348.054	     31.589	      0.000	      0.149
 114.000	      3.434	   2348.291	    2348.291	     31.002	      0.000	      0.143
 114.400	      3.666	   2348.525	    2348.525	     30.746	      0.000	      0.141
 114.800	      3.899	   2348.758	    2348.758	     30.786	      0.000	      0.141
 115.200	      4.130	   2348.991	    2348.991	     30.574	      0.000	      0.140
 115.600	      4.355	   2349.220	    2349.220	     30.043	      0.000	      0.135
 116.000	      4.577	   2349.446	    2349.446	     29.674	      0.000	      0.131
 116.400	      4.803	   2349.671	    2349.671	     29.712	      0.000	      0.132
 116.800	      5.023	   2349.895	    2349.895	     29.271	      0.000	      0.128
 117.200	      5.237	   2350.114	    2350.114	     28.647	      0.000	      0.123
 117.600	      5.448	   2350.329	    2350.329	     28.200	      0.000	      0.119
 118.000	      5.659	   2350.543	    2350.543	     27.984	      0.000	      0.117
 118.400	      5.864	   2350.752	    2350.752	     27.322	      0.000	      0.112
 118.800	      6.061	   2350.956	    2350.956	     26.437	      0.000	      0.104
 119.200	      6.254	   2351.154	    2351.154	     25.845	      0.000	      0.100
 119.600	      6.442	   2351.347	    2351.347	     25.219	      0.000	      0.095
 120.000	      6.624	   2351.535	    2351.535	     24.291	      0.000	      0.088
 120.400	      6.794	   2351.715	    2351.715	     23.031	      0.000	      0.079
 120.800	      6.959	   2351.886	    2351.886	     22.167	      0.000	      0.073
 121.200	      7.117	   2352.050	    2352.050	     21.207	      0.000	      0.067
 121.600	      7.265	   2352.206	    2352.206	     19.835	      0.000	      0.059
 122.000	      7.400	   2352.350	    2352.350	     18.278	      0.000	      0.050
 122.400	      7.528	   2352.484	    2352.484	     17.058	      0.000	      0.044
 122.800	      7.646	   2352.608	    2352.608	     15.798	      0.000	      0.038
 123.200	      7.751	   2352.722	    2352.722	     13.948	      0.000	      0.029
 123.600	      7.843	   2352.821	    2352.821	     12.167	      0.000	      0.022
 124.000	      7.923	   2352.907	    2352.907	     10.605	      0.000	      0.017
 124.400	      7.994	   2352.981	    2352.981	      9.055	      0.000	      0.012
 124.800	      8.049	   2353.042	    2353.042	      6.940	      0.000	      0.007
 125.200	      8.091	   2353.087	    2353.087	      4.894	      0.000	      0.004
 125.600	      8.119	   2353.117	    2353.117	      3.194	      0.000	      0.002
 126.000	      8.135	   2353.135	    2353.135	      1.404	      0.000	      0.000
 126.400	      8.137	   2353.137	    2353.137	     -0.813	      0.000	     -0.000
 126.800	      8.121	   2353.122	    2353.122	     -3.038	      0.000	     -0.001
 127.200	      8.090	   2353.093	    2353.093	     -4.701	      0.000	     -0.003
 127.600	      8.044	   2353.050	    2353.050	     -6.610	      0.000	     -0.006
 128.000	      7.981	   2352.992	    2352.992	     -8.815	      0.000	     -0.011
 128.400	      7.899	   2352.917	    2352.917	    -10.921	      0.000	     -0.018
 128.800	      7.805	   2352.828	    2352.828	    -12.516	      0.000	     -0.023
 129.200	      7.696	   2352.727	    2352.727	    -14.274	      0.000	     -0.030
 129.600	      7.571	   2352.611	    2352.611	    -16.349	      0.000	     -0.040
 130.000	      7.431	   2352.480	    2352.480	    -18.135	      0.000	     -0.049
 130.400	      7.280	   2352.337	    2352.337	    -19.563	      0.000	     -0.057
 130.800	      7.118	   2352.183	    2352.183	    -20.989	      0.000	     -0.065
 131.200	      6.940	   2352.017	    2352.017	    -22.810	      0.000	     -0.077
 131.600	      6.752	   2351.839	    2351.839	    -24.196	      0.000	     -0.087
 132.000	      6.557	   2351.651	    2351.651	    -25.226	      0.000	     -0.095
 132.400	      6.353	   2351.456	    2351.456	    -26.357	      0.000	     -0.103
 132.800	      6.137	   2351.251	    2351.251	    -27.733	      0.000	     -0.114
 133.200	      5.914	   2351.037	    2351.037	    -28.713	      0.000	     -0.123
 133.600	      5.690	   2350.817	    2350.817	    -29.280	      0.000	     -0.127
 134.000	      5.457	   2350.592	    2350.592	    -30.136	      0.000	     -0.135
 134.400	      5.217	   2350.360	    2350.360	    -31.014	      0.000	     -0.143
 134.800	      4.974	   2350.123	    2350.123	    -31.608	      0.000	     -0.149
 135.200	      4.732	   2349.883	    2349.883	    -31.791	      0.000	     -0.151
 135.600	      4.485	   2349.640	    2349.640	    -32.285	      0.000	     -0.155
 136.000	      4.232	   2349.393	    2349.393	    -32.834	      0.000	     -0.161
 136.400	      3.981	   2349.143	    2349.143	    -33.006	      0.000	     -0.163
 136.800	      3.732	   2348.894	    2348.894	    -32.940	      0.000	     -0.162
 137.200	      3.480	   2348.643	    2348.643	    -33.132	      0.000	     -0.163
 137.600	      3.224	   2348.391	    2348.391	    -33.485	      0.000	     -0.167
 138.000	      2.972	   2348.137	    2348.137	    -33.311	      0.000	     -0.166
 138.400	      2.722	   2347.886	    2347.886	    -33.127	      0.000	     -0.164
 138.800	      2.471	   2347.635	    2347.635	    -33.180	      0.000	     -0.164
 139.200	      2.217	   2347.383	    2347.383	    -33.337	      0.000	     -0.166
 139.600	      1.968	   2347.131	    2347.131	    -33.061	      0.000	     -0.163
 140.000	      1.721	   2346.881	    2346.881	    -32.779	      0.000	     -0.160
 140.400	      1.472	   2346.633	    2346.633	    -32.857	      0.000	     -0.161
 140.800	      1.222	   2346.383	    2346.383	    -32.905	      0.000	     -0.161
 141.200	      0.975	   2346.135	    2346.135	    -32.669	      0.000	     -0.159
 141.600	      0.732	   2345.889	    2345.889	    -32.352	      0.000	     -0.156
 142.000	      0.485	   2345.643	    2345.643	    -32.540	      0.000	     -0.158
 142.400	      0.238	   2345.396	    2345.396	    -32.598	      0.000	     -0.158
 142.800	     -0.007	   2345.150	    2345.150	    -32.351	      0.000	     -0.156
 143.200	     -0.249	   2344.905	    2344.905	    -32.155	      0.000	     -0.154
 143.600	     -0.495	   2344.661	    2344.661	    -32.386	      0.000	     -0.156
 144.000	     -0.743	   2344.415	    2344.415	    -32.519	      0.000	     -0.158
 144.400	     -0.986	   2344.169	    2344.169	    -32.249	      0.000	     -0.155
 144.800	     -1.229	   2343.925	    2343.925	    -32.196	      0.000	     -0.155
 145.200	     -1.476	   2343.681	    2343.681	    -32.413	      0.000	     -0.157
 145.600	     -1.724	   2343.434	    2343.434	    -32.589	      0.000	     -0.158
 146.000	     -1.967	   2343.188	    2343.188	    -32.302	      0.000	     -0.156
 146.400	     -2.211	   2342.944	    2342.944	    -32.228	      0.000	     -0.155
 146.800	     -2.458	   2342.699	    2342.699	    -32.461	      0.000	     -0.157
 147.200	     -2.705	   2342.452	    2342.452	    -32.514	      0.000	     -0.158
 147.600	     -2.947	   2342.207	    2342.207	    -32.179	      0.000	     -0.155
 148.000	     -3.188	   2341.964	    2341.964	    -31.982	      0.000	     -0.152
 148.400	     -3.433	   2341.721	    2341.721	    -32.158	      0.000	     -0.154
 148.800	     -3.674	   2341.478	    2341.478	    -31.960	      0.000	     -0.152
 149.200	     -3.911	   2341.238	    2341.238	    -31.492	      0.000	     -0.148
 149.600	     -4.144	   2341.001	    2341.001	    -31.121	      0.000	     -0.144
 150.000	     -4.379	   2340.765	    2340.765	    -31.033	      0.000	     -0.144
 150.400	     -4.609	   2340.531	    2340.531	    -30.588	      0.000	     -0.140
 150.800	     -4.831	   2340.302	    2340.302	    -29.822	      0.000	     -0.133
 151.200	     -5.049	   2340.079	    2340.079	    -29.236	      0.000	     -0.128
 151.600	     -5.265	   2339.859	    2339.859	    -28.780	      0.000	     -0.123
 152.000	     -5.474	   2339.643	    2339.643	    -28.037	      0.000	     -0.118
 152.400	     -5.673	   2339.435	    2339.435	    -26.891	      0.000	     -0.108
 152.800	     -5.867	   2339.235	    2339.235	    -26.043	      0.000	     -0.101
 153.200	     -6.055	   2339.040	    2339.040	    -25.212	      0.000	     -0.095
 153.600	     -6.233	   2338.853	    2338.853	    -24.046	      0.000	     -0.087
 154.000	     -6.400	   2338.677	    2338.677	    -22.609	      0.000	     -0.076
 154.400	     -6.559	   2338.510	    2338.510	    -21.418	      0.000	     -0.069
 154.800	     -6.709	   2338.352	    2338.352	    -20.264	      0.000	     -0.061
 155.200	     -6.848	   2338.204	    2338.204	    -18.688	      0.000	     -0.052
 155.600	     -6.975	   2338.069	    2338.069	    -17.026	      0.000	     -0.043
 156.000	     -7.090	   2337.946	    2337.946	    -15.526	      0.000	     -0.036
 156.400	     -7.197	   2337.833	    2337.833	    -14.116	      0.000	     -0.030
 156.800	     -7.290	   2337.733	    2337.733	    -12.249	      0.000	     -0.023
 157.200	     -7.369	   2337.647	    2337.647	    -10.360	      0.000	     -0.016
 157.600	     -7.436	   2337.575	    2337.575	     -8.742	      0.000	     -0.011
 158.000	     -7.493	   2337.515	    2337.515	     -7.111	      0.000	     -0.008
 158.400	     -7.536	   2337.468	    2337.468	     -5.114	      0.000	     -0.004
 158.800	     -7.564	   2337.437	    2337.437	     -3.105	      0.000	     -0.001
 159.200	     -7.580	   2337.420	    2337.420	     -1.515	      0.000	     -0.000
 159.600	     -7.585	   2337.415	    2337.415	      0.220	      0.000	      0.000
 160.000	     -7.575	   2337.424	    2337.424	      2.205	      0.000	      0.001
 160.400	     -7.549	   2337.448	    2337.448	      4.158	      0.000	      0.003
 160.800	     -7.510	   2337.486	    2337.486	      5.674	      0.000	      0.005
 161.200	     -7.457	   2337.535	    2337.535	      7.277	      0.000	      0.008
 161.600	     -7.391	   2337.597	    2337.597	      9.174	      0.000	      0.012
 162.000	     -7.309	   2337.673	    2337.673	     10.894	      0.000	      0.018
 162.400	     -7.217	   2337.761	    2337.761	     12.226	      0.000	      0.022
 162.800	     -7.114	   2337.858	    2337.858	     13.556	      0.000	      0.027
 163.200	     -6.998	   2337.968	    2337.968	     15.259	      0.000	      0.035
 163.600	     -6.870	   2338.089	    2338.089	     16.644	      0.000	      0.041
 164.000	     -6.735	   2338.219	    2338.219	     17.674	      0.000	      0.046
 164.400	     -6.591	   2338.357	    2338.357	     18.748	      0.000	      0.052
 164.800	     -6.436	   2338.504	    2338.504	     20.097	      0.000	      0.060
 165.200	     -6.273	   2338.660	    2338.660	     21.165	      0.000	      0.067
 165.600	     -6.106	   2338.823	    2338.823	     21.830	      0.000	      0.071
 166.000	     -5.932	   2338.992	    2338.992	     22.647	      0.000	      0.077
 166.400	     -5.750	   2339.167	    2339.167	     23.618	      0.000	      0.083
 166.800	     -5.562	   2339.349	    2339.349	     24.388	      0.000	      0.089
 167.200	     -5.374	   2339.535	    2339.535	     24.723	      0.000	      0.091
 167.600	     -5.180	   2339.725	    2339.725	     25.288	      0.000	      0.095
 168.000	     -4.980	   2339.919	    2339.919	     26.006	      0.000	      0.101
 168.400	     -4.777	   2340.118	    2340.118	     26.445	      0.000	      0.104
 168.800	     -4.576	   2340.319	    2340.319	     26.589	      0.000	      0.105
 169.200	     -4.370	   2340.522	    2340.522	     26.945	      0.000	      0.108
 169.600	     -4.159	   2340.728	    2340.728	     27.501	      0.000	      0.113
 170.000	     -3.948	   2340.938	    2340.938	     27.684	      0.000	      0.114
 170.400	     -3.738	   2341.148	    2341.148	     27.750	      0.000	      0.115
 170.800	     -3.525	   2341.358	    2341.358	     28.004	      0.000	      0.117
 171.200	     -3.307	   2341.573	    2341.573	     28.457	      0.000	      0.121
 171.600	     -3.089	   2341.789	    2341.789	     28.563	      0.000	      0.122
 172.000	     -2.873	   2342.005	    2342.005	     28.567	      0.000	      0.122
 172.400	     -2.653	   2342.222	    2342.222	     28.870	      0.000	      0.124
 172.800	     -2.429	   2342.443	    2342.443	     29.263	      0.000	      0.128
 173.200	     -2.206	   2342.665	    2342.665	     29.380	      0.000	      0.129
 173.600	     -1.983	   2342.888	    2342.888	     29.380	      0.000	      0.129
 174.000	     -1.756	   2343.112	    2343.112	     29.795	      0.000	      0.132
 174.400	     -1.525	   2343.339	    2343.339	     30.179	      0.000	      0.136
 174.800	     -1.294	   2343.569	    2343.569	     30.309	      0.000	      0.137
 175.200	     -1.064	   2343.799	    2343.799	     30.406	      0.000	      0.138
 175.600	     -0.828	   2344.031	    2344.031	     30.856	      0.000	      0.142
 176.000	     -0.588	   2344.266	    2344.266	     31.286	      0.000	      0.146
 176.400	     -0.349	   2344.504	    2344.504	     31.387	      0.000	      0.147
 176.800	     -0.109	   2344.742	    2344.742	     31.560	      0.000	      0.149
 177.200	      0.135	   2344.983	    2344.983	     31.994	      0.000	      0.153
 177.600	      0.384	   2345.227	    2345.227	     32.430	      0.000	      0.157
 178.000	      0.630	   2345.473	    2345.473	     32.455	      0.000	      0.157
 178.400	      0.878	   2345.720	    2345.720	     32.604	      0.000	      0.159
 178.800	      1.130	   2345.968	    2345.968	     33.014	      0.000	      0.162
 179.200	      1.385	   2346.219	    2346.219	     33.298	      0.000	      0.165
 179.600	      1.636	   2346.471	    2346.471	     33.221	      0.000	      0.165
 180.000	      1.888	   2346.723	    2346.723	     33.222	      0.000	      0.165
 180.400	      2.144	   2346.976	    2346.976	     33.514	      0.000	      0.168
 180.800	      2.398	   2347.230	    2347.230	     33.547	      0.000	      0.168
 181.200	      2.649	   2347.484	    2347.484	     33.285	      0.000	      0.165
 181.600	      2.898	   2347.735	    2347.735	     33.054	      0.000	      0.163
 182.000	      3.149	   2347.986	    2347.986	     33.100	      0.000	      0.163
 182.400	      3.397	   2348.236	    2348.236	     32.859	      0.000	      0.161
 182.800	      3.638	   2348.483	    2348.483	     32.264	      0.000	      0.155
 183.200	      3.876	   2348.725	    2348.725	     31.777	      0.000	      0.151
 183.600	      4.113	   2348.965	    2348.965	     31.469	      0.000	      0.148
 184.000	      4.344	   2349.201	    2349.201	     30.895	      0.000	      0.143
 184.400	      4.565	   2349.432	    2349.432	     29.919	      0.000	      0.134
 184.800	      4.782	   2349.655	    2349.655	     29.142	      0.000	      0.127
 185.200	      4.995	   2349.874	    2349.874	     28.454	      0.000	      0.121
 185.600	      5.199	   2350.086	    2350.086	     27.499	      0.000	      0.113
 186.000	      5.392	   2350.289	    2350.289	     26.207	      0.000	      0.103
 186.400	      5.578	   2350.484	    2350.484	     25.083	      0.000	      0.094
 186.800	      5.757	   2350.670	    2350.670	     24.080	      0.000	      0.087
 187.200	      5.925	   2350.848	    2350.848	     22.746	      0.000	      0.077
 187.600	      6.082	   2351.014	    2351.014	     21.193	      0.000	      0.067
 188.000	      6.228	   2351.169	    2351.169	     19.783	      0.000	      0.059
 188.400	      6.366	   2351.315	    2351.315	     18.534	      0.000	      0.051
 188.800	      6.492	   2351.449	    2351.449	     16.908	      0.000	      0.043
 189.200	      6.605	   2351.571	    2351.571	     15.160	      0.000	      0.034
 189.600	      6.707	   2351.679	    2351.679	     13.623	      0.000	      0.028
 190.000	      6.800	   2351.777	    2351.777	     12.165	      0.000	      0.022
 190.400	      6.879	   2351.863	    2351.863	     10.405	      0.000	      0.016
 190.800	      6.946	   2351.935	    2351.935	      8.553	      0.000	      0.011
 191.200	      7.001	   2351.993	    2351.993	      7.013	      0.000	      0.007
 191.600	      7.045	   2352.041	    2352.041	      5.467	      0.000	      0.005
 192.000	      7.078	   2352.076	    2352.076	      3.704	      0.000	      0.002
 192.400	      7.098	   2352.097	    2352.097	      1.887	      0.000	      0.001
 192.800	      7.106	   2352.106	    2352.106	      0.440	      0.000	      0.000
 193.200	      7.103	   2352.103	    2352.103	     -1.016	      0.000	     -0.000
 193.600	      7.089	   2352.090	    2352.090	     -2.724	      0.000	     -0.001
 194.000	      7.060	   2352.063	    2352.063	     -4.345	      0.000	     -0.003
 194.400	      7.020	   2352.025	    2352.025	     -5.626	      0.000	     -0.005
 194.800	      6.970	   2351.977	    2351.977	     -6.889	      0.000	     -0.007
 195.200	      6.909	   2351.919	    2351.919	     -8.444	      0.000	     -0.011
 195.600	      6.836	   2351.850	    2351.850	     -9.786	      0.000	     -0.014
 196.000	      6.754	   2351.772	    2351.772	    -10.822	      0.000	     -0.017
 196.400	      6.665	   2351.686	    2351.686	    -11.857	      0.000	     -0.021
 196.800	      6.566	   2351.591	    2351.591	    -13.148	      0.000	     -0.026
 197.200	      6.457	   2351.487	    2351.487	    -14.240	      0.000	     -0.030
 197.600	      6.343	   2351.376	    2351.376	    -14.971	      0.000	     -0.033
 198.000	      6.223	   2351.260	    2351.260	    -15.795	      0.000	     -0.037
 198.400	      6.095	   2351.136	    2351.136	    -16.817	      0.000	     -0.042
 198.800	      5.959	   2351.006	    2351.006	    -17.673	      0.000	     -0.047
 199.200	      5.821	   2350.870	    2350.870	    -18.129	      0.000	     -0.049
 199.600	      5.678	   2350.730	    2350.730	    -18.765	      0.000	     -0.052
 200.000	      5.528	   2350.585	    2350.585	    -19.585	      0.000	     -0.057
 200.400	      5.373	   2350.434	    2350.434	    -20.203	      0.000	     -0.061
 200.800	      5.217	   2350.280	    2350.280	    -20.516	      0.000	     -0.063
 201.200	      5.057	   2350.123	    2350.123	    -20.989	      0.000	     -0.066
 201.600	      4.891	   2349.961	    2349.961	    -21.702	      0.000	     -0.070
 202.000	      4.721	   2349.794	    2349.794	    -22.160	      0.000	     -0.073
 202.400	      4.551	   2349.626	    2349.626	    -22.415	      0.000	     -0.075
 202.800	      4.377	   2349.454	    2349.454	    -22.815	      0.000	     -0.078
 203.200	      4.197	   2349.279	    2349.279	    -23.483	      0.000	     -0.082
 203.600	      4.014	   2349.099	    2349.099	    -23.883	      0.000	     -0.085
 204.000	      3.831	   2348.917	    2348.917	    -24.109	      0.000	     -0.087
 204.400	      3.643	   2348.733	    2348.733	    -24.572	      0.000	     -0.090
 204.800	      3.450	   2348.544	    2348.544	    -25.212	      0.000	     -0.095
 205.200	      3.254	   2348.352	    2348.352	    -25.631	      0.000	     -0.098
 205.600	      3.057	   2348.157	    2348.157	    -25.884	      0.000	     -0.100
 206.000	      2.854	   2347.959	    2347.959	    -26.444	      0.000	     -0.104
 206.400	      2.646	   2347.756	    2347.756	    -27.081	      0.000	     -0.109
 206.800	      2.435	   2347.548	    2347.548	    -27.519	      0.000	     -0.113
 207.200	      2.224	   2347.339	    2347.339	    -27.831	      0.000	     -0.115
 207.600	      2.005	   2347.126	    2347.126	    -28.433	      0.000	     -0.120
 208.000	      1.782	   2346.908	    2346.908	    -29.105	      0.000	     -0.126
 208.400	      1.556	   2346.685	    2346.685	    -29.497	      0.000	     -0.130
 208.800	      1.328	   2346.461	    2346.461	    -29.854	      0.000	     -0.133
 209.200	      1.095	   2346.232	    2346.232	    -30.452	      0.000	     -0.138
 209.600	      0.855	   2345.999	    2345.999	    -31.095	      0.000	     -0.144
 210.000	      0.615	   2345.762	    2345.762	    -31.382	      0.000	     -0.147
 210.400	      0.373	   2345.523	    2345.523	    -31.698	      0.000	     -0.150
 210.800	      0.126	   2345.281	    2345.281	    -32.233	      0.000	     -0.155
 211.200	     -0.125	   2345.035	    2345.035	    -32.717	      0.000	     -0.160
 211.600	     -0.375	   2344.786	    2344.786	    -32.872	      0.000	     -0.161
 212.000	     -0.626	   2344.537	    2344.537	    -33.024	      0.000	     -0.163
 212.400	     -0.881	   2344.285	    2344.285	    -33.422	      0.000	     -0.167
 212.800	     -1.138	   2344.031	    2344.031	    -33.659	      0.000	     -0.169
 213.200	     -1.393	   2343.776	    2343.776	    -33.590	      0.000	     -0.168
 213.600	     -1.646	   2343.522	    2343.522	    -33.498	      0.000	     -0.167
 214.000	     -1.902	   2343.267	    2343.267	    -33.654	      0.000	     -0.169
 214.400	     -2.156	   2343.012	    2343.012	    -33.586	      0.000	     -0.168
 214.800	     -2.405	   2342.759	    2342.759	    -33.184	      0.000	     -0.164
 215.200	     -2.652	   2342.509	    2342.509	    -32.830	      0.000	     -0.161
 215.600	     -2.898	   2342.261	    2342.261	    -32.647	      0.000	     -0.159
 216.000	     -3.140	   2342.015	    2342.015	    -32.246	      0.000	     -0.155
 216.400	     -3.374	   2341.773	    2341.773	    -31.480	      0.000	     -0.148
 216.800	     -3.605	   2341.537	    2341.537	    -30.825	      0.000	     -0.142
 217.200	     -3.831	   2341.306	    2341.306	    -30.281	      0.000	     -0.137
 217.600	     -4.051	   2341.079	    2341.079	    -29.524	      0.000	     -0.130
 218.000	     -4.261	   2340.859	    2340.859	    -28.422	      0.000	     -0.121
 218.400	     -4.465	   2340.648	    2340.648	    -27.441	      0.000	     -0.113
 218.800	     -4.663	   2340.443	    2340.443	    -26.608	      0.000	     -0.106
 219.200	     -4.852	   2340.245	    2340.245	    -25.504	      0.000	     -0.097
 219.600	     -5.030	   2340.057	    2340.057	    -24.142	      0.000	     -0.087
 220.000	     -5.199	   2339.879	    2339.879	    -22.898	      0.000	     -0.078
 220.400	     -5.362	   2339.710	    2339.710	    -21.831	      0.000	     -0.071
 220.800	     -5.513	   2339.549	    2339.549	    -20.460	      0.000	     -0.063
 221.200	     -5.654	   2339.400	    2339.400	    -18.909	      0.000	     -0.054
 221.600	     -5.784	   2339.262	    2339.262	    -17.515	      0.000	     -0.046
 222.000	     -5.906	   2339.134	    2339.134	    -16.271	      0.000	     -0.040
 222.400	     -6.017	   2339.016	    2339.016	    -14.783	      0.000	     -0.033
 222.800	     -6.115	   2338.911	    2338.911	    -13.126	      0.000	     -0.026
 223.200	     -6.204	   2338.817	    2338.817	    -11.714	      0.000	     -0.021
 223.600	     -6.284	   2338.733	    2338.733	    -10.406	      0.000	     -0.016
 224.000	     -6.353	   2338.659	    2338.659	     -8.897	      0.000	     -0.012
 224.400	     -6.410	   2338.598	    2338.598	     -7.255	      0.000	     -0.008
 224.800	     -6.457	   2338.549	    2338.549	     -5.918	      0.000	     -0.005
 225.200	     -6.495	   2338.508	    2338.508	     -4.660	      0.000	     -0.003
 225.600	     -6.523	   2338.478	    2338.478	     -3.194	      0.000	     -0.002
 226.000	     -6.540	   2338.460	    2338.460	     -1.710	      0.000	     -0.000
 226.400	     -6.548	   2338.452	    2338.452	     -0.507	      0.000	     -0.000
 226.800	     -6.548	   2338.452	    2338.452	      0.607	      0.000	      0.000
 227.200	     -6.538	   2338.462	    2338.462	      1.956	      0.000	      0.001
 227.600	     -6.517	   2338.482	    2338.482	      3.233	      0.000	      0.002
 228.000	     -6.487	   2338.510	    2338.510	      4.244	      0.000	      0.003
 228.400	     -6.450	   2338.546	    2338.546	      5.191	      0.000	      0.004
 228.800	     -6.405	   2338.589	    2338.589	      6.374	      0.000	      0.006
 229.200	     -6.350	   2338.642	    2338.642	      7.452	      0.000	      0.008
 229.600	     -6.288	   2338.702	    2338.702	      8.218	      0.000	      0.010
 230.000	     -6.221	   2338.767	    2338.767	      9.021	      0.000	      0.012
 230.400	     -6.146	   2338.839	    2338.839	     10.021	      0.000	      0.015
 230.800	     -6.064	   2338.918	    2338.918	     10.912	      0.000	      0.018
 231.200	     -5.977	   2339.003	    2339.003	     11.479	      0.000	      0.020
 231.600	     -5.885	   2339.093	    2339.093	     12.163	      0.000	      0.022
 232.000	     -5.787	   2339.188	    2339.188	     13.034	      0.000	      0.025
 232.400	     -5.682	   2339.290	    2339.290	     13.775	      0.000	      0.028
 232.800	     -5.574	   2339.396	    2339.396	     14.233	      0.000	      0.030
 233.200	     -5.461	   2339.506	    2339.506	     14.813	      0.000	      0.033
 233.600	     -5.342	   2339.621	    2339.621	     15.637	      0.000	      0.036
 234.000	     -5.218	   2339.742	    2339.742	     16.276	      0.000	      0.039
 234.400	     -5.091	   2339.867	    2339.867	     16.694	      0.000	      0.042
 234.800	     -4.960	   2339.996	    2339.996	     17.254	      0.000	      0.044
 235.200	     -4.821	   2340.130	    2340.130	     18.083	      0.000	      0.049
 235.600	     -4.679	   2340.269	    2340.269	     18.701	      0.000	      0.052
 236.000	     -4.533	   2340.413	    2340.413	     19.132	      0.000	      0.055
 236.400	     -4.382	   2340.560	    2340.560	     19.754	      0.000	      0.058
 236.800	     -4.224	   2340.713	    2340.713	     20.587	      0.000	      0.063
 237.200	     -4.061	   2340.871	    2340.871	     21.246	      0.000	      0.067
 237.600	     -3.896	   2341.034	    2341.034	     21.707	      0.000	      0.070
 238.000	     -3.724	   2341.201	    2341.201	     22.406	      0.000	      0.075
 238.400	     -3.545	   2341.374	    2341.374	     23.266	      0.000	      0.081
 238.800	     -3.361	   2341.553	    2341.553	     23.958	      0.000	      0.086
 239.200	     -3.174	   2341.737	    2341.737	     24.465	      0.000	      0.089
 239.600	     -2.980	   2341.925	    2341.925	     25.212	      0.000	      0.095
 240.000	     -2.779	   2342.119	    2342.119	     26.093	      0.000	      0.101
 240.400	     -2.574	   2342.320	    2342.320	     26.741	      0.000	      0.107
 240.800	     -2.365	   2342.524	    2342.524	     27.273	      0.000	      0.111
 241.200	     -2.150	   2342.734	    2342.734	     27.998	      0.000	      0.117
 241.600	     -1.927	   2342.949	    2342.949	     28.828	      0.000	      0.124
 242.000	     -1.702	   2343.170	    2343.170	     29.381	      0.000	      0.129
 242.400	     -1.473	   2343.394	    2343.394	     29.857	      0.000	      0.133
 242.800	     -1.239	   2343.623	    2343.623	     30.502	      0.000	      0.139
 243.200	     -0.998	   2343.857	    2343.857	     31.185	      0.000	      0.145
 243.600	     -0.757	   2344.095	    2344.095	     31.579	      0.000	      0.149
 244.000	     -0.514	   2344.335	    2344.335	     31.879	      0.000	      0.151
 244.400	     -0.266	   2344.578	    2344.578	     32.379	      0.000	      0.156
 244.800	     -0.014	   2344.826	    2344.826	     32.810	      0.000	      0.160
 245.200	      0.237	   2345.075	    2345.075	     32.952	      0.000	      0.162
 245.600	      0.487	   2345.325	    2345.325	     33.017	      0.000	      0.163
 246.000	      0.741	   2345.576	    2345.576	     33.283	      0.000	      0.165
 246.400	      0.995	   2345.829	    2345.829	     33.409	      0.000	      0.166
 246.800	      1.246	   2346.082	    2346.082	     33.227	      0.000	      0.165
 247.200	      1.495	   2346.332	    2346.332	     33.017	      0.000	      0.163
 247.600	      1.744	   2346.582	    2346.582	     32.960	      0.000	      0.162
 248.000	      1.992	   2346.831	    2346.831	     32.755	      0.000	      0.160
 248.400	      2.233	   2347.078	    2347.078	     32.205	      0.000	      0.155
 248.800	      2.470	   2347.320	    2347.320	     31.689	      0.000	      0.150
 249.200	      2.705	   2347.559	    2347.559	     31.310	      0.000	      0.146
 249.600	      2.935	   2347.794	    2347.794	     30.761	      0.000	      0.141
 250.000	      3.157	   2348.024	    2348.024	     29.877	      0.000	      0.133
 250.400	      3.373	   2348.247	    2348.247	     29.065	      0.000	      0.126
 250.800	      3.585	   2348.465	    2348.465	     28.404	      0.000	      0.120
 251.200	      3.790	   2348.677	    2348.677	     27.520	      0.000	      0.113
 251.600	      3.985	   2348.881	    2348.881	     26.374	      0.000	      0.104
 252.000	      4.173	   2349.077	    2349.077	     25.308	      0.000	      0.096
 252.400	      4.355	   2349.265	    2349.265	     24.415	      0.000	      0.089
 252.800	      4.527	   2349.446	    2349.446	     23.292	      0.000	      0.081
 253.200	      4.690	   2349.618	    2349.618	     21.958	      0.000	      0.072
 253.600	      4.844	   2349.779	    2349.779	     20.742	      0.000	      0.064
 254.000	      4.991	   2349.933	    2349.933	     19.699	      0.000	      0.058
 254.400	      5.128	   2350.077	    2350.077	     18.447	      0.000	      0.051
 254.800	      5.255	   2350.212	    2350.212	     16.998	      0.000	      0.043
 255.200	      5.373	   2350.336	    2350.336	     15.747	      0.000	      0.037
 255.600	      5.483	   2350.451	    2350.451	     14.634	      0.000	      0.032
 256.000	      5.584	   2350.557	    2350.557	     13.344	      0.000	      0.027
 256.400	      5.674	   2350.653	    2350.653	     11.902	      0.000	      0.021
 256.800	      5.755	   2350.738	    2350.738	     10.699	      0.000	      0.017
 257.200	      5.829	   2350.815	    2350.815	      9.622	      0.000	      0.014
 257.600	      5.894	   2350.884	    2350.884	      8.371	      0.000	      0.011
 258.000	      5.949	   2350.942	    2350.942	      7.030	      0.000	      0.007
 258.400	      5.996	   2350.991	    2350.991	      5.919	      0.000	      0.005
 258.800	      6.036	   2351.032	    2351.032	      4.952	      0.000	      0.004
 259.200	      6.067	   2351.065	    2351.065	      3.781	      0.000	      0.002
 259.600	      6.090	   2351.089	    2351.089	      2.581	      0.000	      0.001
 260.000	      6.105	   2351.105	    2351.105	      1.622	      0.000	      0.000
 260.400	      6.114	   2351.114	    2351.114	      0.780	      0.000	      0.000
 260.800	      6.116	   2351.116	    2351.116	     -0.274	      0.000	     -0.000
 261.200	      6.110	   2351.110	    2351.110	     -1.323	      0.000	     -0.000
 261.600	      6.096	   2351.097	    2351.097	     -2.115	      0.000	     -0.001
 262.000	      6.077	   2351.078	    2351.078	     -2.868	      0.000	     -0.001
 262.400	      6.051	   2351.053	    2351.053	     -3.804	      0.000	     -0.002
 262.800	      6.017	   2351.020	    2351.020	     -4.733	      0.000	     -0.003
 263.200	      5.978	   2350.982	    2350.982	     -5.395	      0.000	     -0.004
 263.600	      5.933	   2350.939	    2350.939	     -6.072	      0.000	     -0.005
 264.000	      5.882	   2350.889	    2350.889	     -6.938	      0.000	     -0.007
 264.400	      5.825	   2350.834	    2350.834	     -7.769	      0.000	     -0.009
 264.800	      5.762	   2350.772	    2350.772	     -8.352	      0.000	     -0.010
 265.200	      5.695	   2350.707	    2350.707	     -8.994	      0.000	     -0.012
 265.600	      5.621	   2350.635	    2350.635	     -9.871	      0.000	     -0.014
 266.000	      5.541	   2350.558	    2350.558	    -10.645	      0.000	     -0.017
 266.400	      5.456	   2350.475	    2350.475	    -11.221	      0.000	     -0.019
 266.800	      5.366	   2350.387	    2350.387	    -11.893	      0.000	     -0.021
 267.200	      5.269	   2350.294	    2350.294	    -12.806	      0.000	     -0.024
 267.600	      5.166	   2350.194	    2350.194	    -13.583	      0.000	     -0.027
 268.000	      5.058	   2350.088	    2350.088	    -14.180	      0.000	     -0.030
 268.400	      4.945	   2349.978	    2349.978	    -14.923	      0.000	     -0.033
 268.800	      4.824	   2349.861	    2349.861	    -15.887	      0.000	     -0.038
 269.200	      4.696	   2349.738	    2349.738	    -16.719	      0.000	     -0.042
 269.600	      4.564	   2349.609	    2349.609	    -17.347	      0.000	     -0.045
 270.000	      4.425	   2349.474	    2349.474	    -18.178	      0.000	     -0.049
 270.400	      4.278	   2349.333	    2349.333	    -19.194	      0.000	     -0.055
 270.800	      4.124	   2349.184	    2349.184	    -20.051	      0.000	     -0.060
 271.200	      3.966	   2349.030	    2349.030	    -20.711	      0.000	     -0.064
 271.600	      3.800	   2348.869	    2348.869	    -21.579	      0.000	     -0.069
 272.000	      3.626	   2348.702	    2348.702	    -22.608	      0.000	     -0.076
 272.400	      3.445	   2348.527	    2348.527	    -23.437	      0.000	     -0.082
 272.800	      3.261	   2348.347	    2348.347	    -24.109	      0.000	     -0.087
 273.200	      3.069	   2348.161	    2348.161	    -24.945	      0.000	     -0.093
 273.600	      2.869	   2347.969	    2347.969	    -25.926	      0.000	     -0.100
 274.000	      2.663	   2347.769	    2347.769	    -26.668	      0.000	     -0.106
 274.400	      2.454	   2347.565	    2347.565	    -27.259	      0.000	     -0.111
 274.800	      2.239	   2347.356	    2347.356	    -27.998	      0.000	     -0.117
 275.200	      2.016	   2347.140	    2347.140	    -28.827	      0.000	     -0.124
 275.600	      1.791	   2346.920	    2346.920	    -29.401	      0.000	     -0.129
 276.000	      1.563	   2346.695	    2346.695	    -29.824	      0.000	     -0.133
 276.400	      1.329	   2346.467	    2346.467	    -30.409	      0.000	     -0.138
 276.800	      1.091	   2346.234	    2346.234	    -30.996	      0.000	     -0.143
 277.200	      0.851	   2345.998	    2345.998	    -31.332	      0.000	     -0.146
 277.600	      0.612	   2345.760	    2345.760	    -31.526	      0.000	     -0.148
 278.000	      0.368	   2345.520	    2345.520	    -31.866	      0.000	     -0.151
 278.400	      0.123	   2345.277	    2345.277	    -32.158	      0.000	     -0.154
 278.800	     -0.122	   2345.033	    2345.033	    -32.179	      0.000	     -0.154
 279.200	     -0.364	   2344.790	    2344.790	    -32.095	      0.000	     -0.154
 279.600	     -0.608	   2344.546	    2344.546	    -32.141	      0.000	     -0.154
 280.000	     -0.851	   2344.303	    2344.303	    -32.123	      0.000	     -0.154
 280.400	     -1.091	   2344.060	    2344.060	    -31.795	      0.000	     -0.151
 280.800	     -1.327	   2343.821	    2343.821	    -31.428	      0.000	     -0.147
 281.200	     -1.561	   2343.584	    2343.584	    -31.184	      0.000	     -0.145
 281.600	     -1.793	   2343.348	    2343.348	    -30.833	      0.000	     -0.142
 282.000	     -2.019	   2343.117	    2343.117	    -30.184	      0.000	     -0.136
 282.400	     -2.239	   2342.891	    2342.891	    -29.537	      0.000	     -0.130
 282.800	     -2.457	   2342.669	    2342.669	    -29.030	      0.000	     -0.126
 283.200	     -2.669	   2342.451	    2342.451	    -28.381	      0.000	     -0.120
 283.600	     -2.873	   2342.240	    2342.240	    -27.481	      0.000	     -0.113
 284.000	     -3.071	   2342.035	    2342.035	    -26.604	      0.000	     -0.106
 284.400	     -3.264	   2341.836	    2341.836	    -25.902	      0.000	     -0.100
 284.800	     -3.451	   2341.643	    2341.643	    -25.034	      0.000	     -0.093
 285.200	     -3.629	   2341.457	    2341.457	    -23.936	      0.000	     -0.086
 285.600	     -3.799	   2341.280	    2341.280	    -22.920	      0.000	     -0.079
 286.000	     -3.964	   2341.109	    2341.109	    -22.082	      0.000	     -0.073
 286.400	     -4.121	   2340.946	    2340.946	    -21.079	      0.000	     -0.066
 286.800	     -4.269	   2340.790	    2340.790	    -19.871	      0.000	     -0.059
 287.200	     -4.409	   2340.644	    2340.644	    -18.820	      0.000	     -0.053
 287.600	     -4.543	   2340.505	    2340.505	    -17.921	      0.000	     -0.048
 288.000	     -4.670	   2340.373	    2340.373	    -16.879	      0.000	     -0.043
 288.400	     -4.787	   2340.249	    2340.249	    -15.660	      0.000	     -0.037
 288.800	     -4.897	   2340.135	    2340.135	    -14.623	      0.000	     -0.032
 289.200	     -5.001	   2340.027	    2340.027	    -13.745	      0.000	     -0.028
 289.600	     -5.097	   2339.927	    2339.927	    -12.713	      0.000	     -0.024
 290.000	     -5.185	   2339.835	    2339.835	    -11.548	      0.000	     -0.020
 290.400	     -5.265	   2339.751	    2339.751	    -10.581	      0.000	     -0.017
 290.800	     -5.340	   2339.674	    2339.674	     -9.783	      0.000	     -0.014
 291.200	     -5.408	   2339.604	    2339.604	     -8.798	      0.000	     -0.012
 291.600	     -5.468	   2339.541	    2339.541	     -7.735	      0.000	     -0.009
 292.000	     -5.521	   2339.486	    2339.486	     -6.875	      0.000	     -0.007
 292.400	     -5.569	   2339.437	    2339.437	     -6.144	      0.000	     -0.006
 292.800	     -5.611	   2339.393	    2339.393	     -5.231	      0.000	     -0.004
 293.200	     -5.645	   2339.358	    2339.358	     -4.257	      0.000	     -0.003
 293.600	     -5.673	   2339.328	    2339.328	     -3.495	      0.000	     -0.002
 294.000	     -5.697	   2339.304	    2339.304	     -2.819	      0.000	     -0.001
 294.400	     -5.715	   2339.286	    2339.286	     -1.975	      0.000	     -0.001
 294.800	     -5.726	   2339.275	    2339.275	     -1.063	      0.000	     -0.000
 295.200	     -5.731	   2339.269	    2339.269	     -0.381	      0.000	     -0.000
 295.600	     -5.731	   2339.269	    2339.269	      0.264	      0.000	      0.000
 296.000	     -5.726	   2339.274	    2339.274	      1.104	      0.000	      0.000
 296.400	     -5.714	   2339.286	    2339.286	      1.977	      0.000	      0.001
 296.800	     -5.696	   2339.303	    2339.303	      2.642	      0.000	      0.001
 297.200	     -5.673	   2339.326	    2339.326	      3.306	      0.000	      0.002
 297.600	     -5.643	   2339.354	    2339.354	      4.184	      0.000	      0.003
 298.000	     -5.607	   2339.389	    2339.389	      5.048	      0.000	      0.004
 298.400	     -5.565	   2339.430	    2339.430	      5.743	      0.000	      0.005
 298.800	     -5.518	   2339.476	    2339.476	      6.459	      0.000	      0.006
 299.200	     -5.463	   2339.529	    2339.529	      7.402	      0.000	      0.008
 299.600	     -5.401	   2339.588	    2339.588	      8.318	      0.000	      0.010
 300.000	     -5.333	   2339.654	    2339.654	      9.058	      0.000	      0.012
