    时间	    汇点水头	    大井水位	    升管水位	    大井流量	    升管流量	    底板压差
   0.000	    461.921	   2806.921	    2806.921	      0.000	      0.000	      0.000
   0.400	    461.918	   2806.918	    2806.918	     -0.097	      0.000	     -0.000
   0.800	    461.915	   2806.915	    2806.915	     -0.379	      0.000	     -0.000
   1.200	    461.913	   2806.913	    2806.913	     -0.075	      0.000	     -0.000
   1.600	    461.916	   2806.915	    2806.915	      0.430	      0.000	      0.000
   2.000	    461.919	   2806.919	    2806.919	      0.141	      0.000	      0.000
   2.400	    461.923	   2806.923	    2806.923	      0.424	      0.000	      0.000
   2.800	    461.921	   2806.921	    2806.921	     -0.063	      0.000	     -0.000
   3.200	    461.919	   2806.919	    2806.919	     -0.338	      0.000	     -0.000
   3.600	    461.917	   2806.917	    2806.917	     -0.023	      0.000	     -0.000
   4.000	    461.920	   2806.920	    2806.920	      0.502	      0.000	      0.000
   4.400	    461.924	   2806.924	    2806.924	      0.242	      0.000	      0.000
   4.800	    461.929	   2806.929	    2806.929	      0.554	      0.000	      0.000
   5.200	    461.930	   2806.930	    2806.930	      0.122	      0.000	      0.000
   5.600	    461.930	   2806.930	    2806.930	     -0.080	      0.000	     -0.000
   6.000	    461.932	   2806.932	    2806.932	      0.327	      0.000	      0.000
   6.400	    461.939	   2806.939	    2806.939	      0.962	      0.000	      0.000
   6.800	    461.950	   2806.950	    2806.950	      0.829	      0.000	      0.000
   7.200	    461.962	   2806.962	    2806.962	      1.260	      0.000	      0.000
   7.600	    461.972	   2806.972	    2806.972	      0.960	      0.000	      0.000
   8.000	    461.983	   2806.983	    2806.983	      0.894	      0.000	      0.000
   8.400	    461.997	   2806.997	    2806.997	      1.436	      0.000	      0.000
   8.800	    462.018	   2807.017	    2807.017	      2.217	      0.000	      0.000
   9.200	    462.044	   2807.044	    2807.044	      2.245	      0.000	      0.000
   9.600	    462.074	   2807.074	    2807.074	      2.817	      0.000	      0.001
  10.000	    462.104	   2807.103	    2807.103	      2.647	      0.000	      0.001
  10.400	    462.135	   2807.135	    2807.135	      2.681	      0.000	      0.001
  10.800	    462.171	   2807.170	    2807.170	      3.301	      0.000	      0.001
  11.200	    462.213	   2807.212	    2807.212	      4.155	      0.000	      0.002
  11.600	    462.263	   2807.261	    2807.261	      4.271	      0.000	      0.002
  12.000	    462.317	   2807.315	    2807.315	      4.912	      0.000	      0.002
  12.400	    462.372	   2807.370	    2807.370	      4.775	      0.000	      0.002
  12.800	    462.428	   2807.426	    2807.426	      4.787	      0.000	      0.002
  13.200	    462.488	   2807.486	    2807.486	      5.310	      0.000	      0.002
  13.600	    462.553	   2807.550	    2807.550	      5.984	      0.000	      0.003
  14.000	    462.622	   2807.619	    2807.619	      5.882	      0.000	      0.003
  14.400	    462.694	   2807.690	    2807.690	      6.244	      0.000	      0.003
  14.800	    462.763	   2807.760	    2807.760	      5.785	      0.000	      0.003
  15.200	    462.828	   2807.825	    2807.825	      5.429	      0.000	      0.003
  15.600	    462.892	   2807.890	    2807.890	      5.516	      0.000	      0.003
  16.000	    462.956	   2807.953	    2807.953	      5.741	      0.000	      0.003
  16.400	    463.019	   2808.017	    2808.017	      5.186	      0.000	      0.002
  16.800	    463.080	   2808.077	    2808.077	      5.099	      0.000	      0.002
  17.200	    463.133	   2808.131	    2808.131	      4.225	      0.000	      0.002
  17.600	    463.177	   2808.176	    2808.176	      3.458	      0.000	      0.001
  18.000	    463.216	   2808.216	    2808.216	      3.141	      0.000	      0.001
  18.400	    463.249	   2808.248	    2808.248	      2.993	      0.000	      0.001
  18.800	    463.278	   2808.278	    2808.278	      2.092	      0.000	      0.000
  19.200	    463.301	   2808.301	    2808.301	      1.709	      0.000	      0.000
  19.600	    463.314	   2808.314	    2808.314	      0.617	      0.000	      0.000
  20.000	    463.316	   2808.316	    2808.316	     -0.329	      0.000	     -0.000
  20.400	    463.310	   2808.310	    2808.310	     -0.746	      0.000	     -0.000
  20.800	    463.297	   2808.297	    2808.297	     -0.931	      0.000	     -0.000
  21.200	    463.281	   2808.281	    2808.281	     -1.795	      0.000	     -0.000
  21.600	    463.258	   2808.259	    2808.259	     -2.060	      0.000	     -0.000
  22.000	    463.229	   2808.230	    2808.230	     -2.952	      0.000	     -0.001
  22.400	    463.190	   2808.192	    2808.192	     -3.610	      0.000	     -0.001
  22.800	    463.148	   2808.150	    2808.150	     -3.668	      0.000	     -0.001
  23.200	    463.103	   2808.104	    2808.104	     -3.492	      0.000	     -0.001
  23.600	    463.060	   2808.061	    2808.061	     -3.821	      0.000	     -0.001
  24.000	    463.018	   2808.019	    2808.019	     -3.561	      0.000	     -0.001
  24.400	    462.975	   2807.976	    2807.976	     -3.463	      0.000	     -0.001
  24.800	    462.929	   2807.930	    2807.930	     -3.942	      0.000	     -0.001
  25.200	    462.887	   2807.888	    2807.888	     -3.402	      0.000	     -0.001
  25.600	    462.848	   2807.849	    2807.849	     -3.009	      0.000	     -0.001
  26.000	    462.819	   2807.819	    2807.819	     -2.394	      0.000	     -0.001
  26.400	    462.796	   2807.796	    2807.796	     -1.596	      0.000	     -0.000
  26.800	    462.780	   2807.780	    2807.780	     -0.988	      0.000	     -0.000
  27.200	    462.766	   2807.766	    2807.766	     -1.005	      0.000	     -0.000
  27.600	    462.760	   2807.760	    2807.760	     -0.064	      0.000	     -0.000
  28.000	    462.762	   2807.762	    2807.762	      0.683	      0.000	      0.000
  28.400	    462.777	   2807.777	    2807.777	      1.560	      0.000	      0.000
  28.800	    462.802	   2807.801	    2807.801	      2.533	      0.000	      0.001
  29.200	    462.835	   2807.834	    2807.834	      3.251	      0.000	      0.001
  29.600	    462.871	   2807.870	    2807.870	      3.230	      0.000	      0.001
  30.000	    462.915	   2807.913	    2807.913	      4.094	      0.000	      0.001
  30.400	    462.965	   2807.963	    2807.963	      4.701	      0.000	      0.002
  30.800	    463.026	   2808.023	    2808.023	      5.349	      0.000	      0.003
  31.200	    463.093	   2808.090	    2808.090	      6.000	      0.000	      0.003
  31.600	    463.164	   2808.161	    2808.161	      6.343	      0.000	      0.004
  32.000	    463.234	   2808.231	    2808.231	      5.831	      0.000	      0.003
  32.400	    463.305	   2808.302	    2808.302	      6.135	      0.000	      0.003
  32.800	    463.375	   2808.372	    2808.372	      6.138	      0.000	      0.003
  33.200	    463.448	   2808.444	    2808.444	      6.132	      0.000	      0.003
  33.600	    463.520	   2808.516	    2808.516	      6.096	      0.000	      0.003
  34.000	    463.587	   2808.584	    2808.584	      5.761	      0.000	      0.003
  34.400	    463.646	   2808.644	    2808.644	      4.572	      0.000	      0.002
  34.800	    463.698	   2808.696	    2808.696	      4.199	      0.000	      0.002
  35.200	    463.741	   2808.740	    2808.740	      3.581	      0.000	      0.001
  35.600	    463.780	   2808.779	    2808.779	      2.997	      0.000	      0.001
  36.000	    463.812	   2808.811	    2808.811	      2.443	      0.000	      0.001
  36.400	    463.834	   2808.834	    2808.834	      1.688	      0.000	      0.000
  36.800	    463.845	   2808.845	    2808.845	      0.168	      0.000	      0.000
  37.200	    463.843	   2808.843	    2808.843	     -0.449	      0.000	     -0.000
  37.600	    463.832	   2808.832	    2808.832	     -1.205	      0.000	     -0.000
  38.000	    463.814	   2808.814	    2808.814	     -1.832	      0.000	     -0.000
  38.400	    463.790	   2808.790	    2808.790	     -2.343	      0.000	     -0.000
  38.800	    463.757	   2808.758	    2808.758	     -2.950	      0.000	     -0.001
  39.200	    463.715	   2808.716	    2808.716	     -4.242	      0.000	     -0.002
  39.600	    463.664	   2808.665	    2808.665	     -4.542	      0.000	     -0.002
  40.000	    463.606	   2808.609	    2808.609	     -4.921	      0.000	     -0.002
  40.400	    463.547	   2808.549	    2808.549	     -5.087	      0.000	     -0.002
  40.800	    463.488	   2808.490	    2808.490	     -5.084	      0.000	     -0.002
  41.200	    463.427	   2808.429	    2808.429	     -5.090	      0.000	     -0.002
  41.600	    463.364	   2808.367	    2808.367	     -5.718	      0.000	     -0.003
  42.000	    463.300	   2808.303	    2808.303	     -5.325	      0.000	     -0.003
  42.400	    463.239	   2808.241	    2808.241	     -4.976	      0.000	     -0.002
  42.800	    463.183	   2808.185	    2808.185	     -4.397	      0.000	     -0.002
  43.200	    463.137	   2808.138	    2808.138	     -3.718	      0.000	     -0.001
  43.600	    463.096	   2808.097	    2808.097	     -3.087	      0.000	     -0.001
  44.000	    463.061	   2808.062	    2808.062	     -3.144	      0.000	     -0.001
  44.400	    463.030	   2808.030	    2808.030	     -2.298	      0.000	     -0.000
  44.800	    463.006	   2808.007	    2808.007	     -1.554	      0.000	     -0.000
  45.200	    462.992	   2807.992	    2807.992	     -0.662	      0.000	     -0.000
  45.600	    462.990	   2807.990	    2807.990	      0.258	      0.000	      0.000
  46.000	    462.996	   2807.996	    2807.996	      1.064	      0.000	      0.000
  46.400	    463.011	   2808.011	    2808.011	      1.091	      0.000	      0.000
  46.800	    463.029	   2808.029	    2808.029	      1.924	      0.000	      0.000
  47.200	    463.054	   2808.054	    2808.054	      2.571	      0.000	      0.001
  47.600	    463.086	   2808.086	    2808.086	      3.241	      0.000	      0.001
  48.000	    463.129	   2808.127	    2808.127	      3.825	      0.000	      0.001
  48.400	    463.175	   2808.173	    2808.173	      4.182	      0.000	      0.002
  48.800	    463.223	   2808.221	    2808.221	      4.070	      0.000	      0.001
  49.200	    463.268	   2808.266	    2808.266	      3.901	      0.000	      0.001
  49.600	    463.312	   2808.310	    2808.310	      3.890	      0.000	      0.001
  50.000	    463.355	   2808.354	    2808.354	      3.499	      0.000	      0.001
  50.400	    463.400	   2808.399	    2808.399	      3.823	      0.000	      0.001
  50.800	    463.442	   2808.441	    2808.441	      3.552	      0.000	      0.001
  51.200	    463.479	   2808.478	    2808.478	      2.835	      0.000	      0.001
  51.600	    463.506	   2808.506	    2808.506	      2.073	      0.000	      0.000
  52.000	    463.525	   2808.525	    2808.525	      1.519	      0.000	      0.000
  52.400	    463.538	   2808.538	    2808.538	      0.606	      0.000	      0.000
  52.800	    463.546	   2808.546	    2808.546	      0.421	      0.000	      0.000
  53.200	    463.545	   2808.545	    2808.545	     -0.308	      0.000	     -0.000
  53.600	    463.535	   2808.535	    2808.535	     -1.392	      0.000	     -0.000
  54.000	    463.511	   2808.512	    2808.512	     -2.424	      0.000	     -0.001
  54.400	    463.477	   2808.478	    2808.478	     -3.133	      0.000	     -0.001
  54.800	    463.434	   2808.436	    2808.436	     -4.059	      0.000	     -0.001
  55.200	    463.388	   2808.389	    2808.389	     -4.134	      0.000	     -0.001
  55.600	    463.335	   2808.337	    2808.337	     -4.629	      0.000	     -0.002
  56.000	    463.276	   2808.278	    2808.278	     -5.371	      0.000	     -0.003
  56.400	    463.208	   2808.211	    2808.211	     -6.040	      0.000	     -0.003
  56.800	    463.134	   2808.138	    2808.138	     -6.297	      0.000	     -0.003
  57.200	    463.058	   2808.062	    2808.062	     -6.713	      0.000	     -0.004
  57.600	    462.983	   2807.987	    2807.987	     -6.307	      0.000	     -0.004
  58.000	    462.908	   2807.912	    2807.912	     -6.287	      0.000	     -0.003
  58.400	    462.834	   2807.837	    2807.837	     -6.448	      0.000	     -0.004
  58.800	    462.758	   2807.761	    2807.761	     -6.531	      0.000	     -0.004
  59.200	    462.683	   2807.686	    2807.686	     -6.138	      0.000	     -0.003
  59.600	    462.613	   2807.616	    2807.616	     -5.906	      0.000	     -0.003
  60.000	    462.551	   2807.553	    2807.553	     -4.856	      0.000	     -0.002
  60.400	    462.498	   2807.499	    2807.499	     -4.210	      0.000	     -0.002
  60.800	    462.451	   2807.452	    2807.452	     -3.815	      0.000	     -0.001
  61.200	    462.409	   2807.410	    2807.410	     -3.447	      0.000	     -0.001
  61.600	    462.373	   2807.373	    2807.373	     -2.719	      0.000	     -0.001
  62.000	    462.344	   2807.344	    2807.344	     -2.236	      0.000	     -0.000
  62.400	    462.325	   2807.325	    2807.325	     -1.068	      0.000	     -0.000
  62.800	    462.315	   2807.315	    2807.315	     -0.420	      0.000	     -0.000
  63.200	    462.313	   2807.313	    2807.313	     -0.064	      0.000	     -0.000
  63.600	    462.314	   2807.314	    2807.314	      0.222	      0.000	      0.000
  64.000	    462.320	   2807.320	    2807.320	      0.813	      0.000	      0.000
  64.400	    462.331	   2807.331	    2807.331	      1.100	      0.000	      0.000
  64.800	    462.349	   2807.349	    2807.349	      1.995	      0.000	      0.000
  65.200	    462.373	   2807.373	    2807.373	      2.312	      0.000	      0.000
  65.600	    462.400	   2807.400	    2807.400	      2.272	      0.000	      0.000
  66.000	    462.427	   2807.426	    2807.426	      2.037	      0.000	      0.000
  66.400	    462.450	   2807.449	    2807.449	      2.048	      0.000	      0.000
  66.800	    462.472	   2807.471	    2807.471	      1.691	      0.000	      0.000
  67.200	    462.492	   2807.492	    2807.492	      1.948	      0.000	      0.000
  67.600	    462.512	   2807.512	    2807.512	      1.619	      0.000	      0.000
  68.000	    462.527	   2807.527	    2807.527	      0.965	      0.000	      0.000
  68.400	    462.536	   2807.536	    2807.536	      0.224	      0.000	      0.000
  68.800	    462.535	   2807.535	    2807.535	     -0.201	      0.000	     -0.000
  69.200	    462.528	   2807.528	    2807.528	     -0.931	      0.000	     -0.000
  69.600	    462.516	   2807.516	    2807.516	     -1.002	      0.000	     -0.000
  70.000	    462.500	   2807.500	    2807.500	     -1.593	      0.000	     -0.000
  70.400	    462.476	   2807.477	    2807.477	     -2.439	      0.000	     -0.001
  70.800	    462.444	   2807.445	    2807.445	     -3.342	      0.000	     -0.001
  71.200	    462.400	   2807.401	    2807.401	     -3.932	      0.000	     -0.001
  71.600	    462.349	   2807.351	    2807.351	     -4.699	      0.000	     -0.002
  72.000	    462.292	   2807.294	    2807.294	     -4.730	      0.000	     -0.002
  72.400	    462.233	   2807.235	    2807.235	     -5.209	      0.000	     -0.002
  72.800	    462.167	   2807.170	    2807.170	     -5.797	      0.000	     -0.003
  73.200	    462.099	   2807.102	    2807.102	     -6.034	      0.000	     -0.003
  73.600	    462.022	   2807.026	    2807.026	     -6.462	      0.000	     -0.004
  74.000	    461.945	   2806.949	    2806.949	     -6.702	      0.000	     -0.004
  74.400	    461.867	   2806.871	    2806.871	     -6.585	      0.000	     -0.004
  74.800	    461.795	   2806.798	    2806.798	     -6.135	      0.000	     -0.003
  75.200	    461.722	   2806.726	    2806.726	     -6.176	      0.000	     -0.003
  75.600	    461.653	   2806.656	    2806.656	     -5.897	      0.000	     -0.003
  76.000	    461.581	   2806.584	    2806.584	     -5.851	      0.000	     -0.003
  76.400	    461.514	   2806.517	    2806.517	     -5.646	      0.000	     -0.003
  76.800	    461.452	   2806.455	    2806.455	     -5.074	      0.000	     -0.002
  77.200	    461.399	   2806.401	    2806.401	     -4.188	      0.000	     -0.002
  77.600	    461.352	   2806.354	    2806.354	     -3.814	      0.000	     -0.001
  78.000	    461.313	   2806.314	    2806.314	     -3.136	      0.000	     -0.001
  78.400	    461.276	   2806.277	    2806.277	     -2.753	      0.000	     -0.001
  78.800	    461.247	   2806.248	    2806.248	     -2.229	      0.000	     -0.000
  79.200	    461.226	   2806.226	    2806.226	     -1.474	      0.000	     -0.000
  79.600	    461.215	   2806.215	    2806.215	     -0.514	      0.000	     -0.000
  80.000	    461.211	   2806.211	    2806.211	     -0.157	      0.000	     -0.000
  80.400	    461.213	   2806.213	    2806.213	      0.393	      0.000	      0.000
  80.800	    461.216	   2806.216	    2806.216	      0.540	      0.000	      0.000
  81.200	    461.224	   2806.224	    2806.224	      0.765	      0.000	      0.000
  81.600	    461.236	   2806.236	    2806.236	      1.191	      0.000	      0.000
  82.000	    461.253	   2806.253	    2806.253	      1.821	      0.000	      0.000
  82.400	    461.274	   2806.274	    2806.274	      1.805	      0.000	      0.000
  82.800	    461.297	   2806.296	    2806.296	      1.950	      0.000	      0.000
  83.200	    461.317	   2806.317	    2806.317	      1.687	      0.000	      0.000
  83.600	    461.335	   2806.335	    2806.335	      1.483	      0.000	      0.000
  84.000	    461.353	   2806.353	    2806.353	      1.452	      0.000	      0.000
  84.400	    461.370	   2806.370	    2806.370	      1.584	      0.000	      0.000
  84.800	    461.385	   2806.385	    2806.385	      1.056	      0.000	      0.000
  85.200	    461.396	   2806.396	    2806.396	      0.709	      0.000	      0.000
  85.600	    461.399	   2806.399	    2806.399	     -0.045	      0.000	     -0.000
  86.000	    461.395	   2806.395	    2806.395	     -0.665	      0.000	     -0.000
  86.400	    461.385	   2806.385	    2806.385	     -1.055	      0.000	     -0.000
  86.800	    461.371	   2806.371	    2806.371	     -1.168	      0.000	     -0.000
  87.200	    461.353	   2806.353	    2806.353	     -1.842	      0.000	     -0.000
  87.600	    461.329	   2806.330	    2806.330	     -2.282	      0.000	     -0.000
  88.000	    461.297	   2806.298	    2806.298	     -3.054	      0.000	     -0.001
  88.400	    461.258	   2806.259	    2806.259	     -3.602	      0.000	     -0.001
  88.800	    461.214	   2806.216	    2806.216	     -3.888	      0.000	     -0.001
  89.200	    461.168	   2806.169	    2806.169	     -3.838	      0.000	     -0.001
  89.600	    461.120	   2806.121	    2806.121	     -4.324	      0.000	     -0.002
  90.000	    461.068	   2806.070	    2806.070	     -4.524	      0.000	     -0.002
  90.400	    461.013	   2806.015	    2806.015	     -4.983	      0.000	     -0.002
  90.800	    460.953	   2805.955	    2805.955	     -5.186	      0.000	     -0.002
  91.200	    460.894	   2805.896	    2805.896	     -5.070	      0.000	     -0.002
  91.600	    460.836	   2805.838	    2805.838	     -4.535	      0.000	     -0.002
  92.000	    460.783	   2805.785	    2805.785	     -4.512	      0.000	     -0.002
  92.400	    460.733	   2805.735	    2805.735	     -4.187	      0.000	     -0.002
  92.800	    460.685	   2805.687	    2805.687	     -4.137	      0.000	     -0.002
  93.200	    460.638	   2805.640	    2805.640	     -3.849	      0.000	     -0.001
  93.600	    460.598	   2805.599	    2805.599	     -3.285	      0.000	     -0.001
  94.000	    460.563	   2805.564	    2805.564	     -2.351	      0.000	     -0.000
  94.400	    460.538	   2805.538	    2805.538	     -1.997	      0.000	     -0.000
  94.800	    460.519	   2805.519	    2805.519	     -1.404	      0.000	     -0.000
  95.200	    460.505	   2805.505	    2805.505	     -1.124	      0.000	     -0.000
  95.600	    460.494	   2805.494	    2805.494	     -0.664	      0.000	     -0.000
  96.000	    460.491	   2805.491	    2805.491	      0.010	      0.000	      0.000
  96.400	    460.495	   2805.495	    2805.495	      1.023	      0.000	      0.000
  96.800	    460.509	   2805.509	    2805.509	      1.391	      0.000	      0.000
  97.200	    460.529	   2805.529	    2805.529	      1.935	      0.000	      0.000
  97.600	    460.554	   2805.554	    2805.554	      2.393	      0.000	      0.001
  98.000	    460.580	   2805.579	    2805.579	      2.383	      0.000	      0.000
  98.400	    460.611	   2805.610	    2805.610	      2.799	      0.000	      0.001
  98.800	    460.645	   2805.644	    2805.644	      3.143	      0.000	      0.001
  99.200	    460.685	   2805.684	    2805.684	      3.446	      0.000	      0.001
  99.600	    460.727	   2805.726	    2805.726	      3.543	      0.000	      0.001
 100.000	    460.768	   2805.767	    2805.767	      3.529	      0.000	      0.001
 100.400	    460.804	   2805.803	    2805.803	      3.051	      0.000	      0.001
 100.800	    460.840	   2805.839	    2805.839	      3.000	      0.000	      0.001
 101.200	    460.873	   2805.873	    2805.873	      2.887	      0.000	      0.001
 101.600	    460.907	   2805.907	    2805.907	      2.763	      0.000	      0.001
 102.000	    460.938	   2805.938	    2805.938	      2.463	      0.000	      0.001
 102.400	    460.964	   2805.964	    2805.964	      2.088	      0.000	      0.000
 102.800	    460.982	   2805.982	    2805.982	      1.258	      0.000	      0.000
 103.200	    460.995	   2805.995	    2805.995	      0.910	      0.000	      0.000
 103.600	    461.003	   2806.002	    2806.002	      0.540	      0.000	      0.000
 104.000	    461.007	   2806.007	    2806.007	      0.207	      0.000	      0.000
 104.400	    461.007	   2806.007	    2806.007	     -0.269	      0.000	     -0.000
 104.800	    461.001	   2806.001	    2806.001	     -0.733	      0.000	     -0.000
 105.200	    460.986	   2805.986	    2805.986	     -1.590	      0.000	     -0.000
 105.600	    460.966	   2805.966	    2805.966	     -1.849	      0.000	     -0.000
 106.000	    460.943	   2805.943	    2805.943	     -2.039	      0.000	     -0.000
 106.400	    460.918	   2805.919	    2805.919	     -2.114	      0.000	     -0.000
 106.800	    460.893	   2805.893	    2805.893	     -2.283	      0.000	     -0.000
 107.200	    460.865	   2805.865	    2805.865	     -2.399	      0.000	     -0.000
 107.600	    460.833	   2805.834	    2805.834	     -2.901	      0.000	     -0.001
 108.000	    460.800	   2805.801	    2805.801	     -2.775	      0.000	     -0.001
 108.400	    460.768	   2805.769	    2805.769	     -2.558	      0.000	     -0.001
 108.800	    460.740	   2805.741	    2805.741	     -2.206	      0.000	     -0.000
 109.200	    460.716	   2805.717	    2805.717	     -1.953	      0.000	     -0.000
 109.600	    460.695	   2805.695	    2805.695	     -1.639	      0.000	     -0.000
 110.000	    460.675	   2805.675	    2805.675	     -1.698	      0.000	     -0.000
 110.400	    460.659	   2805.659	    2805.659	     -1.125	      0.000	     -0.000
 110.800	    460.649	   2805.649	    2805.649	     -0.480	      0.000	     -0.000
 111.200	    460.647	   2805.647	    2805.647	      0.270	      0.000	      0.000
 111.600	    460.654	   2805.654	    2805.654	      0.839	      0.000	      0.000
 112.000	    460.667	   2805.667	    2805.667	      1.406	      0.000	      0.000
 112.400	    460.684	   2805.684	    2805.684	      1.483	      0.000	      0.000
 112.800	    460.706	   2805.705	    2805.705	      2.126	      0.000	      0.000
 113.200	    460.734	   2805.733	    2805.733	      2.765	      0.000	      0.001
 113.600	    460.770	   2805.769	    2805.769	      3.469	      0.000	      0.001
 114.000	    460.814	   2805.813	    2805.813	      3.913	      0.000	      0.001
 114.400	    460.862	   2805.860	    2805.860	      4.320	      0.000	      0.002
 114.800	    460.912	   2805.911	    2805.911	      4.194	      0.000	      0.002
 115.200	    460.965	   2805.963	    2805.963	      4.609	      0.000	      0.002
 115.600	    461.020	   2806.018	    2806.018	      4.953	      0.000	      0.002
 116.000	    461.080	   2806.077	    2806.077	      5.320	      0.000	      0.003
 116.400	    461.143	   2806.140	    2806.140	      5.359	      0.000	      0.003
 116.800	    461.205	   2806.202	    2806.202	      5.310	      0.000	      0.003
 117.200	    461.263	   2806.261	    2806.261	      4.699	      0.000	      0.002
 117.600	    461.318	   2806.316	    2806.316	      4.578	      0.000	      0.002
 118.000	    461.370	   2806.368	    2806.368	      4.414	      0.000	      0.002
 118.400	    461.420	   2806.418	    2806.418	      4.339	      0.000	      0.002
 118.800	    461.469	   2806.467	    2806.467	      3.957	      0.000	      0.001
 119.200	    461.512	   2806.511	    2806.511	      3.562	      0.000	      0.001
 119.600	    461.549	   2806.548	    2806.548	      2.657	      0.000	      0.001
 120.000	    461.578	   2806.578	    2806.578	      2.311	      0.000	      0.000
 120.400	    461.603	   2806.602	    2806.602	      1.967	      0.000	      0.000
 120.800	    461.623	   2806.622	    2806.622	      1.721	      0.000	      0.000
 121.200	    461.640	   2806.640	    2806.640	      1.224	      0.000	      0.000
 121.600	    461.651	   2806.651	    2806.651	      0.755	      0.000	      0.000
 122.000	    461.656	   2806.656	    2806.656	      0.099	      0.000	      0.000
 122.400	    461.652	   2806.652	    2806.652	     -0.478	      0.000	     -0.000
 122.800	    461.645	   2806.645	    2806.645	     -0.709	      0.000	     -0.000
 123.200	    461.634	   2806.635	    2806.635	     -1.047	      0.000	     -0.000
 123.600	    461.625	   2806.625	    2806.625	     -0.939	      0.000	     -0.000
 124.000	    461.613	   2806.613	    2806.613	     -1.047	      0.000	     -0.000
 124.400	    461.599	   2806.599	    2806.599	     -1.280	      0.000	     -0.000
 124.800	    461.582	   2806.582	    2806.582	     -1.410	      0.000	     -0.000
 125.200	    461.566	   2806.566	    2806.566	     -1.171	      0.000	     -0.000
 125.600	    461.553	   2806.553	    2806.553	     -1.076	      0.000	     -0.000
 126.000	    461.545	   2806.545	    2806.545	     -0.590	      0.000	     -0.000
 126.400	    461.539	   2806.539	    2806.539	     -0.311	      0.000	     -0.000
 126.800	    461.536	   2806.536	    2806.536	     -0.169	      0.000	     -0.000
 127.200	    461.534	   2806.534	    2806.534	      0.017	      0.000	      0.000
 127.600	    461.537	   2806.537	    2806.537	      0.597	      0.000	      0.000
 128.000	    461.546	   2806.546	    2806.546	      1.027	      0.000	      0.000
 128.400	    461.564	   2806.564	    2806.564	      1.825	      0.000	      0.000
 128.800	    461.589	   2806.588	    2806.588	      2.378	      0.000	      0.001
 129.200	    461.618	   2806.618	    2806.618	      2.723	      0.000	      0.001
 129.600	    461.652	   2806.651	    2806.651	      3.018	      0.000	      0.001
 130.000	    461.690	   2806.689	    2806.689	      3.636	      0.000	      0.001
 130.400	    461.735	   2806.734	    2806.734	      4.006	      0.000	      0.001
 130.800	    461.787	   2806.785	    2806.785	      4.649	      0.000	      0.002
 131.200	    461.843	   2806.841	    2806.841	      4.938	      0.000	      0.002
 131.600	    461.901	   2806.898	    2806.898	      5.014	      0.000	      0.002
 132.000	    461.959	   2806.957	    2806.957	      4.982	      0.000	      0.002
 132.400	    462.019	   2807.016	    2807.016	      5.251	      0.000	      0.002
 132.800	    462.080	   2807.077	    2807.077	      5.281	      0.000	      0.002
 133.200	    462.144	   2807.141	    2807.141	      5.584	      0.000	      0.003
 133.600	    462.208	   2807.206	    2807.206	      5.521	      0.000	      0.003
 134.000	    462.271	   2807.268	    2807.268	      5.209	      0.000	      0.002
 134.400	    462.329	   2807.327	    2807.327	      4.733	      0.000	      0.002
 134.800	    462.382	   2807.380	    2807.380	      4.574	      0.000	      0.002
 135.200	    462.433	   2807.431	    2807.431	      4.163	      0.000	      0.002
 135.600	    462.481	   2807.479	    2807.479	      4.022	      0.000	      0.001
 136.000	    462.524	   2807.523	    2807.523	      3.549	      0.000	      0.001
 136.400	    462.561	   2807.560	    2807.560	      2.874	      0.000	      0.001
 136.800	    462.590	   2807.590	    2807.590	      2.119	      0.000	      0.000
 137.200	    462.613	   2807.612	    2807.612	      1.778	      0.000	      0.000
 137.600	    462.630	   2807.630	    2807.630	      1.247	      0.000	      0.000
 138.000	    462.643	   2807.643	    2807.643	      1.101	      0.000	      0.000
 138.400	    462.653	   2807.653	    2807.653	      0.662	      0.000	      0.000
 138.800	    462.657	   2807.657	    2807.657	      0.083	      0.000	      0.000
 139.200	    462.655	   2807.655	    2807.655	     -0.585	      0.000	     -0.000
 139.600	    462.647	   2807.647	    2807.647	     -0.794	      0.000	     -0.000
 140.000	    462.635	   2807.635	    2807.635	     -1.133	      0.000	     -0.000
 140.400	    462.622	   2807.622	    2807.622	     -1.046	      0.000	     -0.000
 140.800	    462.608	   2807.608	    2807.608	     -1.228	      0.000	     -0.000
 141.200	    462.592	   2807.592	    2807.592	     -1.470	      0.000	     -0.000
 141.600	    462.574	   2807.574	    2807.574	     -1.761	      0.000	     -0.000
 142.000	    462.555	   2807.555	    2807.555	     -1.538	      0.000	     -0.000
 142.400	    462.537	   2807.537	    2807.537	     -1.412	      0.000	     -0.000
 142.800	    462.523	   2807.524	    2807.524	     -0.848	      0.000	     -0.000
 143.200	    462.515	   2807.515	    2807.515	     -0.557	      0.000	     -0.000
 143.600	    462.509	   2807.509	    2807.509	     -0.381	      0.000	     -0.000
 144.000	    462.507	   2807.507	    2807.507	     -0.314	      0.000	     -0.000
 144.400	    462.506	   2807.505	    2807.505	      0.195	      0.000	      0.000
 144.800	    462.510	   2807.510	    2807.510	      0.565	      0.000	      0.000
 145.200	    462.520	   2807.520	    2807.520	      1.349	      0.000	      0.000
 145.600	    462.538	   2807.538	    2807.538	      1.786	      0.000	      0.000
 146.000	    462.561	   2807.560	    2807.560	      2.069	      0.000	      0.000
 146.400	    462.588	   2807.587	    2807.587	      2.451	      0.000	      0.001
 146.800	    462.617	   2807.616	    2807.616	      2.773	      0.000	      0.001
 147.200	    462.651	   2807.650	    2807.650	      3.138	      0.000	      0.001
 147.600	    462.691	   2807.690	    2807.690	      3.565	      0.000	      0.001
 148.000	    462.737	   2807.736	    2807.736	      4.126	      0.000	      0.002
 148.400	    462.786	   2807.784	    2807.784	      4.208	      0.000	      0.002
 148.800	    462.836	   2807.835	    2807.835	      4.277	      0.000	      0.002
 149.200	    462.884	   2807.883	    2807.883	      4.230	      0.000	      0.002
 149.600	    462.933	   2807.932	    2807.932	      4.199	      0.000	      0.002
 150.000	    462.983	   2807.981	    2807.981	      4.193	      0.000	      0.002
 150.400	    463.034	   2808.032	    2808.032	      4.331	      0.000	      0.002
 150.800	    463.082	   2808.080	    2808.080	      3.983	      0.000	      0.001
 151.200	    463.127	   2808.125	    2808.125	      3.652	      0.000	      0.001
 151.600	    463.165	   2808.164	    2808.164	      3.214	      0.000	      0.001
 152.000	    463.200	   2808.199	    2808.199	      2.848	      0.000	      0.001
 152.400	    463.232	   2808.231	    2808.231	      2.519	      0.000	      0.001
 152.800	    463.261	   2808.260	    2808.260	      2.345	      0.000	      0.001
 153.200	    463.284	   2808.284	    2808.284	      1.714	      0.000	      0.000
 153.600	    463.301	   2808.301	    2808.301	      1.142	      0.000	      0.000
 154.000	    463.309	   2808.309	    2808.309	      0.460	      0.000	      0.000
 154.400	    463.311	   2808.311	    2808.311	     -0.065	      0.000	     -0.000
 154.800	    463.308	   2808.308	    2808.308	     -0.483	      0.000	     -0.000
 155.200	    463.302	   2808.302	    2808.302	     -0.672	      0.000	     -0.000
 155.600	    463.290	   2808.290	    2808.290	     -1.252	      0.000	     -0.000
 156.000	    463.273	   2808.273	    2808.273	     -1.692	      0.000	     -0.000
 156.400	    463.249	   2808.250	    2808.250	     -2.180	      0.000	     -0.000
 156.800	    463.222	   2808.222	    2808.222	     -2.430	      0.000	     -0.001
 157.200	    463.193	   2808.194	    2808.194	     -2.542	      0.000	     -0.001
 157.600	    463.164	   2808.165	    2808.165	     -2.387	      0.000	     -0.000
 158.000	    463.134	   2808.135	    2808.135	     -2.617	      0.000	     -0.001
 158.400	    463.104	   2808.104	    2808.104	     -2.688	      0.000	     -0.001
 158.800	    463.071	   2808.072	    2808.072	     -2.814	      0.000	     -0.001
 159.200	    463.038	   2808.039	    2808.039	     -2.683	      0.000	     -0.001
 159.600	    463.009	   2808.010	    2808.010	     -2.411	      0.000	     -0.001
 160.000	    462.984	   2807.984	    2807.984	     -1.857	      0.000	     -0.000
 160.400	    462.963	   2807.963	    2807.963	     -1.711	      0.000	     -0.000
 160.800	    462.945	   2807.945	    2807.945	     -1.418	      0.000	     -0.000
 161.200	    462.929	   2807.929	    2807.929	     -1.217	      0.000	     -0.000
 161.600	    462.917	   2807.917	    2807.917	     -0.765	      0.000	     -0.000
 162.000	    462.912	   2807.912	    2807.912	     -0.235	      0.000	     -0.000
 162.400	    462.913	   2807.913	    2807.913	      0.525	      0.000	      0.000
 162.800	    462.920	   2807.920	    2807.920	      0.783	      0.000	      0.000
 163.200	    462.932	   2807.932	    2807.932	      1.120	      0.000	      0.000
 163.600	    462.946	   2807.946	    2807.946	      1.277	      0.000	      0.000
 164.000	    462.963	   2807.963	    2807.963	      1.636	      0.000	      0.000
 164.400	    462.985	   2807.984	    2807.984	      2.009	      0.000	      0.000
 164.800	    463.011	   2808.010	    2808.010	      2.600	      0.000	      0.001
 165.200	    463.041	   2808.041	    2808.041	      2.629	      0.000	      0.001
 165.600	    463.073	   2808.072	    2808.072	      2.700	      0.000	      0.001
 166.000	    463.104	   2808.103	    2808.103	      2.547	      0.000	      0.001
 166.400	    463.134	   2808.133	    2808.133	      2.575	      0.000	      0.001
 166.800	    463.164	   2808.164	    2808.164	      2.593	      0.000	      0.001
 167.200	    463.195	   2808.194	    2808.194	      2.811	      0.000	      0.001
 167.600	    463.225	   2808.224	    2808.224	      2.409	      0.000	      0.001
 168.000	    463.251	   2808.251	    2808.251	      2.048	      0.000	      0.000
 168.400	    463.272	   2808.272	    2808.272	      1.468	      0.000	      0.000
 168.800	    463.287	   2808.287	    2808.287	      1.081	      0.000	      0.000
 169.200	    463.298	   2808.298	    2808.298	      0.743	      0.000	      0.000
 169.600	    463.305	   2808.305	    2808.305	      0.697	      0.000	      0.000
 170.000	    463.308	   2808.308	    2808.308	      0.036	      0.000	      0.000
 170.400	    463.306	   2808.306	    2808.306	     -0.507	      0.000	     -0.000
 170.800	    463.297	   2808.297	    2808.297	     -1.012	      0.000	     -0.000
 171.200	    463.279	   2808.280	    2808.280	     -1.694	      0.000	     -0.000
 171.600	    463.258	   2808.258	    2808.258	     -2.063	      0.000	     -0.000
 172.000	    463.231	   2808.232	    2808.232	     -2.388	      0.000	     -0.000
 172.400	    463.202	   2808.203	    2808.203	     -2.720	      0.000	     -0.001
 172.800	    463.168	   2808.169	    2808.169	     -3.168	      0.000	     -0.001
 173.200	    463.129	   2808.130	    2808.130	     -3.508	      0.000	     -0.001
 173.600	    463.083	   2808.085	    2808.085	     -3.962	      0.000	     -0.001
 174.000	    463.037	   2808.038	    2808.038	     -4.037	      0.000	     -0.001
 174.400	    462.989	   2807.991	    2807.991	     -4.007	      0.000	     -0.001
 174.800	    462.944	   2807.945	    2807.945	     -3.933	      0.000	     -0.001
 175.200	    462.898	   2807.900	    2807.900	     -3.957	      0.000	     -0.001
 175.600	    462.852	   2807.853	    2807.853	     -3.880	      0.000	     -0.001
 176.000	    462.805	   2807.806	    2807.806	     -3.957	      0.000	     -0.001
 176.400	    462.761	   2807.762	    2807.762	     -3.638	      0.000	     -0.001
 176.800	    462.721	   2807.722	    2807.722	     -3.261	      0.000	     -0.001
 177.200	    462.686	   2807.687	    2807.687	     -2.867	      0.000	     -0.001
 177.600	    462.654	   2807.655	    2807.655	     -2.620	      0.000	     -0.001
 178.000	    462.626	   2807.626	    2807.626	     -2.261	      0.000	     -0.000
 178.400	    462.599	   2807.600	    2807.600	     -2.100	      0.000	     -0.000
 178.800	    462.578	   2807.579	    2807.579	     -1.560	      0.000	     -0.000
 179.200	    462.563	   2807.563	    2807.563	     -0.996	      0.000	     -0.000
 179.600	    462.555	   2807.555	    2807.555	     -0.454	      0.000	     -0.000
 180.000	    462.552	   2807.552	    2807.552	     -0.147	      0.000	     -0.000
 180.400	    462.552	   2807.552	    2807.552	      0.206	      0.000	      0.000
 180.800	    462.554	   2807.554	    2807.554	      0.249	      0.000	      0.000
 181.200	    462.560	   2807.560	    2807.560	      0.606	      0.000	      0.000
 181.600	    462.569	   2807.569	    2807.569	      0.956	      0.000	      0.000
 182.000	    462.582	   2807.581	    2807.581	      1.219	      0.000	      0.000
 182.400	    462.596	   2807.596	    2807.596	      1.210	      0.000	      0.000
 182.800	    462.610	   2807.610	    2807.610	      1.247	      0.000	      0.000
 183.200	    462.623	   2807.623	    2807.623	      0.969	      0.000	      0.000
 183.600	    462.635	   2807.635	    2807.635	      1.018	      0.000	      0.000
 184.000	    462.647	   2807.646	    2807.646	      1.036	      0.000	      0.000
 184.400	    462.658	   2807.658	    2807.658	      0.989	      0.000	      0.000
 184.800	    462.668	   2807.668	    2807.668	      0.636	      0.000	      0.000
 185.200	    462.673	   2807.673	    2807.673	      0.309	      0.000	      0.000
 185.600	    462.673	   2807.673	    2807.673	     -0.347	      0.000	     -0.000
 186.000	    462.667	   2807.667	    2807.667	     -0.642	      0.000	     -0.000
 186.400	    462.658	   2807.658	    2807.658	     -0.937	      0.000	     -0.000
 186.800	    462.645	   2807.645	    2807.645	     -1.212	      0.000	     -0.000
 187.200	    462.627	   2807.628	    2807.628	     -1.772	      0.000	     -0.000
 187.600	    462.604	   2807.604	    2807.604	     -2.206	      0.000	     -0.000
 188.000	    462.574	   2807.575	    2807.575	     -2.893	      0.000	     -0.001
 188.400	    462.539	   2807.540	    2807.540	     -3.147	      0.000	     -0.001
 188.800	    462.501	   2807.501	    2807.501	     -3.352	      0.000	     -0.001
 189.200	    462.460	   2807.461	    2807.461	     -3.490	      0.000	     -0.001
 189.600	    462.417	   2807.418	    2807.418	     -3.892	      0.000	     -0.001
 190.000	    462.369	   2807.371	    2807.371	     -4.145	      0.000	     -0.001
 190.400	    462.318	   2807.320	    2807.320	     -4.655	      0.000	     -0.002
 190.800	    462.263	   2807.265	    2807.265	     -4.697	      0.000	     -0.002
 191.200	    462.209	   2807.211	    2807.211	     -4.638	      0.000	     -0.002
 191.600	    462.155	   2807.156	    2807.156	     -4.435	      0.000	     -0.002
 192.000	    462.103	   2807.105	    2807.105	     -4.488	      0.000	     -0.002
 192.400	    462.051	   2807.053	    2807.053	     -4.367	      0.000	     -0.002
 192.800	    462.000	   2807.002	    2807.002	     -4.459	      0.000	     -0.002
 193.200	    461.950	   2806.952	    2806.952	     -4.112	      0.000	     -0.001
 193.600	    461.905	   2806.906	    2806.906	     -3.682	      0.000	     -0.001
 194.000	    461.864	   2806.865	    2806.865	     -3.096	      0.000	     -0.001
 194.400	    461.829	   2806.830	    2806.830	     -2.932	      0.000	     -0.001
 194.800	    461.797	   2806.797	    2806.797	     -2.592	      0.000	     -0.001
 195.200	    461.767	   2806.768	    2806.768	     -2.346	      0.000	     -0.000
 195.600	    461.741	   2806.741	    2806.741	     -2.093	      0.000	     -0.000
 196.000	    461.719	   2806.720	    2806.720	     -1.571	      0.000	     -0.000
 196.400	    461.703	   2806.703	    2806.703	     -1.196	      0.000	     -0.000
 196.800	    461.693	   2806.693	    2806.693	     -0.716	      0.000	     -0.000
 197.200	    461.687	   2806.687	    2806.687	     -0.377	      0.000	     -0.000
 197.600	    461.684	   2806.684	    2806.684	     -0.179	      0.000	     -0.000
 198.000	    461.682	   2806.682	    2806.682	     -0.014	      0.000	     -0.000
 198.400	    461.684	   2806.684	    2806.684	      0.364	      0.000	      0.000
 198.800	    461.689	   2806.688	    2806.688	      0.524	      0.000	      0.000
 199.200	    461.697	   2806.697	    2806.697	      0.735	      0.000	      0.000
 199.600	    461.706	   2806.706	    2806.706	      0.743	      0.000	      0.000
 200.000	    461.713	   2806.713	    2806.713	      0.597	      0.000	      0.000
 200.400	    461.718	   2806.718	    2806.718	      0.383	      0.000	      0.000
 200.800	    461.723	   2806.723	    2806.723	      0.409	      0.000	      0.000
 201.200	    461.727	   2806.727	    2806.727	      0.272	      0.000	      0.000
 201.600	    461.731	   2806.731	    2806.731	      0.207	      0.000	      0.000
 202.000	    461.731	   2806.731	    2806.731	     -0.051	      0.000	     -0.000
 202.400	    461.728	   2806.728	    2806.728	     -0.430	      0.000	     -0.000
 202.800	    461.720	   2806.720	    2806.720	     -0.893	      0.000	     -0.000
 203.200	    461.709	   2806.709	    2806.709	     -1.058	      0.000	     -0.000
 203.600	    461.694	   2806.694	    2806.694	     -1.382	      0.000	     -0.000
 204.000	    461.677	   2806.678	    2806.678	     -1.616	      0.000	     -0.000
 204.400	    461.656	   2806.656	    2806.656	     -2.017	      0.000	     -0.000
 204.800	    461.629	   2806.630	    2806.630	     -2.481	      0.000	     -0.001
 205.200	    461.597	   2806.598	    2806.598	     -2.991	      0.000	     -0.001
 205.600	    461.561	   2806.562	    2806.562	     -3.121	      0.000	     -0.001
 206.000	    461.523	   2806.524	    2806.524	     -3.328	      0.000	     -0.001
 206.400	    461.484	   2806.485	    2806.485	     -3.363	      0.000	     -0.001
 206.800	    461.444	   2806.445	    2806.445	     -3.548	      0.000	     -0.001
 207.200	    461.401	   2806.402	    2806.402	     -3.759	      0.000	     -0.001
 207.600	    461.355	   2806.356	    2806.356	     -4.010	      0.000	     -0.001
 208.000	    461.309	   2806.310	    2806.310	     -3.861	      0.000	     -0.001
 208.400	    461.264	   2806.266	    2806.266	     -3.773	      0.000	     -0.001
 208.800	    461.222	   2806.223	    2806.223	     -3.527	      0.000	     -0.001
 209.200	    461.181	   2806.182	    2806.182	     -3.448	      0.000	     -0.001
 209.600	    461.141	   2806.142	    2806.142	     -3.372	      0.000	     -0.001
 210.000	    461.102	   2806.103	    2806.103	     -3.351	      0.000	     -0.001
 210.400	    461.066	   2806.067	    2806.067	     -2.899	      0.000	     -0.001
 210.800	    461.034	   2806.035	    2806.035	     -2.523	      0.000	     -0.001
 211.200	    461.008	   2806.009	    2806.009	     -1.976	      0.000	     -0.000
 211.600	    460.987	   2805.987	    2805.987	     -1.647	      0.000	     -0.000
 212.000	    460.969	   2805.970	    2805.970	     -1.364	      0.000	     -0.000
 212.400	    460.955	   2805.955	    2805.955	     -1.205	      0.000	     -0.000
 212.800	    460.944	   2805.944	    2805.944	     -0.654	      0.000	     -0.000
 213.200	    460.939	   2805.939	    2805.939	     -0.250	      0.000	     -0.000
 213.600	    460.939	   2805.939	    2805.939	      0.296	      0.000	      0.000
 214.000	    460.944	   2805.944	    2805.944	      0.538	      0.000	      0.000
 214.400	    460.951	   2805.951	    2805.951	      0.707	      0.000	      0.000
 214.800	    460.960	   2805.960	    2805.960	      0.726	      0.000	      0.000
 215.200	    460.971	   2805.971	    2805.971	      1.114	      0.000	      0.000
 215.600	    460.985	   2805.985	    2805.985	      1.340	      0.000	      0.000
 216.000	    461.003	   2806.003	    2806.003	      1.698	      0.000	      0.000
 216.400	    461.023	   2806.022	    2806.022	      1.709	      0.000	      0.000
 216.800	    461.042	   2806.042	    2806.042	      1.629	      0.000	      0.000
 217.200	    461.060	   2806.060	    2806.060	      1.364	      0.000	      0.000
 217.600	    461.077	   2806.077	    2806.077	      1.431	      0.000	      0.000
 218.000	    461.093	   2806.093	    2806.093	      1.347	      0.000	      0.000
 218.400	    461.108	   2806.108	    2806.108	      1.429	      0.000	      0.000
 218.800	    461.123	   2806.122	    2806.122	      1.093	      0.000	      0.000
 219.200	    461.133	   2806.133	    2806.133	      0.727	      0.000	      0.000
 219.600	    461.140	   2806.140	    2806.140	      0.376	      0.000	      0.000
 220.000	    461.141	   2806.141	    2806.141	      0.082	      0.000	      0.000
 220.400	    461.140	   2806.140	    2806.140	     -0.148	      0.000	     -0.000
 220.800	    461.137	   2806.137	    2806.137	     -0.415	      0.000	     -0.000
 221.200	    461.133	   2806.133	    2806.133	     -0.568	      0.000	     -0.000
 221.600	    461.123	   2806.123	    2806.123	     -0.959	      0.000	     -0.000
 222.000	    461.110	   2806.110	    2806.110	     -1.307	      0.000	     -0.000
 222.400	    461.092	   2806.092	    2806.092	     -1.575	      0.000	     -0.000
 222.800	    461.073	   2806.073	    2806.073	     -1.731	      0.000	     -0.000
 223.200	    461.051	   2806.052	    2806.052	     -1.891	      0.000	     -0.000
 223.600	    461.030	   2806.031	    2806.031	     -1.894	      0.000	     -0.000
 224.000	    461.006	   2806.007	    2806.007	     -2.110	      0.000	     -0.000
 224.400	    460.981	   2805.981	    2805.981	     -2.238	      0.000	     -0.000
 224.800	    460.954	   2805.954	    2805.954	     -2.264	      0.000	     -0.000
 225.200	    460.928	   2805.928	    2805.928	     -2.106	      0.000	     -0.000
 225.600	    460.905	   2805.905	    2805.905	     -1.941	      0.000	     -0.000
 226.000	    460.885	   2805.885	    2805.885	     -1.608	      0.000	     -0.000
 226.400	    460.866	   2805.866	    2805.866	     -1.517	      0.000	     -0.000
 226.800	    460.849	   2805.850	    2805.850	     -1.351	      0.000	     -0.000
 227.200	    460.834	   2805.834	    2805.834	     -1.138	      0.000	     -0.000
 227.600	    460.823	   2805.823	    2805.823	     -0.744	      0.000	     -0.000
 228.000	    460.817	   2805.817	    2805.817	     -0.367	      0.000	     -0.000
 228.400	    460.816	   2805.816	    2805.816	      0.159	      0.000	      0.000
 228.800	    460.819	   2805.819	    2805.819	      0.393	      0.000	      0.000
 229.200	    460.825	   2805.825	    2805.825	      0.688	      0.000	      0.000
 229.600	    460.835	   2805.835	    2805.835	      0.989	      0.000	      0.000
 230.000	    460.849	   2805.849	    2805.849	      1.461	      0.000	      0.000
 230.400	    460.869	   2805.869	    2805.869	      1.868	      0.000	      0.000
 230.800	    460.894	   2805.894	    2805.894	      2.373	      0.000	      0.001
 231.200	    460.922	   2805.922	    2805.922	      2.512	      0.000	      0.001
 231.600	    460.953	   2805.952	    2805.952	      2.655	      0.000	      0.001
 232.000	    460.984	   2805.984	    2805.984	      2.733	      0.000	      0.001
 232.400	    461.018	   2806.017	    2806.017	      2.966	      0.000	      0.001
 232.800	    461.053	   2806.053	    2806.053	      3.110	      0.000	      0.001
 233.200	    461.092	   2806.091	    2806.091	      3.361	      0.000	      0.001
 233.600	    461.130	   2806.129	    2806.129	      3.219	      0.000	      0.001
 234.000	    461.167	   2806.166	    2806.166	      3.079	      0.000	      0.001
 234.400	    461.201	   2806.201	    2806.201	      2.880	      0.000	      0.001
 234.800	    461.235	   2806.234	    2806.234	      2.857	      0.000	      0.001
 235.200	    461.268	   2806.267	    2806.267	      2.735	      0.000	      0.001
 235.600	    461.300	   2806.299	    2806.299	      2.730	      0.000	      0.001
 236.000	    461.329	   2806.328	    2806.328	      2.307	      0.000	      0.000
 236.400	    461.353	   2806.353	    2806.353	      1.911	      0.000	      0.000
 236.800	    461.373	   2806.373	    2806.373	      1.465	      0.000	      0.000
 237.200	    461.389	   2806.389	    2806.389	      1.250	      0.000	      0.000
 237.600	    461.402	   2806.402	    2806.402	      0.985	      0.000	      0.000
 238.000	    461.413	   2806.413	    2806.413	      0.929	      0.000	      0.000
 238.400	    461.421	   2806.421	    2806.421	      0.494	      0.000	      0.000
 238.800	    461.425	   2806.425	    2806.425	      0.132	      0.000	      0.000
 239.200	    461.425	   2806.425	    2806.425	     -0.244	      0.000	     -0.000
 239.600	    461.421	   2806.421	    2806.421	     -0.322	      0.000	     -0.000
 240.000	    461.417	   2806.417	    2806.417	     -0.449	      0.000	     -0.000
 240.400	    461.412	   2806.412	    2806.412	     -0.335	      0.000	     -0.000
 240.800	    461.406	   2806.406	    2806.406	     -0.603	      0.000	     -0.000
 241.200	    461.398	   2806.398	    2806.398	     -0.771	      0.000	     -0.000
 241.600	    461.389	   2806.389	    2806.389	     -0.929	      0.000	     -0.000
 242.000	    461.379	   2806.379	    2806.379	     -0.769	      0.000	     -0.000
 242.400	    461.371	   2806.371	    2806.371	     -0.611	      0.000	     -0.000
 242.800	    461.365	   2806.365	    2806.365	     -0.151	      0.000	     -0.000
 243.200	    461.364	   2806.364	    2806.364	     -0.116	      0.000	     -0.000
 243.600	    461.363	   2806.363	    2806.363	      0.034	      0.000	      0.000
 244.000	    461.365	   2806.365	    2806.365	      0.320	      0.000	      0.000
 244.400	    461.369	   2806.369	    2806.369	      0.568	      0.000	      0.000
 244.800	    461.378	   2806.378	    2806.378	      0.952	      0.000	      0.000
 245.200	    461.392	   2806.392	    2806.392	      1.342	      0.000	      0.000
 245.600	    461.411	   2806.410	    2806.410	      1.697	      0.000	      0.000
 246.000	    461.432	   2806.432	    2806.432	      1.914	      0.000	      0.000
 246.400	    461.456	   2806.456	    2806.456	      2.232	      0.000	      0.000
 246.800	    461.483	   2806.482	    2806.482	      2.493	      0.000	      0.001
 247.200	    461.514	   2806.514	    2806.514	      2.863	      0.000	      0.001
 247.600	    461.550	   2806.549	    2806.549	      3.232	      0.000	      0.001
 248.000	    461.591	   2806.589	    2806.589	      3.544	      0.000	      0.001
 248.400	    461.633	   2806.632	    2806.632	      3.639	      0.000	      0.001
 248.800	    461.676	   2806.675	    2806.675	      3.797	      0.000	      0.001
 249.200	    461.720	   2806.718	    2806.718	      3.819	      0.000	      0.001
 249.600	    461.765	   2806.764	    2806.764	      3.936	      0.000	      0.001
 250.000	    461.812	   2806.810	    2806.810	      4.013	      0.000	      0.001
 250.400	    461.859	   2806.858	    2806.858	      4.005	      0.000	      0.001
 250.800	    461.904	   2806.903	    2806.903	      3.762	      0.000	      0.001
 251.200	    461.948	   2806.946	    2806.946	      3.619	      0.000	      0.001
 251.600	    461.987	   2806.986	    2806.986	      3.339	      0.000	      0.001
 252.000	    462.026	   2807.025	    2807.025	      3.212	      0.000	      0.001
 252.400	    462.062	   2807.061	    2807.061	      3.070	      0.000	      0.001
 252.800	    462.097	   2807.096	    2807.096	      2.893	      0.000	      0.001
 253.200	    462.128	   2807.128	    2807.128	      2.470	      0.000	      0.001
 253.600	    462.155	   2807.155	    2807.155	      2.134	      0.000	      0.000
 254.000	    462.177	   2807.176	    2807.176	      1.680	      0.000	      0.000
 254.400	    462.195	   2807.195	    2807.195	      1.415	      0.000	      0.000
 254.800	    462.210	   2807.210	    2807.210	      1.175	      0.000	      0.000
 255.200	    462.222	   2807.222	    2807.222	      0.945	      0.000	      0.000
 255.600	    462.231	   2807.231	    2807.231	      0.500	      0.000	      0.000
 256.000	    462.235	   2807.235	    2807.235	      0.222	      0.000	      0.000
 256.400	    462.235	   2807.235	    2807.235	     -0.125	      0.000	     -0.000
 256.800	    462.233	   2807.233	    2807.233	     -0.213	      0.000	     -0.000
 257.200	    462.231	   2807.231	    2807.231	     -0.228	      0.000	     -0.000
 257.600	    462.228	   2807.228	    2807.228	     -0.200	      0.000	     -0.000
 258.000	    462.224	   2807.224	    2807.224	     -0.394	      0.000	     -0.000
 258.400	    462.220	   2807.220	    2807.220	     -0.427	      0.000	     -0.000
 258.800	    462.213	   2807.213	    2807.213	     -0.570	      0.000	     -0.000
 259.200	    462.208	   2807.208	    2807.208	     -0.411	      0.000	     -0.000
 259.600	    462.205	   2807.205	    2807.205	     -0.184	      0.000	     -0.000
 260.000	    462.204	   2807.204	    2807.204	      0.108	      0.000	      0.000
 260.400	    462.205	   2807.205	    2807.205	      0.149	      0.000	      0.000
 260.800	    462.208	   2807.208	    2807.208	      0.361	      0.000	      0.000
 261.200	    462.213	   2807.213	    2807.213	      0.474	      0.000	      0.000
 261.600	    462.221	   2807.221	    2807.221	      0.876	      0.000	      0.000
 262.000	    462.234	   2807.234	    2807.234	      1.303	      0.000	      0.000
 262.400	    462.252	   2807.252	    2807.252	      1.783	      0.000	      0.000
 262.800	    462.274	   2807.273	    2807.273	      1.923	      0.000	      0.000
 263.200	    462.298	   2807.297	    2807.297	      2.170	      0.000	      0.000
 263.600	    462.324	   2807.323	    2807.323	      2.246	      0.000	      0.000
 264.000	    462.353	   2807.352	    2807.352	      2.571	      0.000	      0.001
 264.400	    462.385	   2807.384	    2807.384	      2.900	      0.000	      0.001
 264.800	    462.420	   2807.419	    2807.419	      3.267	      0.000	      0.001
 265.200	    462.459	   2807.458	    2807.458	      3.246	      0.000	      0.001
 265.600	    462.497	   2807.496	    2807.496	      3.330	      0.000	      0.001
 266.000	    462.536	   2807.535	    2807.535	      3.219	      0.000	      0.001
 266.400	    462.575	   2807.574	    2807.574	      3.351	      0.000	      0.001
 266.800	    462.615	   2807.614	    2807.614	      3.456	      0.000	      0.001
 267.200	    462.655	   2807.654	    2807.654	      3.604	      0.000	      0.001
 267.600	    462.695	   2807.694	    2807.694	      3.279	      0.000	      0.001
 268.000	    462.732	   2807.731	    2807.731	      3.062	      0.000	      0.001
 268.400	    462.766	   2807.765	    2807.765	      2.777	      0.000	      0.001
 268.800	    462.796	   2807.795	    2807.795	      2.460	      0.000	      0.001
 269.200	    462.823	   2807.823	    2807.823	      2.297	      0.000	      0.000
 269.600	    462.848	   2807.848	    2807.848	      2.012	      0.000	      0.000
 270.000	    462.871	   2807.871	    2807.871	      1.699	      0.000	      0.000
 270.400	    462.889	   2807.889	    2807.889	      1.332	      0.000	      0.000
 270.800	    462.902	   2807.902	    2807.902	      0.951	      0.000	      0.000
 271.200	    462.910	   2807.910	    2807.910	      0.567	      0.000	      0.000
 271.600	    462.916	   2807.916	    2807.916	      0.388	      0.000	      0.000
 272.000	    462.918	   2807.918	    2807.918	      0.097	      0.000	      0.000
 272.400	    462.919	   2807.919	    2807.919	     -0.195	      0.000	     -0.000
 272.800	    462.915	   2807.915	    2807.915	     -0.514	      0.000	     -0.000
 273.200	    462.906	   2807.907	    2807.907	     -0.819	      0.000	     -0.000
 273.600	    462.895	   2807.895	    2807.895	     -1.110	      0.000	     -0.000
 274.000	    462.882	   2807.882	    2807.882	     -1.127	      0.000	     -0.000
 274.400	    462.868	   2807.868	    2807.868	     -1.211	      0.000	     -0.000
 274.800	    462.854	   2807.854	    2807.854	     -1.251	      0.000	     -0.000
 275.200	    462.839	   2807.839	    2807.839	     -1.311	      0.000	     -0.000
 275.600	    462.823	   2807.823	    2807.823	     -1.320	      0.000	     -0.000
 276.000	    462.807	   2807.807	    2807.807	     -1.328	      0.000	     -0.000
 276.400	    462.794	   2807.794	    2807.794	     -1.049	      0.000	     -0.000
 276.800	    462.782	   2807.782	    2807.782	     -0.854	      0.000	     -0.000
 277.200	    462.774	   2807.774	    2807.774	     -0.640	      0.000	     -0.000
 277.600	    462.768	   2807.768	    2807.768	     -0.494	      0.000	     -0.000
 278.000	    462.763	   2807.763	    2807.763	     -0.311	      0.000	     -0.000
 278.400	    462.759	   2807.759	    2807.759	     -0.174	      0.000	     -0.000
 278.800	    462.760	   2807.760	    2807.760	      0.251	      0.000	      0.000
 279.200	    462.764	   2807.764	    2807.764	      0.575	      0.000	      0.000
 279.600	    462.774	   2807.773	    2807.773	      0.899	      0.000	      0.000
 280.000	    462.785	   2807.785	    2807.785	      1.110	      0.000	      0.000
 280.400	    462.799	   2807.799	    2807.799	      1.319	      0.000	      0.000
 280.800	    462.815	   2807.815	    2807.815	      1.427	      0.000	      0.000
 281.200	    462.834	   2807.834	    2807.834	      1.800	      0.000	      0.000
 281.600	    462.856	   2807.856	    2807.856	      2.021	      0.000	      0.000
 282.000	    462.881	   2807.881	    2807.881	      2.201	      0.000	      0.000
 282.400	    462.907	   2807.907	    2807.907	      2.201	      0.000	      0.000
 282.800	    462.932	   2807.932	    2807.932	      2.168	      0.000	      0.000
 283.200	    462.957	   2807.956	    2807.956	      2.000	      0.000	      0.000
 283.600	    462.981	   2807.981	    2807.981	      2.117	      0.000	      0.000
 284.000	    463.005	   2808.005	    2808.005	      2.074	      0.000	      0.000
 284.400	    463.029	   2808.029	    2808.029	      2.017	      0.000	      0.000
 284.800	    463.051	   2808.051	    2808.051	      1.757	      0.000	      0.000
 285.200	    463.070	   2808.070	    2808.070	      1.481	      0.000	      0.000
 285.600	    463.085	   2808.085	    2808.085	      1.058	      0.000	      0.000
 286.000	    463.097	   2808.097	    2808.097	      0.959	      0.000	      0.000
 286.400	    463.107	   2808.107	    2808.107	      0.710	      0.000	      0.000
 286.800	    463.113	   2808.113	    2808.113	      0.474	      0.000	      0.000
 287.200	    463.116	   2808.116	    2808.116	      0.027	      0.000	      0.000
 287.600	    463.114	   2808.114	    2808.114	     -0.399	      0.000	     -0.000
 288.000	    463.107	   2808.107	    2808.107	     -0.941	      0.000	     -0.000
 288.400	    463.095	   2808.095	    2808.095	     -1.085	      0.000	     -0.000
 288.800	    463.081	   2808.081	    2808.081	     -1.323	      0.000	     -0.000
 289.200	    463.064	   2808.064	    2808.064	     -1.477	      0.000	     -0.000
 289.600	    463.045	   2808.045	    2808.045	     -1.822	      0.000	     -0.000
 290.000	    463.021	   2808.022	    2808.022	     -2.101	      0.000	     -0.000
 290.400	    462.995	   2807.996	    2807.996	     -2.473	      0.000	     -0.001
 290.800	    462.967	   2807.967	    2807.967	     -2.444	      0.000	     -0.001
 291.200	    462.938	   2807.938	    2807.938	     -2.471	      0.000	     -0.001
 291.600	    462.909	   2807.909	    2807.909	     -2.355	      0.000	     -0.001
 292.000	    462.880	   2807.881	    2807.881	     -2.528	      0.000	     -0.001
 292.400	    462.850	   2807.851	    2807.851	     -2.560	      0.000	     -0.001
 292.800	    462.820	   2807.821	    2807.821	     -2.554	      0.000	     -0.001
 293.200	    462.791	   2807.791	    2807.791	     -2.376	      0.000	     -0.000
 293.600	    462.765	   2807.765	    2807.765	     -2.109	      0.000	     -0.000
 294.000	    462.741	   2807.742	    2807.742	     -1.928	      0.000	     -0.000
 294.400	    462.722	   2807.722	    2807.722	     -1.628	      0.000	     -0.000
 294.800	    462.704	   2807.704	    2807.704	     -1.432	      0.000	     -0.000
 295.200	    462.688	   2807.688	    2807.688	     -1.255	      0.000	     -0.000
 295.600	    462.675	   2807.675	    2807.675	     -0.954	      0.000	     -0.000
 296.000	    462.665	   2807.666	    2807.666	     -0.597	      0.000	     -0.000
 296.400	    462.660	   2807.660	    2807.660	     -0.372	      0.000	     -0.000
 296.800	    462.659	   2807.659	    2807.659	     -0.061	      0.000	     -0.000
 297.200	    462.659	   2807.659	    2807.659	      0.105	      0.000	      0.000
 297.600	    462.661	   2807.661	    2807.661	      0.248	      0.000	      0.000
 298.000	    462.664	   2807.664	    2807.664	      0.465	      0.000	      0.000
 298.400	    462.671	   2807.671	    2807.671	      0.740	      0.000	      0.000
 298.800	    462.681	   2807.681	    2807.681	      0.847	      0.000	      0.000
 299.200	    462.692	   2807.692	    2807.692	      1.002	      0.000	      0.000
 299.600	    462.704	   2807.704	    2807.704	      0.958	      0.000	      0.000
 300.000	    462.714	   2807.714	    2807.714	      0.854	      0.000	      0.000
