    时间	    汇点水头	    大井水位	    升管水位	    大井流量	    升管流量	    底板压差
   0.000	      0.283	   2345.283	    2345.283	      0.000	      0.000	      0.000
   0.400	      0.281	   2345.281	    2345.281	      0.182	      0.000	      0.000
   0.800	      0.282	   2345.282	    2345.282	     -0.028	      0.000	     -0.000
   1.200	      0.281	   2345.281	    2345.281	      0.027	      0.000	      0.000
   1.600	      0.282	   2345.282	    2345.282	     -0.190	      0.000	     -0.000
   2.000	      0.282	   2345.282	    2345.282	      0.155	      0.000	      0.000
   2.400	      0.281	   2345.281	    2345.281	     -0.070	      0.000	     -0.000
   2.800	      0.280	   2345.280	    2345.280	     -0.046	      0.000	     -0.000
   3.200	      0.278	   2345.279	    2345.279	     -0.294	      0.000	     -0.000
   3.600	      0.278	   2345.278	    2345.278	     -0.003	      0.000	     -0.000
   4.000	      0.273	   2345.273	    2345.273	     -0.086	      0.000	     -0.000
   4.400	      0.268	   2345.268	    2345.268	     -0.567	      0.000	     -0.000
   4.800	      0.261	   2345.261	    2345.261	     -0.519	      0.000	     -0.000
   5.200	      0.252	   2345.252	    2345.252	     -0.773	      0.000	     -0.000
   5.600	      0.238	   2345.238	    2345.238	     -0.807	      0.000	     -0.000
   6.000	      0.220	   2345.220	    2345.220	     -1.293	      0.000	     -0.000
   6.400	      0.198	   2345.198	    2345.198	     -1.592	      0.000	     -0.000
   6.800	      0.169	   2345.170	    2345.170	     -2.201	      0.000	     -0.001
   7.200	      0.135	   2345.136	    2345.136	     -2.334	      0.000	     -0.001
   7.600	      0.090	   2345.091	    2345.091	     -2.862	      0.000	     -0.001
   8.000	      0.038	   2345.040	    2345.040	     -3.815	      0.000	     -0.002
   8.400	     -0.025	   2344.978	    2344.978	     -4.272	      0.000	     -0.003
   8.800	     -0.098	   2344.906	    2344.906	     -5.047	      0.000	     -0.004
   9.200	     -0.183	   2344.822	    2344.822	     -5.637	      0.000	     -0.005
   9.600	     -0.283	   2344.725	    2344.725	     -6.816	      0.000	     -0.007
  10.000	     -0.394	   2344.615	    2344.615	     -7.548	      0.000	     -0.009
  10.400	     -0.522	   2344.489	    2344.489	     -8.549	      0.000	     -0.011
  10.800	     -0.664	   2344.350	    2344.350	     -9.353	      0.000	     -0.014
  11.200	     -0.824	   2344.193	    2344.193	    -10.345	      0.000	     -0.017
  11.600	     -0.999	   2344.022	    2344.022	    -11.704	      0.000	     -0.021
  12.000	     -1.190	   2343.835	    2343.835	    -12.532	      0.000	     -0.025
  12.400	     -1.397	   2343.632	    2343.632	    -13.587	      0.000	     -0.029
  12.800	     -1.620	   2343.413	    2343.413	    -14.374	      0.000	     -0.032
  13.200	     -1.859	   2343.179	    2343.179	    -15.588	      0.000	     -0.038
  13.600	     -2.108	   2342.933	    2342.933	    -16.257	      0.000	     -0.041
  14.000	     -2.372	   2342.674	    2342.674	    -17.017	      0.000	     -0.045
  14.400	     -2.643	   2342.405	    2342.405	    -17.459	      0.000	     -0.048
  14.800	     -2.925	   2342.126	    2342.126	    -18.066	      0.000	     -0.051
  15.200	     -3.211	   2341.843	    2341.843	    -18.596	      0.000	     -0.054
  15.600	     -3.499	   2341.554	    2341.554	    -18.457	      0.000	     -0.054
  16.000	     -3.790	   2341.265	    2341.265	    -18.638	      0.000	     -0.055
  16.400	     -4.077	   2340.976	    2340.976	    -18.294	      0.000	     -0.053
  16.800	     -4.361	   2340.691	    2340.691	    -18.238	      0.000	     -0.052
  17.200	     -4.634	   2340.415	    2340.415	    -17.547	      0.000	     -0.049
  17.600	     -4.899	   2340.146	    2340.146	    -16.832	      0.000	     -0.045
  18.000	     -5.147	   2339.892	    2339.892	    -15.748	      0.000	     -0.039
  18.400	     -5.382	   2339.652	    2339.652	    -14.758	      0.000	     -0.034
  18.800	     -5.596	   2339.433	    2339.433	    -13.655	      0.000	     -0.029
  19.200	     -5.788	   2339.234	    2339.234	    -11.876	      0.000	     -0.022
  19.600	     -5.958	   2339.060	    2339.060	    -10.404	      0.000	     -0.017
  20.000	     -6.100	   2338.911	    2338.911	     -8.574	      0.000	     -0.012
  20.400	     -6.215	   2338.793	    2338.793	     -6.802	      0.000	     -0.007
  20.800	     -6.298	   2338.706	    2338.706	     -4.472	      0.000	     -0.003
  21.200	     -6.351	   2338.650	    2338.650	     -2.444	      0.000	     -0.001
  21.600	     -6.370	   2338.630	    2338.630	     -0.035	      0.000	     -0.000
  22.000	     -6.355	   2338.645	    2338.645	      2.154	      0.000	      0.001
  22.400	     -6.300	   2338.697	    2338.697	      4.304	      0.000	      0.003
  22.800	     -6.208	   2338.784	    2338.784	      6.949	      0.000	      0.007
  23.200	     -6.079	   2338.908	    2338.908	      9.076	      0.000	      0.013
  23.600	     -5.914	   2339.066	    2339.066	     11.324	      0.000	      0.020
  24.000	     -5.713	   2339.259	    2339.259	     13.280	      0.000	      0.028
  24.400	     -5.478	   2339.484	    2339.484	     15.527	      0.000	      0.038
  24.800	     -5.217	   2339.737	    2339.737	     17.214	      0.000	      0.046
  25.200	     -4.926	   2340.019	    2340.019	     18.863	      0.000	      0.056
  25.600	     -4.613	   2340.323	    2340.323	     20.288	      0.000	      0.065
  26.000	     -4.279	   2340.649	    2340.649	     21.415	      0.000	      0.072
  26.400	     -3.931	   2340.989	    2340.989	     22.539	      0.000	      0.080
  26.800	     -3.574	   2341.343	    2341.343	     23.059	      0.000	      0.083
  27.200	     -3.208	   2341.706	    2341.706	     23.481	      0.000	      0.087
  27.600	     -2.841	   2342.072	    2342.072	     23.455	      0.000	      0.086
  28.000	     -2.474	   2342.439	    2342.439	     23.562	      0.000	      0.087
  28.400	     -2.117	   2342.800	    2342.800	     23.008	      0.000	      0.083
  28.800	     -1.768	   2343.153	    2343.153	     22.314	      0.000	      0.078
  29.200	     -1.435	   2343.493	    2343.493	     21.354	      0.000	      0.072
  29.600	     -1.120	   2343.816	    2343.816	     20.083	      0.000	      0.064
  30.000	     -0.826	   2344.118	    2344.118	     18.826	      0.000	      0.056
  30.400	     -0.559	   2344.396	    2344.396	     16.904	      0.000	      0.045
  30.800	     -0.316	   2344.647	    2344.647	     15.209	      0.000	      0.037
  31.200	     -0.104	   2344.868	    2344.868	     13.193	      0.000	      0.028
  31.600	      0.078	   2345.058	    2345.058	     11.218	      0.000	      0.020
  32.000	      0.225	   2345.212	    2345.212	      8.901	      0.000	      0.013
  32.400	      0.341	   2345.334	    2345.334	      6.632	      0.000	      0.007
  32.800	      0.422	   2345.419	    2345.419	      4.363	      0.000	      0.003
  33.200	      0.470	   2345.470	    2345.470	      2.057	      0.000	      0.001
  33.600	      0.484	   2345.484	    2345.484	      0.032	      0.000	      0.000
  34.000	      0.465	   2345.466	    2345.466	     -2.369	      0.000	     -0.001
  34.400	      0.413	   2345.416	    2345.416	     -4.248	      0.000	     -0.003
  34.800	      0.329	   2345.335	    2345.335	     -6.124	      0.000	     -0.006
  35.200	      0.217	   2345.226	    2345.226	     -7.673	      0.000	     -0.009
  35.600	      0.079	   2345.093	    2345.093	     -9.374	      0.000	     -0.014
  36.000	     -0.078	   2344.940	    2344.940	    -10.517	      0.000	     -0.017
  36.400	     -0.253	   2344.767	    2344.767	    -11.392	      0.000	     -0.020
  36.800	     -0.441	   2344.583	    2344.583	    -12.282	      0.000	     -0.024
  37.200	     -0.638	   2344.387	    2344.387	    -12.551	      0.000	     -0.025
  37.600	     -0.838	   2344.188	    2344.188	    -12.992	      0.000	     -0.027
  38.000	     -1.036	   2343.989	    2343.989	    -12.740	      0.000	     -0.026
  38.400	     -1.230	   2343.794	    2343.794	    -12.325	      0.000	     -0.024
  38.800	     -1.414	   2343.607	    2343.607	    -11.508	      0.000	     -0.021
  39.200	     -1.586	   2343.433	    2343.433	    -10.776	      0.000	     -0.018
  39.600	     -1.737	   2343.277	    2343.277	     -9.474	      0.000	     -0.014
  40.000	     -1.870	   2343.140	    2343.140	     -7.897	      0.000	     -0.010
  40.400	     -1.978	   2343.028	    2343.028	     -6.378	      0.000	     -0.006
  40.800	     -2.060	   2342.943	    2342.943	     -4.481	      0.000	     -0.003
  41.200	     -2.113	   2342.888	    2342.888	     -2.633	      0.000	     -0.001
  41.600	     -2.134	   2342.866	    2342.866	     -0.270	      0.000	     -0.000
  42.000	     -2.122	   2342.877	    2342.877	      1.873	      0.000	      0.001
  42.400	     -2.073	   2342.925	    2342.925	      4.307	      0.000	      0.003
  42.800	     -1.986	   2343.007	    2343.007	      6.421	      0.000	      0.006
  43.200	     -1.860	   2343.128	    2343.128	      8.850	      0.000	      0.012
  43.600	     -1.696	   2343.284	    2343.284	     11.296	      0.000	      0.020
  44.000	     -1.497	   2343.475	    2343.475	     13.398	      0.000	      0.028
  44.400	     -1.262	   2343.700	    2343.700	     15.566	      0.000	      0.038
  44.800	     -0.995	   2343.958	    2343.958	     17.406	      0.000	      0.047
  45.200	     -0.695	   2344.245	    2344.245	     19.453	      0.000	      0.059
  45.600	     -0.372	   2344.559	    2344.559	     20.989	      0.000	      0.069
  46.000	     -0.024	   2344.897	    2344.897	     22.397	      0.000	      0.079
  46.400	      0.341	   2345.254	    2345.254	     23.456	      0.000	      0.086
  46.800	      0.724	   2345.629	    2345.629	     24.556	      0.000	      0.095
  47.200	      1.115	   2346.015	    2346.015	     25.242	      0.000	      0.100
  47.600	      1.511	   2346.409	    2346.409	     25.495	      0.000	      0.102
  48.000	      1.910	   2346.807	    2346.807	     25.606	      0.000	      0.103
  48.400	      2.304	   2347.204	    2347.204	     25.265	      0.000	      0.100
  48.800	      2.694	   2347.596	    2347.596	     25.010	      0.000	      0.099
  49.200	      3.069	   2347.977	    2347.977	     24.175	      0.000	      0.092
  49.600	      3.431	   2348.346	    2348.346	     23.149	      0.000	      0.085
  50.000	      3.771	   2348.696	    2348.696	     21.778	      0.000	      0.075
  50.400	      4.092	   2349.026	    2349.026	     20.463	      0.000	      0.066
  50.800	      4.386	   2349.330	    2349.330	     18.791	      0.000	      0.056
  51.200	      4.650	   2349.606	    2349.606	     16.662	      0.000	      0.044
  51.600	      4.885	   2349.851	    2349.851	     14.711	      0.000	      0.034
  52.000	      5.087	   2350.063	    2350.063	     12.452	      0.000	      0.025
  52.400	      5.255	   2350.239	    2350.239	     10.244	      0.000	      0.017
  52.800	      5.387	   2350.377	    2350.377	      7.756	      0.000	      0.010
  53.200	      5.483	   2350.479	    2350.479	      5.246	      0.000	      0.004
  53.600	      5.542	   2350.541	    2350.541	      2.640	      0.000	      0.001
  54.000	      5.565	   2350.565	    2350.565	      0.325	      0.000	      0.000
  54.400	      5.548	   2350.548	    2350.548	     -2.097	      0.000	     -0.001
  54.800	      5.492	   2350.495	    2350.495	     -4.730	      0.000	     -0.003
  55.200	      5.398	   2350.406	    2350.406	     -6.916	      0.000	     -0.007
  55.600	      5.268	   2350.281	    2350.281	     -9.120	      0.000	     -0.013
  56.000	      5.104	   2350.123	    2350.123	    -11.017	      0.000	     -0.019
  56.400	      4.909	   2349.935	    2349.935	    -13.036	      0.000	     -0.027
  56.800	      4.688	   2349.721	    2349.721	    -14.611	      0.000	     -0.033
  57.200	      4.442	   2349.482	    2349.482	    -16.026	      0.000	     -0.040
  57.600	      4.179	   2349.224	    2349.224	    -17.106	      0.000	     -0.046
  58.000	      3.898	   2348.949	    2348.949	    -17.974	      0.000	     -0.051
  58.400	      3.606	   2348.662	    2348.662	    -18.882	      0.000	     -0.056
  58.800	      3.309	   2348.367	    2348.367	    -19.160	      0.000	     -0.058
  59.200	      3.008	   2348.067	    2348.067	    -19.306	      0.000	     -0.059
  59.600	      2.711	   2347.768	    2347.768	    -19.049	      0.000	     -0.057
  60.000	      2.416	   2347.472	    2347.472	    -18.842	      0.000	     -0.056
  60.400	      2.133	   2347.185	    2347.185	    -18.145	      0.000	     -0.052
  60.800	      1.862	   2346.909	    2346.909	    -17.263	      0.000	     -0.047
  61.200	      1.609	   2346.650	    2346.650	    -16.088	      0.000	     -0.041
  61.600	      1.372	   2346.407	    2346.407	    -14.863	      0.000	     -0.035
  62.000	      1.158	   2346.187	    2346.187	    -13.564	      0.000	     -0.029
  62.400	      0.968	   2345.990	    2345.990	    -11.761	      0.000	     -0.022
  62.800	      0.802	   2345.819	    2345.819	    -10.149	      0.000	     -0.016
  63.200	      0.664	   2345.675	    2345.675	     -8.217	      0.000	     -0.011
  63.600	      0.552	   2345.559	    2345.559	     -6.549	      0.000	     -0.007
  64.000	      0.471	   2345.474	    2345.474	     -4.596	      0.000	     -0.003
  64.400	      0.416	   2345.417	    2345.417	     -2.671	      0.000	     -0.001
  64.800	      0.391	   2345.391	    2345.391	     -0.710	      0.000	     -0.000
  65.200	      0.392	   2345.392	    2345.392	      1.047	      0.000	      0.000
  65.600	      0.423	   2345.422	    2345.422	      2.631	      0.000	      0.001
  66.000	      0.481	   2345.478	    2345.478	      4.465	      0.000	      0.003
  66.400	      0.562	   2345.557	    2345.557	      5.848	      0.000	      0.005
  66.800	      0.667	   2345.659	    2345.659	      7.185	      0.000	      0.008
  67.200	      0.790	   2345.779	    2345.779	      8.213	      0.000	      0.011
  67.600	      0.930	   2345.916	    2345.916	      9.279	      0.000	      0.014
  68.000	      1.080	   2346.065	    2346.065	      9.938	      0.000	      0.016
  68.400	      1.241	   2346.224	    2346.224	     10.514	      0.000	      0.017
  68.800	      1.406	   2346.388	    2346.388	     10.677	      0.000	      0.018
  69.200	      1.572	   2346.554	    2346.554	     10.538	      0.000	      0.017
  69.600	      1.736	   2346.719	    2346.719	     10.523	      0.000	      0.017
  70.000	      1.893	   2346.877	    2346.877	      9.963	      0.000	      0.016
  70.400	      2.041	   2347.027	    2347.027	      9.263	      0.000	      0.014
  70.800	      2.175	   2347.164	    2347.164	      8.239	      0.000	      0.011
  71.200	      2.294	   2347.286	    2347.286	      7.255	      0.000	      0.008
  71.600	      2.392	   2347.387	    2347.387	      5.891	      0.000	      0.006
  72.000	      2.470	   2347.467	    2347.467	      4.382	      0.000	      0.003
  72.400	      2.524	   2347.522	    2347.522	      2.742	      0.000	      0.001
  72.800	      2.552	   2347.552	    2347.552	      0.917	      0.000	      0.000
  73.200	      2.552	   2347.552	    2347.552	     -0.823	      0.000	     -0.000
  73.600	      2.521	   2347.522	    2347.522	     -2.854	      0.000	     -0.001
  74.000	      2.459	   2347.462	    2347.462	     -4.881	      0.000	     -0.004
  74.400	      2.363	   2347.370	    2347.370	     -6.999	      0.000	     -0.008
  74.800	      2.236	   2347.248	    2347.248	     -8.859	      0.000	     -0.012
  75.200	      2.074	   2347.093	    2347.093	    -10.869	      0.000	     -0.018
  75.600	      1.883	   2346.909	    2346.909	    -12.802	      0.000	     -0.026
  76.000	      1.662	   2346.695	    2346.695	    -14.600	      0.000	     -0.033
  76.400	      1.414	   2346.456	    2346.456	    -16.313	      0.000	     -0.042
  76.800	      1.141	   2346.190	    2346.190	    -17.710	      0.000	     -0.049
  77.200	      0.844	   2345.902	    2345.902	    -19.240	      0.000	     -0.058
  77.600	      0.529	   2345.594	    2345.594	    -20.350	      0.000	     -0.065
  78.000	      0.199	   2345.270	    2345.270	    -21.324	      0.000	     -0.071
  78.400	     -0.143	   2344.933	    2344.933	    -22.001	      0.000	     -0.076
  78.800	     -0.496	   2344.584	    2344.584	    -22.545	      0.000	     -0.080
  79.200	     -0.851	   2344.231	    2344.231	    -22.884	      0.000	     -0.082
  79.600	     -1.208	   2343.874	    2343.874	    -22.926	      0.000	     -0.083
  80.000	     -1.562	   2343.519	    2343.519	    -22.757	      0.000	     -0.082
  80.400	     -1.909	   2343.168	    2343.168	    -22.201	      0.000	     -0.078
  80.800	     -2.249	   2342.826	    2342.826	    -21.720	      0.000	     -0.074
  81.200	     -2.572	   2342.496	    2342.496	    -20.792	      0.000	     -0.068
  81.600	     -2.881	   2342.181	    2342.181	    -19.706	      0.000	     -0.061
  82.000	     -3.169	   2341.884	    2341.884	    -18.364	      0.000	     -0.053
  82.400	     -3.438	   2341.608	    2341.608	    -17.027	      0.000	     -0.046
  82.800	     -3.681	   2341.356	    2341.356	    -15.397	      0.000	     -0.038
  83.200	     -3.899	   2341.130	    2341.130	    -13.575	      0.000	     -0.029
  83.600	     -4.089	   2340.933	    2340.933	    -11.804	      0.000	     -0.022
  84.000	     -4.251	   2340.764	    2340.764	     -9.718	      0.000	     -0.015
  84.400	     -4.383	   2340.627	    2340.627	     -7.892	      0.000	     -0.010
  84.800	     -4.484	   2340.521	    2340.521	     -5.784	      0.000	     -0.005
  85.200	     -4.555	   2340.447	    2340.447	     -3.690	      0.000	     -0.002
  85.600	     -4.594	   2340.406	    2340.406	     -1.554	      0.000	     -0.000
  86.000	     -4.604	   2340.396	    2340.396	      0.359	      0.000	      0.000
  86.400	     -4.580	   2340.419	    2340.419	      2.353	      0.000	      0.001
  86.800	     -4.527	   2340.471	    2340.471	      4.341	      0.000	      0.003
  87.200	     -4.443	   2340.551	    2340.551	      6.049	      0.000	      0.006
  87.600	     -4.332	   2340.658	    2340.658	      7.752	      0.000	      0.009
  88.000	     -4.196	   2340.791	    2340.791	      9.150	      0.000	      0.013
  88.400	     -4.037	   2340.945	    2340.945	     10.615	      0.000	      0.018
  88.800	     -3.860	   2341.118	    2341.118	     11.734	      0.000	      0.022
  89.200	     -3.666	   2341.309	    2341.309	     12.775	      0.000	      0.026
  89.600	     -3.460	   2341.512	    2341.512	     13.393	      0.000	      0.028
  90.000	     -3.243	   2341.726	    2341.726	     13.956	      0.000	      0.031
  90.400	     -3.021	   2341.947	    2341.947	     14.393	      0.000	      0.033
  90.800	     -2.797	   2342.171	    2342.171	     14.435	      0.000	      0.033
  91.200	     -2.573	   2342.395	    2342.395	     14.368	      0.000	      0.033
  91.600	     -2.354	   2342.616	    2342.616	     13.953	      0.000	      0.031
  92.000	     -2.140	   2342.831	    2342.831	     13.582	      0.000	      0.029
  92.400	     -1.938	   2343.036	    2343.036	     12.854	      0.000	      0.026
  92.800	     -1.748	   2343.229	    2343.229	     11.973	      0.000	      0.023
  93.200	     -1.574	   2343.407	    2343.407	     10.883	      0.000	      0.019
  93.600	     -1.415	   2343.569	    2343.569	      9.800	      0.000	      0.015
  94.000	     -1.277	   2343.711	    2343.711	      8.558	      0.000	      0.012
  94.400	     -1.160	   2343.832	    2343.832	      7.108	      0.000	      0.008
  94.800	     -1.064	   2343.931	    2343.931	      5.652	      0.000	      0.005
  95.200	     -0.990	   2344.007	    2344.007	      4.032	      0.000	      0.003
  95.600	     -0.939	   2344.060	    2344.060	      2.636	      0.000	      0.001
  96.000	     -0.912	   2344.088	    2344.088	      1.067	      0.000	      0.000
  96.400	     -0.908	   2344.092	    2344.092	     -0.476	      0.000	     -0.000
  96.800	     -0.928	   2344.073	    2344.073	     -2.003	      0.000	     -0.001
  97.200	     -0.969	   2344.033	    2344.033	     -3.299	      0.000	     -0.002
  97.600	     -1.033	   2343.970	    2343.970	     -4.542	      0.000	     -0.003
  98.000	     -1.116	   2343.889	    2343.889	     -5.864	      0.000	     -0.005
  98.400	     -1.217	   2343.791	    2343.791	     -6.820	      0.000	     -0.007
  98.800	     -1.332	   2343.677	    2343.677	     -7.734	      0.000	     -0.009
  99.200	     -1.459	   2343.552	    2343.552	     -8.355	      0.000	     -0.011
  99.600	     -1.596	   2343.416	    2343.416	     -8.889	      0.000	     -0.012
 100.000	     -1.739	   2343.275	    2343.275	     -9.270	      0.000	     -0.014
 100.400	     -1.885	   2343.129	    2343.129	     -9.456	      0.000	     -0.014
 100.800	     -2.030	   2342.984	    2342.984	     -9.273	      0.000	     -0.014
 101.200	     -2.172	   2342.841	    2342.841	     -8.937	      0.000	     -0.013
 101.600	     -2.308	   2342.704	    2342.704	     -8.613	      0.000	     -0.012
 102.000	     -2.434	   2342.576	    2342.576	     -7.863	      0.000	     -0.010
 102.400	     -2.548	   2342.460	    2342.460	     -7.017	      0.000	     -0.008
 102.800	     -2.646	   2342.359	    2342.359	     -5.890	      0.000	     -0.006
 103.200	     -2.728	   2342.275	    2342.275	     -4.784	      0.000	     -0.004
 103.600	     -2.790	   2342.212	    2342.212	     -3.421	      0.000	     -0.002
 104.000	     -2.830	   2342.171	    2342.171	     -1.930	      0.000	     -0.001
 104.400	     -2.847	   2342.153	    2342.153	     -0.294	      0.000	     -0.000
 104.800	     -2.839	   2342.160	    2342.160	      1.447	      0.000	      0.000
 105.200	     -2.804	   2342.195	    2342.195	      3.005	      0.000	      0.001
 105.600	     -2.740	   2342.257	    2342.257	      4.853	      0.000	      0.004
 106.000	     -2.647	   2342.346	    2342.346	      6.642	      0.000	      0.007
 106.400	     -2.525	   2342.464	    2342.464	      8.507	      0.000	      0.011
 106.800	     -2.376	   2342.608	    2342.608	     10.141	      0.000	      0.016
 107.200	     -2.198	   2342.780	    2342.780	     11.831	      0.000	      0.022
 107.600	     -1.995	   2342.977	    2342.977	     13.454	      0.000	      0.028
 108.000	     -1.766	   2343.198	    2343.198	     14.988	      0.000	      0.035
 108.400	     -1.517	   2343.441	    2343.441	     16.323	      0.000	      0.042
 108.800	     -1.248	   2343.705	    2343.705	     17.425	      0.000	      0.048
 109.200	     -0.960	   2343.985	    2343.985	     18.598	      0.000	      0.054
 109.600	     -0.660	   2344.281	    2344.281	     19.407	      0.000	      0.059
 110.000	     -0.348	   2344.588	    2344.588	     20.171	      0.000	      0.064
 110.400	     -0.029	   2344.904	    2344.904	     20.513	      0.000	      0.066
 110.800	      0.295	   2345.227	    2345.227	     20.787	      0.000	      0.068
 111.200	      0.620	   2345.551	    2345.551	     20.884	      0.000	      0.069
 111.600	      0.944	   2345.876	    2345.876	     20.781	      0.000	      0.068
 112.000	      1.261	   2346.195	    2346.195	     20.392	      0.000	      0.066
 112.400	      1.570	   2346.508	    2346.508	     19.732	      0.000	      0.061
 112.800	      1.869	   2346.811	    2346.811	     19.121	      0.000	      0.058
 113.200	      2.153	   2347.101	    2347.101	     18.143	      0.000	      0.052
 113.600	      2.421	   2347.375	    2347.375	     17.054	      0.000	      0.046
 114.000	      2.669	   2347.630	    2347.630	     15.743	      0.000	      0.039
 114.400	      2.898	   2347.866	    2347.866	     14.417	      0.000	      0.033
 114.800	      3.104	   2348.078	    2348.078	     12.902	      0.000	      0.026
 115.200	      3.286	   2348.266	    2348.266	     11.353	      0.000	      0.020
 115.600	      3.443	   2348.428	    2348.428	      9.606	      0.000	      0.015
 116.000	      3.574	   2348.564	    2348.564	      7.761	      0.000	      0.010
 116.400	      3.679	   2348.673	    2348.673	      6.125	      0.000	      0.006
 116.800	      3.756	   2348.753	    2348.753	      4.291	      0.000	      0.003
 117.200	      3.807	   2348.806	    2348.806	      2.499	      0.000	      0.001
 117.600	      3.831	   2348.831	    2348.831	      0.684	      0.000	      0.000
 118.000	      3.829	   2348.829	    2348.829	     -0.943	      0.000	     -0.000
 118.400	      3.800	   2348.801	    2348.801	     -2.570	      0.000	     -0.001
 118.800	      3.746	   2348.749	    2348.749	     -4.126	      0.000	     -0.003
 119.200	      3.668	   2348.673	    2348.673	     -5.544	      0.000	     -0.005
 119.600	      3.570	   2348.577	    2348.577	     -6.870	      0.000	     -0.007
 120.000	      3.452	   2348.462	    2348.462	     -7.913	      0.000	     -0.010
 120.400	      3.317	   2348.329	    2348.329	     -8.919	      0.000	     -0.012
 120.800	      3.169	   2348.184	    2348.184	     -9.765	      0.000	     -0.015
 121.200	      3.009	   2348.027	    2348.027	    -10.455	      0.000	     -0.017
 121.600	      2.843	   2347.862	    2347.862	    -10.817	      0.000	     -0.018
 122.000	      2.671	   2347.690	    2347.690	    -11.072	      0.000	     -0.019
 122.400	      2.497	   2347.517	    2347.517	    -11.185	      0.000	     -0.020
 122.800	      2.324	   2347.343	    2347.343	    -11.076	      0.000	     -0.019
 123.200	      2.155	   2347.174	    2347.174	    -10.808	      0.000	     -0.018
 123.600	      1.993	   2347.009	    2347.009	    -10.248	      0.000	     -0.017
 124.000	      1.838	   2346.853	    2346.853	     -9.726	      0.000	     -0.015
 124.400	      1.696	   2346.708	    2346.708	     -8.931	      0.000	     -0.013
 124.800	      1.566	   2346.576	    2346.576	     -8.024	      0.000	     -0.010
 125.200	      1.452	   2346.460	    2346.460	     -6.958	      0.000	     -0.008
 125.600	      1.354	   2346.359	    2346.359	     -5.811	      0.000	     -0.005
 126.000	      1.274	   2346.278	    2346.278	     -4.668	      0.000	     -0.003
 126.400	      1.213	   2346.215	    2346.215	     -3.395	      0.000	     -0.002
 126.800	      1.172	   2346.173	    2346.173	     -2.089	      0.000	     -0.001
 127.200	      1.151	   2346.151	    2346.151	     -0.651	      0.000	     -0.000
 127.600	      1.150	   2346.150	    2346.150	      0.569	      0.000	      0.000
 128.000	      1.170	   2346.170	    2346.170	      1.898	      0.000	      0.001
 128.400	      1.211	   2346.209	    2346.209	      3.176	      0.000	      0.002
 128.800	      1.271	   2346.268	    2346.268	      4.411	      0.000	      0.003
 129.200	      1.349	   2346.345	    2346.345	      5.460	      0.000	      0.005
 129.600	      1.445	   2346.438	    2346.438	      6.445	      0.000	      0.006
 130.000	      1.554	   2346.546	    2346.546	      7.366	      0.000	      0.009
 130.400	      1.676	   2346.666	    2346.666	      8.040	      0.000	      0.010
 130.800	      1.807	   2346.796	    2346.796	      8.724	      0.000	      0.012
 131.200	      1.946	   2346.933	    2346.933	      8.988	      0.000	      0.013
 131.600	      2.089	   2347.076	    2347.076	      9.233	      0.000	      0.013
 132.000	      2.234	   2347.220	    2347.220	      9.311	      0.000	      0.014
 132.400	      2.378	   2347.365	    2347.365	      9.221	      0.000	      0.013
 132.800	      2.517	   2347.505	    2347.505	      8.837	      0.000	      0.012
 133.200	      2.650	   2347.639	    2347.639	      8.325	      0.000	      0.011
 133.600	      2.774	   2347.764	    2347.764	      7.721	      0.000	      0.010
 134.000	      2.885	   2347.877	    2347.877	      6.841	      0.000	      0.007
 134.400	      2.982	   2347.976	    2347.976	      5.884	      0.000	      0.005
 134.800	      3.062	   2348.059	    2348.059	      4.665	      0.000	      0.003
 135.200	      3.125	   2348.123	    2348.123	      3.465	      0.000	      0.002
 135.600	      3.166	   2348.165	    2348.165	      2.076	      0.000	      0.001
 136.000	      3.186	   2348.186	    2348.186	      0.655	      0.000	      0.000
 136.400	      3.183	   2348.183	    2348.183	     -0.993	      0.000	     -0.000
 136.800	      3.155	   2348.156	    2348.156	     -2.618	      0.000	     -0.001
 137.200	      3.100	   2348.103	    2348.103	     -4.183	      0.000	     -0.003
 137.600	      3.019	   2348.025	    2348.025	     -5.873	      0.000	     -0.005
 138.000	      2.911	   2347.920	    2347.920	     -7.495	      0.000	     -0.009
 138.400	      2.778	   2347.791	    2347.791	     -9.182	      0.000	     -0.013
 138.800	      2.619	   2347.637	    2347.637	    -10.648	      0.000	     -0.018
 139.200	      2.436	   2347.459	    2347.459	    -12.120	      0.000	     -0.023
 139.600	      2.231	   2347.260	    2347.260	    -13.509	      0.000	     -0.029
 140.000	      2.005	   2347.039	    2347.039	    -14.796	      0.000	     -0.034
 140.400	      1.762	   2346.801	    2346.801	    -15.880	      0.000	     -0.040
 140.800	      1.502	   2346.546	    2346.546	    -16.811	      0.000	     -0.044
 141.200	      1.228	   2346.277	    2346.277	    -17.638	      0.000	     -0.049
 141.600	      0.945	   2345.997	    2345.997	    -18.285	      0.000	     -0.053
 142.000	      0.653	   2345.709	    2345.709	    -18.819	      0.000	     -0.056
 142.400	      0.358	   2345.415	    2345.415	    -19.005	      0.000	     -0.057
 142.800	      0.060	   2345.117	    2345.117	    -19.091	      0.000	     -0.057
 143.200	     -0.236	   2344.821	    2344.821	    -19.028	      0.000	     -0.057
 143.600	     -0.529	   2344.526	    2344.526	    -18.783	      0.000	     -0.056
 144.000	     -0.814	   2344.239	    2344.239	    -18.279	      0.000	     -0.053
 144.400	     -1.090	   2343.959	    2343.959	    -17.610	      0.000	     -0.049
 144.800	     -1.355	   2343.690	    2343.690	    -16.904	      0.000	     -0.045
 145.200	     -1.606	   2343.434	    2343.434	    -15.924	      0.000	     -0.040
 145.600	     -1.840	   2343.195	    2343.195	    -14.876	      0.000	     -0.035
 146.000	     -2.056	   2342.973	    2342.973	    -13.630	      0.000	     -0.029
 146.400	     -2.254	   2342.770	    2342.770	    -12.311	      0.000	     -0.024
 146.800	     -2.430	   2342.589	    2342.589	    -10.984	      0.000	     -0.019
 147.200	     -2.585	   2342.429	    2342.429	     -9.562	      0.000	     -0.015
 147.600	     -2.717	   2342.293	    2342.293	     -8.003	      0.000	     -0.010
 148.000	     -2.826	   2342.180	    2342.180	     -6.423	      0.000	     -0.006
 148.400	     -2.913	   2342.091	    2342.091	     -4.972	      0.000	     -0.004
 148.800	     -2.975	   2342.027	    2342.027	     -3.399	      0.000	     -0.002
 149.200	     -3.015	   2341.986	    2341.986	     -1.901	      0.000	     -0.001
 149.600	     -3.032	   2341.968	    2341.968	     -0.384	      0.000	     -0.000
 150.000	     -3.028	   2341.972	    2341.972	      0.969	      0.000	      0.000
 150.400	     -3.001	   2341.998	    2341.998	      2.272	      0.000	      0.001
 150.800	     -2.955	   2342.043	    2342.043	      3.501	      0.000	      0.002
 151.200	     -2.890	   2342.106	    2342.106	      4.626	      0.000	      0.003
 151.600	     -2.809	   2342.186	    2342.186	      5.658	      0.000	      0.005
 152.000	     -2.715	   2342.279	    2342.279	      6.375	      0.000	      0.006
 152.400	     -2.607	   2342.385	    2342.385	      7.098	      0.000	      0.008
 152.800	     -2.491	   2342.500	    2342.500	      7.635	      0.000	      0.009
 153.200	     -2.368	   2342.622	    2342.622	      8.068	      0.000	      0.010
 153.600	     -2.241	   2342.748	    2342.748	      8.223	      0.000	      0.011
 154.000	     -2.112	   2342.877	    2342.877	      8.261	      0.000	      0.011
 154.400	     -1.984	   2343.006	    2343.006	      8.185	      0.000	      0.011
 154.800	     -1.859	   2343.131	    2343.131	      7.953	      0.000	      0.010
 155.200	     -1.740	   2343.251	    2343.251	      7.540	      0.000	      0.009
 155.600	     -1.628	   2343.364	    2343.364	      6.929	      0.000	      0.008
 156.000	     -1.525	   2343.468	    2343.468	      6.336	      0.000	      0.006
 156.400	     -1.435	   2343.560	    2343.560	      5.526	      0.000	      0.005
 156.800	     -1.357	   2343.640	    2343.640	      4.710	      0.000	      0.004
 157.200	     -1.294	   2343.704	    2343.704	      3.655	      0.000	      0.002
 157.600	     -1.245	   2343.754	    2343.754	      2.598	      0.000	      0.001
 158.000	     -1.214	   2343.786	    2343.786	      1.546	      0.000	      0.000
 158.400	     -1.199	   2343.801	    2343.801	      0.449	      0.000	      0.000
 158.800	     -1.201	   2343.799	    2343.799	     -0.715	      0.000	     -0.000
 159.200	     -1.222	   2343.779	    2343.779	     -1.925	      0.000	     -0.001
 159.600	     -1.260	   2343.741	    2343.741	     -2.952	      0.000	     -0.001
 160.000	     -1.316	   2343.686	    2343.686	     -4.047	      0.000	     -0.003
 160.400	     -1.389	   2343.615	    2343.615	     -5.055	      0.000	     -0.004
 160.800	     -1.477	   2343.529	    2343.529	     -6.025	      0.000	     -0.006
 161.200	     -1.578	   2343.429	    2343.429	     -6.840	      0.000	     -0.007
 161.600	     -1.692	   2343.317	    2343.317	     -7.556	      0.000	     -0.009
 162.000	     -1.816	   2343.194	    2343.194	     -8.117	      0.000	     -0.010
 162.400	     -1.948	   2343.063	    2343.063	     -8.633	      0.000	     -0.012
 162.800	     -2.087	   2342.926	    2342.926	     -9.027	      0.000	     -0.013
 163.200	     -2.228	   2342.785	    2342.785	     -9.097	      0.000	     -0.013
 163.600	     -2.370	   2342.643	    2342.643	     -9.123	      0.000	     -0.013
 164.000	     -2.511	   2342.502	    2342.502	     -8.984	      0.000	     -0.013
 164.400	     -2.648	   2342.364	    2342.364	     -8.713	      0.000	     -0.012
 164.800	     -2.778	   2342.233	    2342.233	     -8.207	      0.000	     -0.011
 165.200	     -2.900	   2342.109	    2342.109	     -7.564	      0.000	     -0.009
 165.600	     -3.010	   2341.997	    2341.997	     -6.812	      0.000	     -0.007
 166.000	     -3.107	   2341.898	    2341.898	     -5.904	      0.000	     -0.005
 166.400	     -3.189	   2341.814	    2341.814	     -4.893	      0.000	     -0.004
 166.800	     -3.254	   2341.748	    2341.748	     -3.666	      0.000	     -0.002
 167.200	     -3.301	   2341.700	    2341.700	     -2.404	      0.000	     -0.001
 167.600	     -3.328	   2341.672	    2341.672	     -1.099	      0.000	     -0.000
 168.000	     -3.334	   2341.666	    2341.666	      0.279	      0.000	      0.000
 168.400	     -3.317	   2341.682	    2341.682	      1.794	      0.000	      0.000
 168.800	     -3.277	   2341.722	    2341.722	      3.319	      0.000	      0.002
 169.200	     -3.212	   2341.785	    2341.785	      4.795	      0.000	      0.004
 169.600	     -3.123	   2341.871	    2341.871	      6.292	      0.000	      0.006
 170.000	     -3.010	   2341.981	    2341.981	      7.756	      0.000	      0.009
 170.400	     -2.873	   2342.113	    2342.113	      9.259	      0.000	      0.013
 170.800	     -2.716	   2342.267	    2342.267	     10.564	      0.000	      0.017
 171.200	     -2.536	   2342.442	    2342.442	     11.845	      0.000	      0.022
 171.600	     -2.338	   2342.635	    2342.635	     13.024	      0.000	      0.027
 172.000	     -2.122	   2342.847	    2342.847	     14.103	      0.000	      0.031
 172.400	     -1.891	   2343.073	    2343.073	     15.071	      0.000	      0.036
 172.800	     -1.648	   2343.313	    2343.313	     15.792	      0.000	      0.039
 173.200	     -1.393	   2343.564	    2343.564	     16.418	      0.000	      0.042
 173.600	     -1.131	   2343.824	    2343.824	     16.892	      0.000	      0.045
 174.000	     -0.863	   2344.090	    2344.090	     17.279	      0.000	      0.047
 174.400	     -0.594	   2344.359	    2344.359	     17.352	      0.000	      0.047
 174.800	     -0.323	   2344.629	    2344.629	     17.328	      0.000	      0.047
 175.200	     -0.056	   2344.898	    2344.898	     17.156	      0.000	      0.046
 175.600	      0.207	   2345.163	    2345.163	     16.830	      0.000	      0.045
 176.000	      0.462	   2345.420	    2345.420	     16.307	      0.000	      0.042
 176.400	      0.708	   2345.669	    2345.669	     15.635	      0.000	      0.039
 176.800	      0.942	   2345.907	    2345.907	     14.874	      0.000	      0.035
 177.200	      1.162	   2346.131	    2346.131	     13.939	      0.000	      0.031
 177.600	      1.367	   2346.340	    2346.340	     13.002	      0.000	      0.027
 178.000	      1.555	   2346.533	    2346.533	     11.785	      0.000	      0.022
 178.400	      1.725	   2346.707	    2346.707	     10.578	      0.000	      0.018
 178.800	      1.876	   2346.862	    2346.862	      9.336	      0.000	      0.014
 179.200	      2.008	   2346.997	    2346.997	      8.047	      0.000	      0.010
 179.600	      2.119	   2347.111	    2347.111	      6.667	      0.000	      0.007
 180.000	      2.209	   2347.205	    2347.205	      5.280	      0.000	      0.004
 180.400	      2.280	   2347.277	    2347.277	      3.963	      0.000	      0.003
 180.800	      2.329	   2347.328	    2347.328	      2.616	      0.000	      0.001
 181.200	      2.359	   2347.359	    2347.359	      1.352	      0.000	      0.000
 181.600	      2.370	   2347.370	    2347.370	      0.062	      0.000	      0.000
 182.000	      2.362	   2347.362	    2347.362	     -1.072	      0.000	     -0.000
 182.400	      2.336	   2347.337	    2347.337	     -2.142	      0.000	     -0.001
 182.800	      2.294	   2347.296	    2347.296	     -3.077	      0.000	     -0.001
 183.200	      2.237	   2347.240	    2347.240	     -4.001	      0.000	     -0.002
 183.600	      2.168	   2347.172	    2347.172	     -4.770	      0.000	     -0.004
 184.000	      2.089	   2347.093	    2347.093	     -5.333	      0.000	     -0.004
 184.400	      2.001	   2347.006	    2347.006	     -5.812	      0.000	     -0.005
 184.800	      1.907	   2346.913	    2346.913	     -6.132	      0.000	     -0.006
 185.200	      1.809	   2346.816	    2346.816	     -6.374	      0.000	     -0.006
 185.600	      1.710	   2346.717	    2346.717	     -6.372	      0.000	     -0.006
 186.000	      1.612	   2346.618	    2346.618	     -6.259	      0.000	     -0.006
 186.400	      1.516	   2346.522	    2346.522	     -6.035	      0.000	     -0.006
 186.800	      1.426	   2346.431	    2346.431	     -5.683	      0.000	     -0.005
 187.200	      1.342	   2346.347	    2346.347	     -5.181	      0.000	     -0.004
 187.600	      1.267	   2346.271	    2346.271	     -4.544	      0.000	     -0.003
 188.000	      1.203	   2346.205	    2346.205	     -3.821	      0.000	     -0.002
 188.400	      1.150	   2346.151	    2346.151	     -3.034	      0.000	     -0.001
 188.800	      1.110	   2346.111	    2346.111	     -2.206	      0.000	     -0.001
 189.200	      1.084	   2346.084	    2346.084	     -1.210	      0.000	     -0.000
 189.600	      1.073	   2346.073	    2346.073	     -0.200	      0.000	     -0.000
 190.000	      1.077	   2346.077	    2346.077	      0.789	      0.000	      0.000
 190.400	      1.098	   2346.098	    2346.098	      1.801	      0.000	      0.000
 190.800	      1.136	   2346.134	    2346.134	      2.850	      0.000	      0.001
 191.200	      1.189	   2346.186	    2346.186	      3.888	      0.000	      0.002
 191.600	      1.258	   2346.254	    2346.254	      4.813	      0.000	      0.004
 192.000	      1.342	   2346.336	    2346.336	      5.748	      0.000	      0.005
 192.400	      1.439	   2346.433	    2346.433	      6.571	      0.000	      0.007
 192.800	      1.550	   2346.541	    2346.541	      7.360	      0.000	      0.008
 193.200	      1.671	   2346.660	    2346.660	      8.055	      0.000	      0.010
 193.600	      1.801	   2346.790	    2346.790	      8.543	      0.000	      0.011
 194.000	      1.938	   2346.926	    2346.926	      8.947	      0.000	      0.013
 194.400	      2.082	   2347.068	    2347.068	      9.269	      0.000	      0.014
 194.800	      2.228	   2347.214	    2347.214	      9.462	      0.000	      0.014
 195.200	      2.375	   2347.361	    2347.361	      9.417	      0.000	      0.014
 195.600	      2.520	   2347.507	    2347.507	      9.299	      0.000	      0.014
 196.000	      2.662	   2347.650	    2347.650	      9.013	      0.000	      0.013
 196.400	      2.799	   2347.787	    2347.787	      8.623	      0.000	      0.012
 196.800	      2.927	   2347.916	    2347.916	      8.040	      0.000	      0.010
 197.200	      3.045	   2348.036	    2348.036	      7.315	      0.000	      0.008
 197.600	      3.151	   2348.144	    2348.144	      6.494	      0.000	      0.007
 198.000	      3.243	   2348.238	    2348.238	      5.554	      0.000	      0.005
 198.400	      3.319	   2348.316	    2348.316	      4.547	      0.000	      0.003
 198.800	      3.379	   2348.377	    2348.377	      3.308	      0.000	      0.002
 199.200	      3.420	   2348.420	    2348.420	      2.086	      0.000	      0.001
 199.600	      3.442	   2348.442	    2348.442	      0.787	      0.000	      0.000
 200.000	      3.444	   2348.444	    2348.444	     -0.526	      0.000	     -0.000
 200.400	      3.424	   2348.424	    2348.424	     -1.946	      0.000	     -0.001
 200.800	      3.382	   2348.383	    2348.383	     -3.377	      0.000	     -0.002
 201.200	      3.317	   2348.320	    2348.320	     -4.754	      0.000	     -0.004
 201.600	      3.230	   2348.236	    2348.236	     -6.119	      0.000	     -0.006
 202.000	      3.121	   2348.130	    2348.130	     -7.463	      0.000	     -0.009
 202.400	      2.991	   2348.003	    2348.003	     -8.793	      0.000	     -0.012
 202.800	      2.842	   2347.858	    2347.858	     -9.960	      0.000	     -0.016
 203.200	      2.674	   2347.694	    2347.694	    -11.094	      0.000	     -0.019
 203.600	      2.490	   2347.513	    2347.513	    -12.059	      0.000	     -0.023
 204.000	      2.291	   2347.317	    2347.317	    -13.021	      0.000	     -0.027
 204.400	      2.079	   2347.109	    2347.109	    -13.827	      0.000	     -0.030
 204.800	      1.856	   2346.889	    2346.889	    -14.436	      0.000	     -0.033
 205.200	      1.625	   2346.660	    2346.660	    -14.918	      0.000	     -0.035
 205.600	      1.388	   2346.425	    2346.425	    -15.290	      0.000	     -0.037
 206.000	      1.147	   2346.185	    2346.185	    -15.542	      0.000	     -0.038
 206.400	      0.905	   2345.943	    2345.943	    -15.541	      0.000	     -0.038
 206.800	      0.664	   2345.702	    2345.702	    -15.452	      0.000	     -0.038
 207.200	      0.426	   2345.463	    2345.463	    -15.208	      0.000	     -0.036
 207.600	      0.194	   2345.229	    2345.229	    -14.846	      0.000	     -0.035
 208.000	     -0.030	   2345.002	    2345.002	    -14.330	      0.000	     -0.032
 208.400	     -0.245	   2344.784	    2344.784	    -13.672	      0.000	     -0.029
 208.800	     -0.449	   2344.577	    2344.577	    -12.883	      0.000	     -0.026
 209.200	     -0.641	   2344.382	    2344.382	    -12.071	      0.000	     -0.023
 209.600	     -0.818	   2344.202	    2344.202	    -11.170	      0.000	     -0.020
 210.000	     -0.979	   2344.037	    2344.037	    -10.088	      0.000	     -0.016
 210.400	     -1.125	   2343.888	    2343.888	     -9.003	      0.000	     -0.013
 210.800	     -1.254	   2343.756	    2343.756	     -7.886	      0.000	     -0.010
 211.200	     -1.365	   2343.642	    2343.642	     -6.753	      0.000	     -0.007
 211.600	     -1.458	   2343.547	    2343.547	     -5.569	      0.000	     -0.005
 212.000	     -1.534	   2343.469	    2343.469	     -4.375	      0.000	     -0.003
 212.400	     -1.592	   2343.410	    2343.410	     -3.237	      0.000	     -0.002
 212.800	     -1.632	   2343.368	    2343.368	     -2.131	      0.000	     -0.001
 213.200	     -1.656	   2343.344	    2343.344	     -1.077	      0.000	     -0.000
 213.600	     -1.665	   2343.335	    2343.335	     -0.022	      0.000	     -0.000
 214.000	     -1.658	   2343.342	    2343.342	      0.931	      0.000	      0.000
 214.400	     -1.637	   2343.363	    2343.363	      1.740	      0.000	      0.000
 214.800	     -1.603	   2343.396	    2343.396	      2.465	      0.000	      0.001
 215.200	     -1.559	   2343.440	    2343.440	      3.128	      0.000	      0.002
 215.600	     -1.505	   2343.493	    2343.493	      3.687	      0.000	      0.002
 216.000	     -1.445	   2343.553	    2343.553	      4.065	      0.000	      0.003
 216.400	     -1.379	   2343.618	    2343.618	      4.330	      0.000	      0.003
 216.800	     -1.309	   2343.688	    2343.688	      4.485	      0.000	      0.003
 217.200	     -1.239	   2343.758	    2343.758	      4.564	      0.000	      0.003
 217.600	     -1.169	   2343.828	    2343.828	      4.441	      0.000	      0.003
 218.000	     -1.101	   2343.896	    2343.896	      4.217	      0.000	      0.003
 218.400	     -1.039	   2343.959	    2343.959	      3.887	      0.000	      0.002
 218.800	     -0.982	   2344.016	    2344.016	      3.453	      0.000	      0.002
 219.200	     -0.933	   2344.066	    2344.066	      2.957	      0.000	      0.001
 219.600	     -0.893	   2344.106	    2344.106	      2.267	      0.000	      0.001
 220.000	     -0.863	   2344.136	    2344.136	      1.535	      0.000	      0.000
 220.400	     -0.845	   2344.155	    2344.155	      0.761	      0.000	      0.000
 220.800	     -0.840	   2344.160	    2344.160	     -0.022	      0.000	     -0.000
 221.200	     -0.848	   2344.152	    2344.152	     -0.940	      0.000	     -0.000
 221.600	     -0.870	   2344.131	    2344.131	     -1.856	      0.000	     -0.001
 222.000	     -0.906	   2344.095	    2344.095	     -2.755	      0.000	     -0.001
 222.400	     -0.957	   2344.045	    2344.045	     -3.653	      0.000	     -0.002
 222.800	     -1.022	   2343.981	    2343.981	     -4.541	      0.000	     -0.003
 223.200	     -1.101	   2343.904	    2343.904	     -5.420	      0.000	     -0.005
 223.600	     -1.192	   2343.814	    2343.814	     -6.219	      0.000	     -0.006
 224.000	     -1.297	   2343.711	    2343.711	     -6.964	      0.000	     -0.008
 224.400	     -1.411	   2343.598	    2343.598	     -7.560	      0.000	     -0.009
 224.800	     -1.536	   2343.474	    2343.474	     -8.204	      0.000	     -0.011
 225.200	     -1.669	   2343.343	    2343.343	     -8.697	      0.000	     -0.012
 225.600	     -1.808	   2343.205	    2343.205	     -9.045	      0.000	     -0.013
 226.000	     -1.951	   2343.062	    2343.062	     -9.284	      0.000	     -0.014
 226.400	     -2.098	   2342.916	    2342.916	     -9.432	      0.000	     -0.014
 226.800	     -2.245	   2342.769	    2342.769	     -9.473	      0.000	     -0.014
 227.200	     -2.391	   2342.623	    2342.623	     -9.339	      0.000	     -0.014
 227.600	     -2.534	   2342.479	    2342.479	     -9.092	      0.000	     -0.013
 228.000	     -2.671	   2342.341	    2342.341	     -8.695	      0.000	     -0.012
 228.400	     -2.802	   2342.209	    2342.209	     -8.232	      0.000	     -0.011
 228.800	     -2.923	   2342.086	    2342.086	     -7.604	      0.000	     -0.009
 229.200	     -3.034	   2341.973	    2341.973	     -6.856	      0.000	     -0.007
 229.600	     -3.133	   2341.873	    2341.873	     -5.980	      0.000	     -0.006
 230.000	     -3.218	   2341.786	    2341.786	     -5.079	      0.000	     -0.004
 230.400	     -3.287	   2341.715	    2341.715	     -4.082	      0.000	     -0.003
 230.800	     -3.341	   2341.661	    2341.661	     -2.953	      0.000	     -0.001
 231.200	     -3.377	   2341.624	    2341.624	     -1.778	      0.000	     -0.001
 231.600	     -3.395	   2341.605	    2341.605	     -0.554	      0.000	     -0.000
 232.000	     -3.394	   2341.606	    2341.606	      0.655	      0.000	      0.000
 232.400	     -3.373	   2341.627	    2341.627	      1.943	      0.000	      0.001
 232.800	     -3.332	   2341.667	    2341.667	      3.236	      0.000	      0.002
 233.200	     -3.270	   2341.727	    2341.727	      4.484	      0.000	      0.003
 233.600	     -3.189	   2341.806	    2341.806	      5.706	      0.000	      0.005
 234.000	     -3.088	   2341.904	    2341.904	      6.883	      0.000	      0.007
 234.400	     -2.969	   2342.020	    2342.020	      8.026	      0.000	      0.010
 234.800	     -2.834	   2342.153	    2342.153	      9.107	      0.000	      0.013
 235.200	     -2.682	   2342.302	    2342.302	     10.056	      0.000	      0.016
 235.600	     -2.516	   2342.466	    2342.466	     10.887	      0.000	      0.019
 236.000	     -2.337	   2342.642	    2342.642	     11.677	      0.000	      0.021
 236.400	     -2.148	   2342.828	    2342.828	     12.349	      0.000	      0.024
 236.800	     -1.950	   2343.024	    2343.024	     12.846	      0.000	      0.026
 237.200	     -1.745	   2343.227	    2343.227	     13.227	      0.000	      0.027
 237.600	     -1.536	   2343.436	    2343.436	     13.491	      0.000	      0.029
 238.000	     -1.324	   2343.647	    2343.647	     13.641	      0.000	      0.029
 238.400	     -1.112	   2343.859	    2343.859	     13.621	      0.000	      0.029
 238.800	     -0.901	   2344.070	    2344.070	     13.497	      0.000	      0.029
 239.200	     -0.694	   2344.278	    2344.278	     13.219	      0.000	      0.028
 239.600	     -0.492	   2344.482	    2344.482	     12.854	      0.000	      0.026
 240.000	     -0.298	   2344.678	    2344.678	     12.401	      0.000	      0.024
 240.400	     -0.113	   2344.865	    2344.865	     11.749	      0.000	      0.022
 240.800	      0.062	   2345.043	    2345.043	     11.041	      0.000	      0.019
 241.200	      0.226	   2345.209	    2345.209	     10.270	      0.000	      0.017
 241.600	      0.377	   2345.362	    2345.362	      9.444	      0.000	      0.014
 242.000	      0.513	   2345.502	    2345.502	      8.506	      0.000	      0.011
 242.400	      0.636	   2345.627	    2345.627	      7.552	      0.000	      0.009
 242.800	      0.744	   2345.737	    2345.737	      6.558	      0.000	      0.007
 243.200	      0.837	   2345.832	    2345.832	      5.575	      0.000	      0.005
 243.600	      0.913	   2345.910	    2345.910	      4.569	      0.000	      0.003
 244.000	      0.975	   2345.973	    2345.973	      3.548	      0.000	      0.002
 244.400	      1.022	   2346.021	    2346.021	      2.582	      0.000	      0.001
 244.800	      1.055	   2346.054	    2346.054	      1.651	      0.000	      0.000
 245.200	      1.073	   2346.073	    2346.073	      0.811	      0.000	      0.000
 245.600	      1.078	   2346.078	    2346.078	     -0.060	      0.000	     -0.000
 246.000	      1.072	   2346.072	    2346.072	     -0.803	      0.000	     -0.000
 246.400	      1.054	   2346.054	    2346.054	     -1.462	      0.000	     -0.000
 246.800	      1.027	   2346.027	    2346.027	     -2.001	      0.000	     -0.001
 247.200	      0.991	   2345.992	    2345.992	     -2.480	      0.000	     -0.001
 247.600	      0.949	   2345.950	    2345.950	     -2.873	      0.000	     -0.001
 248.000	      0.902	   2345.904	    2345.904	     -3.108	      0.000	     -0.002
 248.400	      0.853	   2345.854	    2345.854	     -3.240	      0.000	     -0.002
 248.800	      0.802	   2345.803	    2345.803	     -3.268	      0.000	     -0.002
 249.200	      0.751	   2345.753	    2345.753	     -3.208	      0.000	     -0.002
 249.600	      0.703	   2345.705	    2345.705	     -2.997	      0.000	     -0.001
 250.000	      0.659	   2345.660	    2345.660	     -2.702	      0.000	     -0.001
 250.400	      0.620	   2345.621	    2345.621	     -2.262	      0.000	     -0.001
 250.800	      0.588	   2345.589	    2345.589	     -1.811	      0.000	     -0.001
 251.200	      0.565	   2345.565	    2345.565	     -1.269	      0.000	     -0.000
 251.600	      0.551	   2345.551	    2345.551	     -0.600	      0.000	     -0.000
 252.000	      0.547	   2345.547	    2345.547	      0.121	      0.000	      0.000
 252.400	      0.554	   2345.554	    2345.554	      0.864	      0.000	      0.000
 252.800	      0.574	   2345.574	    2345.574	      1.633	      0.000	      0.000
 253.200	      0.607	   2345.606	    2345.606	      2.482	      0.000	      0.001
 253.600	      0.653	   2345.651	    2345.651	      3.318	      0.000	      0.002
 254.000	      0.712	   2345.709	    2345.709	      4.151	      0.000	      0.003
 254.400	      0.784	   2345.780	    2345.780	      4.954	      0.000	      0.004
 254.800	      0.868	   2345.863	    2345.863	      5.724	      0.000	      0.005
 255.200	      0.965	   2345.958	    2345.958	      6.483	      0.000	      0.007
 255.600	      1.073	   2346.065	    2346.065	      7.199	      0.000	      0.008
 256.000	      1.190	   2346.181	    2346.181	      7.775	      0.000	      0.010
 256.400	      1.317	   2346.306	    2346.306	      8.287	      0.000	      0.011
 256.800	      1.451	   2346.439	    2346.439	      8.772	      0.000	      0.012
 257.200	      1.592	   2346.579	    2346.579	      9.138	      0.000	      0.013
 257.600	      1.736	   2346.723	    2346.723	      9.379	      0.000	      0.014
 258.000	      1.884	   2346.870	    2346.870	      9.505	      0.000	      0.014
 258.400	      2.033	   2347.018	    2347.018	      9.532	      0.000	      0.014
 258.800	      2.180	   2347.166	    2347.166	      9.471	      0.000	      0.014
 259.200	      2.325	   2347.312	    2347.312	      9.261	      0.000	      0.014
 259.600	      2.466	   2347.453	    2347.453	      8.928	      0.000	      0.013
 260.000	      2.601	   2347.589	    2347.589	      8.488	      0.000	      0.011
 260.400	      2.728	   2347.718	    2347.718	      7.977	      0.000	      0.010
 260.800	      2.845	   2347.837	    2347.837	      7.362	      0.000	      0.009
 261.200	      2.952	   2347.945	    2347.945	      6.585	      0.000	      0.007
 261.600	      3.046	   2348.041	    2348.041	      5.739	      0.000	      0.005
 262.000	      3.128	   2348.124	    2348.124	      4.833	      0.000	      0.004
 262.400	      3.194	   2348.192	    2348.192	      3.884	      0.000	      0.002
 262.800	      3.245	   2348.244	    2348.244	      2.822	      0.000	      0.001
 263.200	      3.280	   2348.279	    2348.279	      1.712	      0.000	      0.000
 263.600	      3.297	   2348.297	    2348.297	      0.591	      0.000	      0.000
 264.000	      3.298	   2348.298	    2348.298	     -0.519	      0.000	     -0.000
 264.400	      3.280	   2348.281	    2348.281	     -1.679	      0.000	     -0.000
 264.800	      3.244	   2348.246	    2348.246	     -2.836	      0.000	     -0.001
 265.200	      3.190	   2348.193	    2348.193	     -3.959	      0.000	     -0.002
 265.600	      3.119	   2348.123	    2348.123	     -5.048	      0.000	     -0.004
 266.000	      3.030	   2348.036	    2348.036	     -6.039	      0.000	     -0.006
 266.400	      2.926	   2347.934	    2347.934	     -7.066	      0.000	     -0.008
 266.800	      2.807	   2347.817	    2347.817	     -7.995	      0.000	     -0.010
 267.200	      2.674	   2347.686	    2347.686	     -8.808	      0.000	     -0.012
 267.600	      2.530	   2347.544	    2347.544	     -9.499	      0.000	     -0.014
 268.000	      2.374	   2347.390	    2347.390	    -10.151	      0.000	     -0.016
 268.400	      2.210	   2347.228	    2347.228	    -10.692	      0.000	     -0.018
 268.800	      2.039	   2347.059	    2347.059	    -11.091	      0.000	     -0.019
 269.200	      1.864	   2346.884	    2346.884	    -11.381	      0.000	     -0.020
 269.600	      1.684	   2346.705	    2346.705	    -11.547	      0.000	     -0.021
 270.000	      1.503	   2346.525	    2346.525	    -11.630	      0.000	     -0.021
 270.400	      1.323	   2346.344	    2346.344	    -11.584	      0.000	     -0.021
 270.800	      1.145	   2346.165	    2346.165	    -11.410	      0.000	     -0.021
 271.200	      0.971	   2345.990	    2345.990	    -11.079	      0.000	     -0.019
 271.600	      0.801	   2345.820	    2345.820	    -10.748	      0.000	     -0.018
 272.000	      0.639	   2345.656	    2345.656	    -10.295	      0.000	     -0.017
 272.400	      0.486	   2345.500	    2345.500	     -9.721	      0.000	     -0.015
 272.800	      0.341	   2345.354	    2345.354	     -9.078	      0.000	     -0.013
 273.200	      0.207	   2345.218	    2345.218	     -8.380	      0.000	     -0.011
 273.600	      0.084	   2345.093	    2345.093	     -7.657	      0.000	     -0.009
 274.000	     -0.027	   2344.981	    2344.981	     -6.863	      0.000	     -0.007
 274.400	     -0.125	   2344.880	    2344.880	     -6.026	      0.000	     -0.006
 274.800	     -0.211	   2344.793	    2344.793	     -5.167	      0.000	     -0.004
 275.200	     -0.284	   2344.719	    2344.719	     -4.343	      0.000	     -0.003
 275.600	     -0.344	   2344.658	    2344.658	     -3.513	      0.000	     -0.002
 276.000	     -0.391	   2344.610	    2344.610	     -2.682	      0.000	     -0.001
 276.400	     -0.426	   2344.575	    2344.575	     -1.869	      0.000	     -0.001
 276.800	     -0.450	   2344.551	    2344.551	     -1.153	      0.000	     -0.000
 277.200	     -0.462	   2344.538	    2344.538	     -0.497	      0.000	     -0.000
 277.600	     -0.464	   2344.536	    2344.536	      0.131	      0.000	      0.000
 278.000	     -0.458	   2344.542	    2344.542	      0.703	      0.000	      0.000
 278.400	     -0.443	   2344.557	    2344.557	      1.178	      0.000	      0.000
 278.800	     -0.422	   2344.578	    2344.578	      1.533	      0.000	      0.000
 279.200	     -0.395	   2344.605	    2344.605	      1.826	      0.000	      0.001
 279.600	     -0.365	   2344.635	    2344.635	      2.043	      0.000	      0.001
 280.000	     -0.332	   2344.667	    2344.667	      2.134	      0.000	      0.001
 280.400	     -0.299	   2344.700	    2344.700	      2.130	      0.000	      0.001
 280.800	     -0.266	   2344.733	    2344.733	      2.016	      0.000	      0.001
 281.200	     -0.236	   2344.763	    2344.763	      1.827	      0.000	      0.001
 281.600	     -0.210	   2344.790	    2344.790	      1.583	      0.000	      0.000
 282.000	     -0.189	   2344.811	    2344.811	      1.192	      0.000	      0.000
 282.400	     -0.174	   2344.826	    2344.826	      0.716	      0.000	      0.000
 282.800	     -0.166	   2344.834	    2344.834	      0.203	      0.000	      0.000
 283.200	     -0.168	   2344.832	    2344.832	     -0.355	      0.000	     -0.000
 283.600	     -0.179	   2344.822	    2344.822	     -1.014	      0.000	     -0.000
 284.000	     -0.200	   2344.800	    2344.800	     -1.707	      0.000	     -0.000
 284.400	     -0.232	   2344.769	    2344.769	     -2.430	      0.000	     -0.001
 284.800	     -0.276	   2344.725	    2344.725	     -3.160	      0.000	     -0.002
 285.200	     -0.332	   2344.670	    2344.670	     -3.899	      0.000	     -0.002
 285.600	     -0.399	   2344.604	    2344.604	     -4.642	      0.000	     -0.003
 286.000	     -0.479	   2344.526	    2344.526	     -5.384	      0.000	     -0.005
 286.400	     -0.569	   2344.437	    2344.437	     -6.078	      0.000	     -0.006
 286.800	     -0.670	   2344.337	    2344.337	     -6.694	      0.000	     -0.007
 287.200	     -0.781	   2344.228	    2344.228	     -7.348	      0.000	     -0.008
 287.600	     -0.901	   2344.109	    2344.109	     -7.909	      0.000	     -0.010
 288.000	     -1.029	   2343.982	    2343.982	     -8.392	      0.000	     -0.011
 288.400	     -1.163	   2343.849	    2343.849	     -8.780	      0.000	     -0.012
 288.800	     -1.304	   2343.709	    2343.709	     -9.103	      0.000	     -0.013
 289.200	     -1.448	   2343.566	    2343.566	     -9.336	      0.000	     -0.014
 289.600	     -1.595	   2343.419	    2343.419	     -9.471	      0.000	     -0.014
 290.000	     -1.742	   2343.272	    2343.272	     -9.490	      0.000	     -0.014
 290.400	     -1.889	   2343.125	    2343.125	     -9.406	      0.000	     -0.014
 290.800	     -2.034	   2342.979	    2342.979	     -9.254	      0.000	     -0.013
 291.200	     -2.175	   2342.837	    2342.837	     -8.976	      0.000	     -0.013
 291.600	     -2.311	   2342.701	    2342.701	     -8.602	      0.000	     -0.012
 292.000	     -2.440	   2342.571	    2342.571	     -8.097	      0.000	     -0.010
 292.400	     -2.561	   2342.448	    2342.448	     -7.559	      0.000	     -0.009
 292.800	     -2.672	   2342.336	    2342.336	     -6.914	      0.000	     -0.008
 293.200	     -2.772	   2342.234	    2342.234	     -6.182	      0.000	     -0.006
 293.600	     -2.860	   2342.144	    2342.144	     -5.359	      0.000	     -0.005
 294.000	     -2.936	   2342.067	    2342.067	     -4.493	      0.000	     -0.003
 294.400	     -2.998	   2342.004	    2342.004	     -3.603	      0.000	     -0.002
 294.800	     -3.045	   2341.956	    2341.956	     -2.632	      0.000	     -0.001
 295.200	     -3.078	   2341.923	    2341.923	     -1.635	      0.000	     -0.000
 295.600	     -3.095	   2341.905	    2341.905	     -0.623	      0.000	     -0.000
 296.000	     -3.097	   2341.903	    2341.903	      0.392	      0.000	      0.000
 296.400	     -3.082	   2341.918	    2341.918	      1.413	      0.000	      0.000
 296.800	     -3.052	   2341.947	    2341.947	      2.418	      0.000	      0.001
 297.200	     -3.005	   2341.993	    2341.993	      3.430	      0.000	      0.002
 297.600	     -2.944	   2342.053	    2342.053	      4.345	      0.000	      0.003
 298.000	     -2.868	   2342.127	    2342.127	      5.203	      0.000	      0.004
 298.400	     -2.779	   2342.215	    2342.215	      6.046	      0.000	      0.006
 298.800	     -2.677	   2342.315	    2342.315	      6.814	      0.000	      0.007
 299.200	     -2.565	   2342.427	    2342.427	      7.481	      0.000	      0.009
 299.600	     -2.442	   2342.548	    2342.548	      8.062	      0.000	      0.010
 300.000	     -2.311	   2342.677	    2342.677	      8.575	      0.000	      0.012
