    时间	    开度值	      蜗壳压力	      尾水管压力	    流量	      转速	      出力	  单位转速	  单位流量	  单位力矩	球阀前压力	球阀后压力	蜗壳进口压力	尾水管出口压力
   0.000	   0.883	       496.798	        64.200	    81.324	   428.600	   306.065	    87.838	     0.225	    22.340	421.354739	420.753579	496.798437	2339.833435
   0.200	   0.883	       508.582	        64.108	    81.153	   436.922	   307.143	    89.170	     0.224	    21.808	422.730952	422.730952	507.890439	2339.959512
   0.400	   0.879	       510.759	        62.594	    80.762	   445.124	   307.336	    90.429	     0.221	    21.225	425.076399	425.076399	510.092454	2338.827253
   0.600	   0.875	       512.806	        61.807	    80.294	   453.167	   306.305	    91.734	     0.219	    20.630	427.053292	427.053292	512.082104	2337.280121
   0.800	   0.871	       514.267	        60.227	    79.861	   461.045	   305.296	    92.977	     0.217	    20.059	428.533816	428.533816	513.573578	2335.759223
   1.000	   0.867	       517.492	        60.328	    79.477	   468.758	   304.603	    94.173	     0.216	    19.534	430.856841	430.856841	516.063374	2335.357083
   1.200	   0.863	       519.840	        60.971	    78.903	   476.311	   301.876	    95.473	     0.213	    18.966	433.788972	433.788972	519.032897	2335.866823
   1.400	   0.859	       523.665	        62.234	    78.391	   483.696	   299.827	    96.644	     0.211	    18.431	437.437795	437.437795	522.378977	2336.924983
   1.600	   0.856	       526.141	        63.139	    77.702	   490.893	   295.712	    97.870	     0.209	    17.835	439.864443	439.864443	525.108922	2336.978306
   1.800	   0.852	       528.478	        62.422	    77.119	   497.902	   292.539	    98.896	     0.207	    17.265	443.283768	443.283768	528.456356	2337.287063
   2.000	   0.848	       530.765	        61.972	    76.358	   504.711	   287.445	    99.901	     0.204	    16.620	444.092007	444.092007	529.394385	2335.730942
   2.200	   0.844	       532.126	        60.162	    75.593	   511.312	   282.042	   100.812	     0.201	    15.971	445.778312	445.778312	530.918588	2333.579193
   2.400	   0.840	       535.611	        59.466	    74.766	   517.701	   275.771	   101.561	     0.198	    15.269	448.509407	448.509407	534.068429	2332.715897
   2.600	   0.836	       536.377	        56.283	    73.795	   523.874	   267.698	   102.281	     0.194	    14.508	447.710982	447.710982	534.710401	2331.266037
   2.800	   0.832	       541.595	        57.986	    72.560	   529.733	   256.492	   102.971	     0.190	    13.627	453.836808	453.836808	539.714963	2330.489242
   3.000	   0.828	       544.584	        57.653	    71.099	   535.258	   242.505	   103.603	     0.186	    12.643	456.046350	456.046350	542.366190	2329.770726
   3.200	   0.824	       547.724	        56.579	    69.598	   540.414	   228.347	   104.063	     0.181	    11.670	459.234680	459.234680	545.332251	2327.743218
   3.400	   0.820	       550.663	        55.701	    67.893	   545.207	   212.089	   104.486	     0.176	    10.642	459.356784	459.356784	543.859211	2327.018394
   3.600	   0.816	       555.384	        55.837	    66.339	   549.626	   197.846	   104.762	     0.171	     9.741	464.987362	464.987362	551.662507	2325.315949
   3.800	   0.812	       558.314	        55.127	    64.514	   553.673	   181.210	   105.058	     0.165	     8.777	469.817286	469.817286	555.855535	2324.685637
   4.000	   0.808	       562.971	        56.402	    62.683	   557.351	   165.124	   105.314	     0.160	     7.879	473.656452	473.656452	559.836258	2325.101400
   4.200	   0.805	       567.172	        57.716	    60.790	   560.652	   149.218	   105.551	     0.154	     7.026	477.484343	477.484343	563.938080	2325.532328
   4.400	   0.801	       569.915	        58.022	    58.864	   563.607	   133.458	   105.771	     0.149	     6.212	480.425071	480.425071	566.184647	2325.492485
   4.600	   0.797	       572.963	        58.740	    56.926	   566.233	   118.960	   105.942	     0.144	     5.478	482.992256	482.992256	569.760902	2324.976992
   4.800	   0.793	       574.782	        58.465	    55.042	   568.562	   105.427	   106.087	     0.139	     4.808	485.706034	485.706034	571.584499	2324.092136
   5.000	   0.789	       576.740	        58.367	    53.109	   570.614	    92.830	   106.185	     0.133	     4.196	487.991126	487.991126	573.353498	2323.252066
   5.200	   0.785	       577.510	        57.307	    51.199	   572.405	    80.630	   106.262	     0.128	     3.616	489.157539	489.157539	576.233849	2323.213860
   5.400	   0.781	       580.776	        59.169	    49.141	   573.926	    67.606	   106.330	     0.123	     3.012	490.477962	490.477962	577.479980	2323.158049
   5.600	   0.777	       581.970	        59.273	    46.953	   575.170	    53.785	   106.379	     0.117	     2.383	491.649489	491.649489	578.544650	2322.325291
   5.800	   0.773	       582.966	        59.363	    44.848	   576.134	    40.639	   106.400	     0.112	     1.792	492.079251	492.079251	579.410418	2322.068288
   6.000	   0.769	       582.686	        58.507	    42.525	   576.827	    26.433	   106.403	     0.106	     1.161	492.690447	492.690447	579.642627	2320.662985
   6.200	   0.765	       583.369	        58.165	    40.404	   577.279	    14.985	   106.324	     0.100	     0.656	493.552060	493.552060	580.940913	2319.236809
   6.400	   0.761	       584.718	        58.488	    38.053	   577.491	     3.162	   106.198	     0.094	     0.138	494.749718	494.749718	581.591737	2319.584620
   6.600	   0.757	       585.083	        57.902	    35.701	   577.474	    -7.991	   106.042	     0.088	    -0.348	494.848062	494.848062	581.556464	2318.440487
   6.800	   0.753	       587.473	        58.863	    33.229	   577.220	   -19.226	   105.796	     0.082	    -0.833	496.355142	496.355142	583.634676	2318.810609
   7.000	   0.750	       590.404	        60.283	    30.811	   576.746	   -30.199	   105.509	     0.076	    -1.305	497.747959	497.747959	584.884225	2318.652868
   7.200	   0.746	       590.531	        58.787	    28.398	   576.050	   -41.024	   105.174	     0.070	    -1.768	500.763703	500.763703	587.785138	2317.415850
   7.400	   0.742	       593.494	        60.210	    26.129	   575.160	   -49.871	   104.820	     0.064	    -2.145	504.129337	504.129337	590.478465	2318.540640
   7.600	   0.738	       595.917	        61.297	    23.862	   574.083	   -58.626	   104.457	     0.059	    -2.518	504.744453	504.744453	591.388752	2318.888880
   7.800	   0.734	       596.756	        60.835	    21.685	   572.836	   -66.685	   104.072	     0.053	    -2.862	507.139768	507.139768	593.821599	2319.579059
   8.000	   0.730	       601.618	        64.089	    19.482	   571.418	   -74.914	   103.631	     0.048	    -3.212	511.034573	511.034573	597.625350	2321.353696
   8.200	   0.726	       602.160	        63.247	    17.383	   569.827	   -82.607	   103.186	     0.042	    -3.541	512.503521	512.503521	599.041796	2319.937789
   8.400	   0.722	       603.446	        64.407	    15.540	   568.072	   -90.047	   102.838	     0.038	    -3.869	514.869307	514.869307	600.922049	2320.667166
   8.600	   0.718	       604.005	        65.082	    13.779	   566.165	   -96.807	   102.488	     0.034	    -4.173	515.679967	515.679967	602.477373	2321.690272
   8.800	   0.714	       603.027	        65.434	    12.245	   564.105	  -104.028	   102.229	     0.030	    -4.511	514.479941	514.479941	601.650943	2321.973053
   9.000	   0.710	       605.046	        68.683	    10.487	   561.879	  -112.005	   101.931	     0.026	    -4.886	516.239054	516.239054	602.170508	2324.517590
   9.200	   0.706	       602.717	        68.029	     8.893	   559.480	  -119.979	   101.645	     0.022	    -5.272	512.521365	512.521365	599.011145	2323.916568
   9.400	   0.702	       600.582	        68.030	     7.421	   556.908	  -126.646	   101.373	     0.018	    -5.612	513.394908	513.394908	599.784028	2324.195930
   9.600	   0.699	       599.033	        69.325	     6.178	   554.191	  -131.859	   101.144	     0.015	    -5.903	510.765585	510.765585	597.315182	2323.980676
   9.800	   0.695	       594.456	        67.907	     5.036	   551.363	  -136.196	   100.925	     0.012	    -6.165	507.279875	507.279875	594.236214	2323.346855
  10.000	   0.691	       593.939	        70.796	     3.971	   548.439	  -139.788	   100.714	     0.010	    -6.402	505.828101	505.828101	591.735325	2325.602752
  10.200	   0.687	       591.190	        71.731	     3.023	   545.436	  -142.456	   100.515	     0.008	    -6.606	503.064460	503.064460	589.150907	2327.296142
  10.400	   0.683	       589.266	        73.851	     2.271	   542.372	  -143.800	   100.340	     0.006	    -6.759	501.963807	501.963807	587.507878	2328.836547
  10.600	   0.679	       588.219	        77.206	     1.745	   539.281	  -143.794	   100.196	     0.004	    -6.856	502.427599	502.427599	587.544196	2331.513346
  10.800	   0.675	       584.248	        78.264	     1.633	   536.186	  -141.415	   100.115	     0.004	    -6.849	499.192384	499.192384	584.918656	2331.908854
  11.000	   0.671	       582.296	        81.780	     1.905	   533.156	  -137.134	   100.092	     0.005	    -6.752	498.736337	498.736337	583.423802	2335.815366
  11.200	   0.667	       579.510	        84.773	     2.490	   530.217	  -131.450	   100.121	     0.006	    -6.584	495.877996	495.877996	580.482385	2338.982846
  11.400	   0.663	       576.449	        87.685	     3.433	   527.417	  -123.970	   100.201	     0.009	    -6.319	493.892672	493.892672	578.703033	2342.049696
  11.600	   0.659	       575.514	        92.568	     4.502	   524.775	  -116.045	   100.300	     0.012	    -6.017	492.888944	492.888944	576.285027	2345.187927
  11.800	   0.655	       569.611	        92.767	     6.020	   522.329	  -106.228	   100.475	     0.016	    -5.605	487.741606	487.741606	571.803962	2346.391467
  12.000	   0.651	       565.151	        94.520	     7.820	   520.078	   -95.861	   100.709	     0.020	    -5.148	485.443692	485.443692	569.321559	2348.411469
  12.200	   0.648	       560.277	        96.013	     9.972	   518.062	   -84.751	   101.017	     0.026	    -4.633	479.027565	479.027565	563.587860	2349.795297
  12.400	   0.644	       555.514	        97.099	    12.108	   516.289	   -72.833	   101.329	     0.032	    -4.047	475.031795	475.031795	559.190089	2350.174456
  12.600	   0.640	       551.293	        98.194	    14.291	   514.810	   -60.606	   101.651	     0.038	    -3.419	471.365454	471.365454	553.760483	2352.126896
  12.800	   0.636	       545.949	        98.081	    16.820	   513.623	   -46.741	   102.037	     0.045	    -2.675	466.641276	466.641276	549.755084	2352.865478
  13.000	   0.632	       542.256	        99.135	    19.484	   512.727	   -35.209	   102.440	     0.053	    -2.042	463.404550	463.404550	546.868007	2353.124414
  13.200	   0.628	       540.663	       101.473	    22.376	   512.067	   -24.706	   102.811	     0.061	    -1.449	460.903112	460.903112	544.496426	2354.914417
  13.400	   0.624	       539.256	       102.574	    25.495	   511.655	   -12.876	   103.080	     0.069	    -0.761	459.732350	459.732350	543.372221	2357.278441
  13.600	   0.620	       540.595	       104.501	    28.824	   511.547	     1.634	   103.197	     0.078	     0.097	463.294752	463.294752	545.332175	2360.194092
  13.800	   0.616	       544.622	       106.743	    32.170	   511.791	    17.551	   103.111	     0.087	     1.037	465.985222	465.985222	548.786469	2361.702667
  14.000	   0.612	       547.803	       105.933	    35.471	   512.394	    34.508	   102.845	     0.096	     2.021	471.136922	471.136922	553.648009	2361.461449
  14.200	   0.608	       551.539	       103.500	    38.740	   513.399	    52.908	   102.417	     0.104	     3.055	474.536816	474.536816	557.153213	2359.714570
  14.400	   0.604	       555.336	        98.661	    41.998	   514.840	    73.125	   101.813	     0.112	     4.137	476.925427	476.925427	560.147755	2356.801883
  14.600	   0.600	       560.118	        93.373	    44.700	   516.724	    91.904	   101.146	     0.118	     5.076	480.105735	480.105735	563.160929	2352.670051
  14.800	   0.597	       563.539	        86.096	    46.618	   518.999	   107.662	   100.490	     0.122	     5.792	481.295015	481.295015	565.670622	2346.833609
  15.000	   0.593	       564.018	        78.134	    47.555	   521.541	   116.306	   100.118	     0.123	     6.121	481.651508	481.651508	566.100457	2338.948682
  15.200	   0.589	       561.191	        68.444	    47.810	   524.226	   120.076	    99.928	     0.123	     6.199	477.245272	477.245272	561.755080	2329.550561
  15.400	   0.585	       557.679	        59.406	    47.654	   526.934	   120.289	    99.872	     0.122	     6.108	471.189528	471.189528	556.985039	2321.866066
  15.600	   0.581	       553.966	        53.017	    46.669	   529.542	   113.409	   100.064	     0.119	     5.696	465.247046	465.247046	551.614848	2316.302539
  15.800	   0.577	       550.487	        49.356	    44.829	   531.919	   100.477	   100.440	     0.114	     5.017	458.871818	458.871818	546.423595	2312.465496
  16.000	   0.573	       546.682	        47.455	    42.201	   533.940	    82.272	   100.942	     0.108	     4.102	455.145783	455.145783	542.413961	2309.928233
  16.200	   0.569	       542.769	        45.274	    39.428	   535.565	    64.234	   101.353	     0.101	     3.199	452.124927	452.124927	538.399833	2307.461089
  16.400	   0.565	       541.243	        44.571	    36.656	   536.811	    47.600	   101.605	     0.094	     2.366	448.978324	448.978324	536.983641	2305.237346
  16.600	   0.561	       541.314	        44.520	    33.734	   537.681	    31.760	   101.689	     0.086	     1.574	449.104960	449.104960	536.465696	2305.114081
  16.800	   0.557	       542.384	        45.419	    30.653	   538.206	    15.778	   101.706	     0.078	     0.780	448.757861	448.757861	536.194723	2305.468612
  17.000	   0.553	       545.753	        47.517	    27.842	   538.432	     2.298	   101.564	     0.071	     0.113	453.509848	453.509848	541.173040	2307.811500
  17.200	   0.549	       551.627	        52.116	    25.265	   538.380	    -9.610	   101.380	     0.064	    -0.471	459.923425	459.923425	546.560630	2310.689059
  17.400	   0.545	       555.702	        54.258	    22.814	   538.086	   -20.151	   101.090	     0.058	    -0.985	464.125567	464.125567	551.480063	2312.897367
  17.600	   0.542	       559.670	        56.091	    20.124	   537.548	   -31.847	   100.737	     0.051	    -1.550	467.995213	467.995213	554.855808	2314.101017
  17.800	   0.538	       560.269	        53.340	    17.145	   536.706	   -47.762	   100.211	     0.043	    -2.311	467.759225	467.759225	554.666365	2311.146269
  18.000	   0.534	       558.177	        48.103	    14.205	   535.500	   -64.448	    99.647	     0.036	    -3.104	464.715400	464.715400	552.297648	2305.956900
  18.200	   0.530	       556.364	        42.662	    11.075	   533.893	   -81.173	    98.972	     0.028	    -3.892	463.826533	463.826533	550.987741	2301.717358
  18.400	   0.526	       556.047	        36.949	     7.333	   532.026	   -93.200	    98.091	     0.018	    -4.435	460.936770	460.936770	549.638046	2295.196570
  18.600	   0.522	       556.641	        31.527	     2.441	   529.775	  -116.565	    97.101	     0.006	    -5.505	459.245075	459.245075	548.222056	2290.445776
  18.800	   0.518	       557.885	        24.750	    -3.313	   526.836	  -151.642	    95.834	    -0.008	    -7.094	458.689796	458.689796	548.067988	2283.930391
  19.000	   0.514	       547.159	        18.012	    -8.855	   522.983	  -193.070	    95.511	    -0.022	    -9.171	450.020314	450.020314	539.824375	2277.797354
  19.200	   0.510	       530.763	        23.334	   -13.155	   518.079	  -238.394	    96.648	    -0.033	   -11.928	436.568014	436.568014	524.118353	2281.046630
  19.400	   0.506	       515.325	        35.667	   -16.157	   512.261	  -270.255	    98.322	    -0.042	   -14.476	424.115076	424.115076	511.387392	2293.006499
  19.600	   0.502	       507.730	        55.307	   -18.511	   505.735	  -294.921	    99.982	    -0.049	   -16.976	418.681705	418.681705	505.062162	2313.534501
  19.800	   0.498	       504.170	        78.867	   -20.135	   498.681	  -302.747	   101.714	    -0.055	   -18.812	416.222269	416.222269	502.283835	2335.801029
  20.000	   0.494	       496.920	        90.773	   -20.630	   491.544	  -295.631	   102.611	    -0.058	   -19.521	410.758168	410.758168	496.338939	2346.607862
  20.200	   0.491	       490.924	        94.148	   -20.104	   484.563	  -281.589	   102.337	    -0.057	   -19.306	407.538719	407.538719	492.072875	2348.829270
  20.400	   0.487	       485.823	        89.509	   -18.654	   477.923	  -260.281	   100.971	    -0.053	   -18.106	404.500809	404.500809	488.655397	2343.995668
  20.600	   0.483	       482.331	        82.424	   -16.530	   471.848	  -229.506	    99.208	    -0.047	   -16.015	402.851302	402.851302	486.205985	2336.862263
  20.800	   0.479	       487.575	        83.743	   -14.240	   466.493	  -198.454	    97.576	    -0.040	   -13.863	407.403745	407.403745	490.566503	2336.959440
  21.000	   0.475	       492.735	        86.863	   -12.145	   461.815	  -172.305	    96.333	    -0.034	   -12.092	411.684454	411.684454	495.384699	2340.801884
  21.200	   0.471	       494.772	        90.813	   -10.830	   457.624	  -156.058	    95.673	    -0.031	   -11.102	412.174028	412.174028	496.476700	2345.194833
  21.400	   0.467	       492.584	        92.691	    -9.954	   453.736	  -145.202	    95.335	    -0.028	   -10.523	408.458172	408.458172	493.209031	2346.676690
  21.600	   0.463	       485.387	        88.153	    -8.622	   450.123	  -130.990	    94.883	    -0.025	    -9.631	404.869159	404.869159	489.002336	2341.937405
  21.800	   0.459	       481.296	        86.184	    -6.333	   446.943	  -110.614	    94.452	    -0.018	    -8.233	402.472142	402.472142	485.756614	2338.600463
  22.000	   0.455	       478.340	        87.788	    -3.505	   444.305	   -90.300	    94.431	    -0.010	    -6.838	400.368325	400.368325	483.275377	2340.726270
  22.200	   0.451	       477.637	        93.741	    -0.803	   442.152	   -75.049	    94.780	    -0.002	    -5.809	399.113908	399.113908	482.257849	2346.810276
  22.400	   0.447	       480.320	       103.136	     1.719	   440.356	   -62.534	    95.232	     0.005	    -4.947	401.112719	401.112719	484.550558	2355.991715
  22.600	   0.443	       478.365	       107.693	     4.371	   438.869	   -50.948	    95.747	     0.013	    -4.116	399.898005	399.898005	482.967149	2360.444494
  22.800	   0.440	       471.458	       108.070	     7.655	   437.683	   -40.202	    96.457	     0.023	    -3.323	394.682840	394.682840	477.427541	2360.158856
  23.000	   0.436	       462.802	       107.071	    11.593	   436.804	   -25.112	    97.328	     0.035	    -2.126	387.557695	387.557695	469.622686	2359.032382
  23.200	   0.432	       454.439	       106.054	    16.127	   436.360	   -10.141	    98.306	     0.049	    -0.879	380.495832	380.495832	462.457537	2358.437273
  23.400	   0.428	       456.019	       108.203	    20.504	   436.332	     6.739	    98.453	     0.062	     0.586	379.596519	379.596519	461.485666	2360.822490
  23.600	   0.424	       462.136	       108.859	    24.172	   436.736	    21.541	    97.849	     0.073	     1.844	384.114575	384.114575	467.053609	2363.015797
  23.800	   0.420	       465.264	       104.848	    27.088	   437.524	    36.123	    97.109	     0.081	     3.029	386.383536	386.383536	469.657687	2359.984310
  24.000	   0.416	       465.489	        95.649	    29.466	   438.678	    49.852	    96.165	     0.087	     4.068	385.376464	385.376464	468.817997	2351.501578
  24.200	   0.412	       467.483	        85.067	    31.807	   440.208	    64.983	    94.946	     0.093	     5.115	388.448363	388.448363	471.721133	2340.842208
  24.400	   0.408	       475.837	        77.183	    34.218	   442.172	    82.350	    93.450	     0.098	     6.196	396.413088	396.413088	479.683669	2333.744288
  24.600	   0.404	       490.309	        75.381	    36.132	   444.578	    97.890	    92.129	     0.101	     7.043	409.073789	409.073789	492.835117	2333.219115
  24.800	   0.400	       505.155	        78.024	    37.125	   447.307	   107.251	    91.373	     0.102	     7.452	420.717790	420.717790	505.430165	2336.379965
  25.000	   0.396	       515.423	        79.499	    37.458	   450.183	   111.559	    91.027	     0.102	     7.546	430.737059	430.737059	515.740837	2338.731870
  25.200	   0.392	       523.124	        78.352	    37.751	   453.140	   115.756	    90.707	     0.102	     7.624	439.203603	439.203603	524.178056	2337.295619
  25.400	   0.389	       530.312	        74.005	    38.401	   456.228	   123.408	    90.167	     0.102	     7.870	447.499143	447.499143	532.143655	2333.036578
  25.600	   0.385	       539.186	        70.275	    39.123	   459.512	   132.018	    89.592	     0.103	     8.135	455.636540	455.636540	540.508707	2328.971743
  25.800	   0.381	       548.302	        68.075	    39.567	   462.975	   138.304	    89.197	     0.103	     8.259	464.481891	464.481891	549.590929	2327.930567
  26.000	   0.377	       553.706	        66.946	    39.278	   466.491	   137.667	    89.256	     0.101	     8.047	467.137485	467.137485	552.562389	2326.999926
  26.200	   0.373	       555.405	        65.661	    38.507	   469.894	   132.268	    89.612	     0.099	     7.625	467.863538	467.863538	553.717285	2325.904485
  26.400	   0.369	       554.522	        63.366	    37.568	   473.108	   125.334	    90.073	     0.097	     7.152	466.937748	466.937748	552.744655	2323.071912
  26.600	   0.365	       549.042	        58.159	    36.437	   476.117	   116.897	    90.647	     0.094	     6.629	461.439569	461.439569	547.790983	2318.453885
  26.800	   0.361	       545.862	        56.329	    35.166	   478.886	   107.469	    91.273	     0.090	     6.072	457.392617	457.392617	543.393758	2315.441335
  27.000	   0.357	       543.250	        55.320	    33.836	   481.409	    98.048	    91.878	     0.087	     5.526	454.803247	454.803247	540.890626	2314.763637
  27.200	   0.353	       542.113	        56.513	    32.431	   483.683	    88.017	    92.507	     0.084	     4.958	453.808774	453.808774	539.760423	2315.744046
  27.400	   0.349	       542.605	        59.873	    30.875	   485.690	    76.983	    93.137	     0.080	     4.341	453.924962	453.924962	540.261518	2319.282270
  27.600	   0.345	       543.719	        63.202	    29.444	   487.429	    67.131	    93.661	     0.076	     3.788	454.473903	454.473903	540.727110	2321.291230
  27.800	   0.341	       544.671	        64.863	    28.194	   488.942	    59.208	    93.998	     0.073	     3.334	457.120342	457.120342	542.863489	2322.891714
  28.000	   0.338	       547.945	        66.688	    27.350	   490.305	    54.567	    94.103	     0.071	     3.053	461.820281	461.820281	547.287758	2324.544368
  28.200	   0.334	       552.415	        68.407	    26.835	   491.599	    52.274	    94.073	     0.069	     2.900	466.272870	466.272870	551.901148	2325.855603
  28.400	   0.330	       558.489	        71.149	    26.480	   492.857	    51.244	    93.983	     0.068	     2.816	473.151713	473.151713	557.947499	2328.145289
  28.600	   0.326	       563.420	        73.242	    26.079	   494.094	    49.759	    93.938	     0.067	     2.711	477.150621	477.150621	563.106192	2330.378967
  28.800	   0.322	       565.806	        73.314	    25.621	   495.276	    47.766	    93.933	     0.066	     2.584	479.489734	479.489734	565.164894	2330.701603
  29.000	   0.318	       568.731	        73.236	    25.263	   496.394	    46.637	    93.853	     0.064	     2.501	482.794543	482.794543	568.481095	2330.448157
  29.200	   0.314	       569.560	        71.135	    24.941	   497.488	    45.629	    93.777	     0.063	     2.427	483.380013	483.380013	569.208104	2328.215165
  29.400	   0.310	       569.170	        68.882	    24.408	   498.545	    43.006	    93.793	     0.062	     2.274	482.876737	482.876737	568.298455	2325.866637
  29.600	   0.306	       569.284	        67.997	    23.691	   499.538	    39.050	    93.875	     0.060	     2.056	482.246908	482.246908	568.257631	2325.057698
  29.800	   0.302	       568.051	        66.364	    22.849	   500.428	    34.248	    93.993	     0.058	     1.798	480.158189	480.158189	566.387171	2323.644173
  30.000	   0.298	       566.725	        65.718	    21.761	   501.184	    27.786	    94.184	     0.055	     1.458	479.325157	479.325157	565.336215	2322.832164
  30.200	   0.294	       568.886	        65.878	    20.565	   501.790	    21.610	    94.095	     0.052	     1.128	479.868250	479.868250	566.429250	2322.538195
  30.400	   0.290	       568.906	        64.407	    19.244	   502.236	    14.482	    94.023	     0.049	     0.753	480.610121	480.610121	566.581467	2321.506368
  30.600	   0.286	       574.916	        63.880	    17.822	   502.516	     7.479	    93.455	     0.045	     0.383	486.705064	486.705064	573.082732	2321.086533
  30.800	   0.283	       580.343	        63.731	    16.371	   502.626	     0.180	    92.955	     0.041	     0.009	491.803815	491.803815	578.081280	2320.328411
  31.000	   0.279	       583.888	        64.972	    15.178	   502.581	    -5.768	    92.729	     0.038	    -0.291	495.525164	495.525164	581.451975	2320.703630
  31.200	   0.275	       587.871	        66.970	    14.061	   502.397	   -11.356	    92.508	     0.035	    -0.571	499.961739	499.961739	586.252150	2323.096723
  31.400	   0.271	       591.030	        68.466	    12.922	   502.089	   -17.055	    92.296	     0.032	    -0.855	502.931172	502.931172	589.326924	2325.205876
  31.600	   0.267	       595.218	        71.710	    11.877	   501.648	   -22.262	    92.124	     0.029	    -1.115	507.466237	507.466237	593.695419	2327.670137
  31.800	   0.263	       597.608	        72.418	    10.881	   501.095	   -27.091	    91.868	     0.027	    -1.353	510.119859	510.119859	595.749439	2328.214447
  32.000	   0.259	       597.896	        71.050	     9.923	   500.428	   -31.725	    91.596	     0.025	    -1.582	510.075514	510.075514	596.396009	2327.045155
  32.200	   0.255	       598.004	        69.514	     8.826	   499.640	   -37.128	    91.304	     0.022	    -1.848	510.185447	510.185447	596.578261	2325.595780
  32.400	   0.251	       596.805	        66.909	     7.727	   498.725	   -42.542	    91.011	     0.019	    -2.116	508.502440	508.502440	594.523895	2322.872504
  32.600	   0.247	       596.233	        64.850	     6.418	   497.672	   -49.143	    90.686	     0.016	    -2.442	507.577317	507.577317	594.100424	2321.292355
  32.800	   0.243	       596.440	        63.419	     4.806	   496.441	   -57.475	    90.318	     0.012	    -2.854	506.972152	506.972152	593.839132	2320.013939
  33.000	   0.239	       596.822	        62.445	     2.962	   494.985	   -67.449	    89.935	     0.007	    -3.351	505.971522	505.971522	592.896711	2319.053403
  33.200	   0.235	       596.467	        61.035	     0.846	   493.264	   -79.129	    89.532	     0.002	    -3.936	505.507743	505.507743	592.262805	2317.514678
  33.400	   0.232	       594.493	        60.200	    -1.117	   491.257	   -90.927	    89.263	    -0.003	    -4.552	504.976620	504.976620	591.549183	2316.601696
  33.600	   0.228	       594.153	        62.880	    -2.609	   488.993	  -100.069	    89.105	    -0.006	    -5.061	504.715934	504.715934	591.384286	2318.409258
  33.800	   0.224	       593.077	        66.754	    -3.718	   486.517	  -107.386	    89.072	    -0.009	    -5.510	506.174550	506.174550	591.833635	2322.840144
  34.000	   0.220	       594.429	        73.806	    -4.639	   483.861	  -113.312	    89.071	    -0.012	    -5.911	507.449796	507.449796	593.049392	2329.416747
  34.200	   0.216	       595.122	        80.490	    -5.311	   481.079	  -117.194	    89.075	    -0.013	    -6.220	508.918815	508.918815	594.449089	2335.975973
  34.400	   0.212	       593.862	        84.770	    -5.494	   478.227	  -116.980	    89.028	    -0.014	    -6.314	507.838800	507.838800	593.177624	2339.250827
  34.600	   0.208	       590.573	        86.173	    -5.315	   475.400	  -113.644	    88.912	    -0.013	    -6.228	505.760745	505.760745	591.061341	2340.698201
  34.800	   0.204	       586.446	        85.509	    -4.847	   472.679	  -107.706	    88.707	    -0.012	    -5.977	503.036725	503.036725	587.693337	2339.832091
  35.000	   0.200	       583.716	        85.021	    -4.086	   470.111	   -99.079	    88.421	    -0.010	    -5.553	500.282536	500.282536	585.165226	2339.509723
  35.200	   0.196	       580.897	        85.682	    -3.422	   467.731	   -91.966	    88.280	    -0.009	    -5.217	497.477047	497.477047	582.017089	2339.715421
  35.400	   0.192	       577.459	        86.085	    -2.750	   465.518	   -86.066	    88.204	    -0.007	    -4.944	494.135508	494.135508	578.852409	2340.886155
  35.600	   0.188	       576.135	        87.971	    -2.160	   463.421	   -80.970	    88.095	    -0.006	    -4.703	492.075245	492.075245	577.015328	2342.080464
  35.800	   0.184	       571.821	        87.009	    -1.752	   461.433	   -78.033	    88.019	    -0.005	    -4.583	487.908106	487.908106	573.075206	2341.341044
  36.000	   0.181	       569.322	        86.715	    -1.166	   459.514	   -73.838	    87.852	    -0.003	    -4.375	485.817746	485.817746	570.847541	2340.786645
  36.200	   0.177	       568.675	        86.747	    -0.327	   457.715	   -68.251	    87.570	    -0.001	    -4.065	486.035777	486.035777	570.868428	2340.833923
  36.400	   0.173	       568.703	        86.838	     0.493	   456.065	   -62.459	    87.260	     0.001	    -3.734	485.528875	485.528875	570.043746	2340.955598
  36.600	   0.169	       568.490	        88.385	     1.032	   454.534	   -58.272	    87.126	     0.003	    -3.508	483.889018	483.889018	569.092191	2342.534651
  36.800	   0.165	       566.424	        88.536	     1.479	   453.087	   -54.827	    87.050	     0.004	    -3.327	482.750767	482.750767	567.365158	2342.766444
  37.000	   0.161	       562.805	        88.593	     2.189	   451.741	   -50.441	    87.128	     0.006	    -3.094	479.220374	479.220374	564.071241	2342.363220
  37.200	   0.157	       559.631	        88.247	     2.987	   450.506	   -45.480	    87.152	     0.008	    -2.814	476.530757	476.530757	561.174384	2342.439846
  37.400	   0.153	       556.855	        86.934	     3.504	   449.388	   -42.203	    87.072	     0.009	    -2.626	472.640989	472.640989	557.505139	2341.425962
  37.600	   0.149	       554.187	        85.144	     3.607	   448.331	   -41.100	    86.948	     0.009	    -2.568	468.683938	468.683938	554.104528	2340.266680
  37.800	   0.145	       549.990	        81.576	     3.276	   447.262	   -42.303	    86.799	     0.009	    -2.653	463.030743	463.030743	548.715177	2336.421312
  38.000	   0.141	       543.574	        75.832	     2.686	   446.142	   -44.897	    86.642	     0.007	    -2.827	456.430203	456.430203	542.062257	2331.204691
  38.200	   0.137	       538.593	        71.736	     1.986	   444.938	   -48.072	    86.489	     0.005	    -3.041	451.501640	451.501640	537.344961	2327.371588
  38.400	   0.133	       533.889	        68.296	     0.944	   443.632	   -53.144	    86.352	     0.002	    -3.381	445.841181	445.841181	532.109078	2324.529497
  38.600	   0.130	       531.150	        68.155	    -0.471	   442.146	   -60.645	    86.303	    -0.001	    -3.892	442.312029	442.312029	528.368278	2323.865688
  38.800	   0.126	       528.904	        70.412	    -1.819	   440.449	   -68.382	    86.394	    -0.005	    -4.449	441.155006	441.155006	527.380415	2326.482955
  39.000	   0.122	       527.174	        73.878	    -2.810	   438.570	   -74.025	    86.519	    -0.007	    -4.893	439.298391	439.298391	525.516595	2329.307466
  39.200	   0.118	       525.803	        78.138	    -3.577	   436.547	   -78.300	    86.661	    -0.010	    -5.265	438.243346	438.243346	524.409995	2333.656921
  39.400	   0.114	       525.163	        83.025	    -4.101	   434.415	   -80.985	    86.776	    -0.011	    -5.541	439.082209	439.082209	524.385453	2338.098098
  39.600	   0.110	       524.530	        86.002	    -4.194	   432.243	   -80.436	    86.697	    -0.011	    -5.576	439.608684	439.608684	524.881579	2341.069973
  39.800	   0.106	       525.595	        88.371	    -4.022	   430.100	   -77.638	    86.396	    -0.011	    -5.425	440.860828	440.860828	526.228738	2343.114195
  40.000	   0.102	       526.788	        88.912	    -3.802	   428.040	   -73.970	    85.917	    -0.010	    -5.186	441.823157	441.823157	527.081004	2343.349064
  40.200	   0.098	       526.529	        86.841	    -3.679	   426.068	   -71.509	    85.345	    -0.010	    -5.016	441.407751	441.407751	526.386487	2341.780932
  40.400	   0.094	       526.237	        84.219	    -3.766	   424.118	   -71.082	    84.730	    -0.010	    -4.982	440.127732	440.127732	525.699013	2339.145224
  40.600	   0.090	       523.097	        80.346	    -4.070	   422.148	   -72.349	    84.267	    -0.011	    -5.086	436.860129	436.860129	522.252163	2335.278104
  40.800	   0.086	       520.195	        77.879	    -4.417	   420.117	   -74.118	    83.904	    -0.012	    -5.241	433.952770	433.952770	519.672947	2333.017115
  41.000	   0.082	       515.002	        77.114	    -4.910	   417.993	   -77.736	    83.902	    -0.013	    -5.581	428.733259	428.733259	514.399275	2332.522531
  41.200	   0.078	       508.743	        78.150	    -5.484	   415.734	   -82.262	    84.155	    -0.015	    -6.039	421.823119	421.823119	507.712557	2333.248913
  41.400	   0.075	       504.850	        81.358	    -6.030	   413.344	   -86.134	    84.372	    -0.017	    -6.467	418.722875	418.722875	504.403239	2336.351685
  41.600	   0.071	       503.215	        83.883	    -6.339	   410.871	   -87.647	    84.283	    -0.018	    -6.686	417.605734	417.605734	502.873340	2339.040786
  41.800	   0.067	       501.319	        85.347	    -6.628	   408.358	   -88.613	    84.107	    -0.018	    -6.856	415.765041	415.765041	501.336811	2340.814032
  42.000	   0.063	       503.056	        87.078	    -6.783	   405.804	   -88.730	    83.581	    -0.019	    -6.909	417.398559	417.398559	502.660699	2341.773451
  42.200	   0.059	       505.448	        86.970	    -6.652	   403.261	   -86.856	    82.808	    -0.018	    -6.765	420.789563	420.789563	506.040368	2341.863504
  42.400	   0.055	       509.963	        87.248	    -6.356	   400.775	   -83.961	    81.883	    -0.018	    -6.514	425.364824	425.364824	510.718422	2342.057892
  42.600	   0.051	       515.952	        88.322	    -6.023	   398.369	   -80.884	    80.921	    -0.017	    -6.240	431.241200	431.241200	516.494812	2343.227412
  42.800	   0.047	       522.221	        89.618	    -5.706	   396.031	   -77.931	    79.981	    -0.016	    -5.978	437.425841	437.425841	522.514917	2344.093676
  43.000	   0.043	       527.552	        90.235	    -5.418	   393.755	   -75.166	    79.090	    -0.015	    -5.736	442.859268	442.859268	528.217846	2345.054019
  43.200	   0.039	       532.485	        90.272	    -5.123	   391.542	   -72.379	    78.208	    -0.014	    -5.493	447.731700	447.731700	532.725414	2345.119642
  43.400	   0.035	       537.572	        89.623	    -4.792	   389.401	   -69.395	    77.280	    -0.013	    -5.228	453.053319	453.053319	538.297021	2344.327943
  43.600	   0.031	       541.693	        89.006	    -4.486	   387.342	   -66.450	    76.467	    -0.012	    -4.980	457.005838	457.005838	542.022912	2343.383518
  43.800	   0.027	       543.670	        88.429	    -4.176	   385.365	   -63.329	    75.863	    -0.011	    -4.744	459.184058	459.184058	544.219610	2343.001574
  44.000	   0.024	       543.003	        89.253	    -3.810	   383.474	   -60.103	    75.613	    -0.010	    -4.539	459.145819	459.145819	543.795423	2343.512498
  44.200	   0.020	       544.832	        90.740	    -3.322	   381.687	   -56.056	    75.232	    -0.009	    -4.250	460.432707	460.432707	545.595871	2345.205545
  44.400	   0.016	       542.207	        92.945	    -2.798	   380.018	   -51.796	    75.304	    -0.007	    -3.986	458.495538	458.495538	543.499102	2347.141708
  44.600	   0.012	       537.955	        95.007	    -2.165	   378.484	   -46.928	    75.531	    -0.006	    -3.678	453.742210	453.742210	538.622522	2349.156346
  44.800	   0.008	       537.363	        96.018	    -1.483	   377.106	   -41.419	    75.392	    -0.004	    -3.270	454.022039	454.022039	538.736384	2350.334135
  45.000	   0.004	       535.243	        95.660	    -0.763	   375.902	   -35.493	    75.302	    -0.002	    -2.822	451.914173	451.914173	536.749542	2349.919378
  45.200	   0.000	       532.800	        94.935	     0.000	   374.889	   -28.226	    75.245	    -0.000	    -2.358	449.454052	449.454052	534.153597	2349.085499
  45.400	   0.000	       544.703	        92.935	     0.000	   374.005	   -28.027	    73.925	     0.000	    -2.181	458.707214	458.707214	544.304042	2345.809066
  45.600	   0.000	       540.821	        90.935	     0.000	   373.125	   -27.830	    73.917	     0.000	    -2.180	456.186694	456.186694	541.256741	2342.820622
  45.800	   0.000	       543.240	        88.935	     0.000	   372.249	   -27.634	    73.335	     0.000	    -2.146	458.289505	458.289505	543.783645	2340.617944
  46.000	   0.000	       544.782	        86.935	     0.000	   371.377	   -27.440	    72.930	     0.000	    -2.122	459.205386	459.205386	544.763629	2338.482561
  46.200	   0.000	       545.026	        84.935	     0.000	   370.509	   -27.248	    72.557	     0.000	    -2.101	460.072967	460.072967	545.004200	2339.766281
  46.400	   0.000	       548.666	        86.697	     0.000	   369.645	   -27.058	    72.247	     0.000	    -2.083	463.042031	463.042031	548.562874	2341.918070
  46.600	   0.000	       547.423	        88.697	     0.000	   368.785	   -26.870	    72.309	     0.000	    -2.086	462.954663	462.954663	548.067663	2344.163512
  46.800	   0.000	       552.011	        90.697	     0.000	   367.929	   -26.683	    71.949	     0.000	    -2.066	466.473069	466.473069	551.847573	2346.244292
  47.000	   0.000	       555.183	        92.697	     0.000	   367.077	   -26.498	    71.708	     0.000	    -2.052	469.795133	469.795133	555.084684	2347.472254
  47.200	   0.000	       555.374	        91.243	     0.000	   366.229	   -26.315	    71.409	     0.000	    -2.035	470.131429	470.131429	555.228732	2345.954737
  47.400	   0.000	       559.513	        89.340	     0.000	   365.385	   -26.134	    70.804	     0.000	    -2.000	474.247346	474.247346	559.982310	2344.094326
  47.600	   0.000	       561.823	        87.580	     0.000	   364.545	   -25.954	    70.327	     0.000	    -1.974	476.363514	476.363514	561.556938	2342.327227
  47.800	   0.000	       562.886	        86.195	     0.000	   363.709	   -25.776	    69.941	     0.000	    -1.952	477.283487	477.283487	563.102381	2340.975435
  48.000	   0.000	       558.454	        87.604	     0.000	   362.876	   -25.599	    70.298	     0.000	    -1.972	473.656928	473.656928	558.520761	2342.529864
  48.200	   0.000	       559.601	        89.604	     0.000	   362.048	   -25.424	    70.093	     0.000	    -1.960	474.280585	474.280585	559.787614	2344.600752
  48.400	   0.000	       563.637	        91.604	     0.000	   361.223	   -25.251	    69.832	     0.000	    -1.946	478.280689	478.280689	563.770218	2346.579403
  48.600	   0.000	       562.558	        93.572	     0.000	   360.401	   -25.079	    69.925	     0.000	    -1.951	477.398938	477.398938	562.401502	2348.302758
  48.800	   0.000	       568.142	        92.348	     0.000	   359.584	   -24.909	    69.264	     0.000	    -1.914	482.838766	482.838766	568.052109	2347.100024
  49.000	   0.000	       572.689	        90.551	     0.000	   358.770	   -24.740	    68.670	     0.000	    -1.882	487.133653	487.133653	572.708279	2345.301965
  49.200	   0.000	       578.238	        88.799	     0.000	   357.960	   -24.573	    67.985	     0.000	    -1.844	493.229359	493.229359	578.603629	2343.549165
  49.400	   0.000	       579.939	        87.155	     0.000	   357.154	   -24.407	    67.580	     0.000	    -1.822	494.838035	494.838035	580.012412	2341.937114
  49.600	   0.000	       577.943	        88.488	     0.000	   356.351	   -24.243	    67.655	     0.000	    -1.826	492.720564	492.720564	577.880131	2343.284055
  49.800	   0.000	       574.182	        90.488	     0.000	   355.552	   -24.080	    67.867	     0.000	    -1.838	489.499425	489.499425	574.750973	2345.285355
  50.000	   0.000	       568.607	        92.488	     0.000	   354.756	   -23.919	    68.253	     0.000	    -1.859	483.343664	483.343664	568.614886	2347.249029
  50.200	   0.000	       566.295	        94.330	     0.000	   353.964	   -23.759	    68.411	     0.000	    -1.867	481.367425	481.367425	566.581238	2349.070777
  50.400	   0.000	       565.512	        93.225	     0.000	   353.176	   -23.600	    68.271	     0.000	    -1.860	479.933296	479.933296	565.427201	2347.976780
  50.600	   0.000	       555.496	        91.429	     0.000	   352.391	   -23.443	    68.661	     0.000	    -1.881	470.234246	470.234246	555.613296	2346.178997
  50.800	   0.000	       550.387	        89.647	     0.000	   351.609	   -23.288	    68.797	     0.000	    -1.889	464.596214	464.596214	550.096920	2344.396187
  51.000	   0.000	       534.332	        87.997	     0.000	   350.831	   -23.133	    69.704	     0.000	    -1.939	449.568452	449.568452	534.785370	2342.772195
  51.200	   0.000	       527.064	        89.213	     0.000	   350.056	   -22.981	    70.200	     0.000	    -1.966	441.321418	441.321418	526.569146	2343.992255
  51.400	   0.000	       512.093	        91.213	     0.000	   349.285	   -22.829	    71.459	     0.000	    -2.038	426.272547	426.272547	512.016453	2345.973142
  51.600	   0.000	       495.900	        93.182	     0.000	   348.517	   -22.679	    72.846	     0.000	    -2.117	410.882921	410.882921	495.881352	2347.930083
  51.800	   0.000	       487.198	        94.981	     0.000	   347.753	   -22.530	    73.712	     0.000	    -2.168	401.661603	401.661603	487.124094	2349.723178
  52.000	   0.000	       482.832	        93.965	     0.000	   346.992	   -22.382	    73.912	     0.000	    -2.180	397.641813	397.641813	482.983525	2348.716478
  52.200	   0.000	       485.071	        92.142	     0.000	   346.234	   -22.236	    73.403	     0.000	    -2.150	399.444955	399.444955	484.824617	2346.892264
  52.400	   0.000	       487.316	        90.343	     0.000	   345.479	   -22.091	    72.892	     0.000	    -2.120	402.654161	402.654161	487.707725	2345.092769
  52.600	   0.000	       496.473	        88.701	     0.000	   344.728	   -21.947	    71.699	     0.000	    -2.051	410.612736	410.612736	496.242404	2343.473214
  52.800	   0.000	       497.704	        89.807	     0.000	   343.980	   -21.805	    71.602	     0.000	    -2.046	412.495413	412.495413	497.729312	2344.579899
  53.000	   0.000	       503.222	        91.807	     0.000	   343.235	   -21.663	    71.059	     0.000	    -2.015	418.291081	418.291081	503.580346	2346.557266
  53.200	   0.000	       521.634	        93.747	     0.000	   342.494	   -21.523	    69.653	     0.000	    -1.936	435.565791	435.565791	520.820343	2348.496235
  53.400	   0.000	       526.809	        95.515	     0.000	   341.756	   -21.384	    69.146	     0.000	    -1.908	442.732224	442.732224	527.560849	2350.255967
  53.600	   0.000	       551.695	        94.574	     0.000	   341.020	   -21.247	    67.047	     0.000	    -1.794	465.733072	465.733072	551.534986	2349.324517
  53.800	   0.000	       558.806	        92.717	     0.000	   340.288	   -21.110	    66.315	     0.000	    -1.755	473.501870	473.501870	558.475454	2347.466448
  54.000	   0.000	       577.749	        90.909	     0.000	   339.560	   -20.975	    64.655	     0.000	    -1.668	492.289334	492.289334	578.016659	2345.657768
  54.200	   0.000	       589.994	        89.268	     0.000	   338.834	   -20.840	    63.715	     0.000	    -1.620	504.993776	504.993776	589.896943	2344.038204
  54.400	   0.000	       594.617	        90.286	     0.000	   338.111	   -20.707	    63.186	     0.000	    -1.593	509.684990	509.684990	595.130361	2345.043623
  54.600	   0.000	       599.319	        92.269	     0.000	   337.392	   -20.575	    62.954	     0.000	    -1.581	513.752713	513.752713	599.147897	2347.018976
  54.800	   0.000	       589.274	        94.186	     0.000	   336.675	   -20.445	    63.476	     0.000	    -1.608	503.718929	503.718929	589.072071	2348.934346
  55.000	   0.000	       580.930	        95.915	     0.000	   335.962	   -20.315	    64.028	     0.000	    -1.636	495.903977	495.903977	581.265573	2350.660154
  55.200	   0.000	       570.258	        95.035	     0.000	   335.251	   -20.186	    64.609	     0.000	    -1.666	484.928399	484.928399	570.042076	2349.784409
  55.400	   0.000	       565.061	        93.155	     0.000	   334.544	   -20.059	    64.615	     0.000	    -1.666	479.856232	479.856232	565.435095	2347.904777
  55.600	   0.000	       552.947	        91.338	     0.000	   333.839	   -19.932	    65.280	     0.000	    -1.700	467.165891	467.165891	552.472157	2346.086258
  55.800	   0.000	       536.339	        89.698	     0.000	   333.138	   -19.807	    66.132	     0.000	    -1.745	451.072415	451.072415	536.124232	2344.463618
  56.000	   0.000	       524.040	        90.613	     0.000	   332.439	   -19.683	    67.014	     0.000	    -1.792	438.585348	438.585348	524.321659	2345.376730
  56.200	   0.000	       504.850	        92.594	     0.000	   331.744	   -19.559	    68.563	     0.000	    -1.876	419.480202	419.480202	504.295747	2347.345907
  56.400	   0.000	       497.416	        94.489	     0.000	   331.051	   -19.437	    69.213	     0.000	    -1.911	411.998388	411.998388	497.335726	2349.237976
  56.600	   0.000	       481.955	        96.187	     0.000	   330.361	   -19.316	    70.613	     0.000	    -1.990	397.246703	397.246703	482.233519	2350.932143
  56.800	   0.000	       480.126	        95.367	     0.000	   329.674	   -19.196	    70.579	     0.000	    -1.988	395.001211	395.001211	480.206917	2350.118441
  57.000	   0.000	       479.408	        93.455	     0.000	   328.990	   -19.076	    70.383	     0.000	    -1.977	393.792511	393.792511	479.426925	2348.204796
  57.200	   0.000	       483.988	        91.622	     0.000	   328.309	   -18.958	    69.623	     0.000	    -1.934	398.893765	398.893765	483.751634	2346.373209
  57.400	   0.000	       504.494	        89.979	     0.000	   327.630	   -18.841	    67.761	     0.000	    -1.832	417.977451	417.977451	503.928682	2344.742035
  57.600	   0.000	       508.181	        90.796	     0.000	   326.954	   -18.724	    67.197	     0.000	    -1.802	423.874947	423.874947	508.679047	2345.561440
  57.800	   0.000	       525.811	        92.783	     0.000	   326.281	   -18.609	    65.911	     0.000	    -1.733	439.221301	439.221301	524.880910	2347.531723
  58.000	   0.000	       528.749	        94.652	     0.000	   325.611	   -18.495	    65.680	     0.000	    -1.721	444.444820	444.444820	529.462961	2349.401382
  58.200	   0.000	       547.131	        96.323	     0.000	   324.944	   -18.381	    64.337	     0.000	    -1.652	460.903298	460.903298	546.104247	2351.068115
  58.400	   0.000	       559.211	        95.562	     0.000	   324.279	   -18.269	    63.339	     0.000	    -1.601	474.150576	474.150576	559.637304	2350.314760
  58.600	   0.000	       573.575	        93.606	     0.000	   323.617	   -18.157	    62.077	     0.000	    -1.538	488.116127	488.116127	573.434915	2348.358833
  58.800	   0.000	       585.630	        91.761	     0.000	   322.958	   -18.046	    61.108	     0.000	    -1.490	499.819435	499.819435	585.065281	2346.511451
  59.000	   0.000	       588.783	        90.107	     0.000	   322.301	   -17.936	    60.628	     0.000	    -1.467	504.197651	504.197651	589.410141	2344.867876
  59.200	   0.000	       596.273	        90.827	     0.000	   321.648	   -17.827	    60.080	     0.000	    -1.440	510.197649	510.197649	595.923299	2345.593392
  59.400	   0.000	       588.090	        92.822	     0.000	   320.996	   -17.719	    60.576	     0.000	    -1.464	503.496653	503.496653	588.565628	2347.568153
  59.600	   0.000	       585.461	        94.669	     0.000	   320.348	   -17.612	    60.658	     0.000	    -1.468	499.713687	499.713687	585.182127	2349.417063
  59.800	   0.000	       569.763	        96.313	     0.000	   319.702	   -17.506	    61.720	     0.000	    -1.520	484.418770	484.418770	569.701645	2351.058106
  60.000	   0.000	       546.657	        95.622	     0.000	   319.058	   -17.400	    62.972	     0.000	    -1.582	462.136698	462.136698	547.153253	2350.364014
  60.200	   0.000	       544.406	        93.622	     0.000	   318.417	   -17.296	    63.016	     0.000	    -1.585	458.436476	458.436476	544.052632	2348.365520
  60.400	   0.000	       524.193	        91.740	     0.000	   317.779	   -17.192	    64.145	     0.000	    -1.642	439.555079	439.555079	524.458691	2346.491908
  60.600	   0.000	       521.126	        90.073	     0.000	   317.143	   -17.089	    64.102	     0.000	    -1.640	435.670679	435.670679	521.168121	2344.831176
  60.800	   0.000	       503.535	        90.702	     0.000	   316.510	   -16.987	    65.421	     0.000	    -1.708	417.834569	417.834569	502.840344	2345.457214
  61.000	   0.000	       491.823	        92.676	     0.000	   315.880	   -16.885	    66.253	     0.000	    -1.752	407.065450	407.065450	492.542637	2347.424867
  61.200	   0.000	       482.610	        94.510	     0.000	   315.252	   -16.785	    67.254	     0.000	    -1.805	396.959106	396.959106	481.938359	2349.260556
  61.400	   0.000	       475.993	        96.130	     0.000	   314.626	   -16.685	    67.721	     0.000	    -1.830	390.791473	390.791473	476.163410	2350.874136
  61.600	   0.000	       479.947	        95.502	     0.000	   314.003	   -16.586	    67.353	     0.000	    -1.810	394.085283	394.085283	479.703081	2350.232943
  61.800	   0.000	       480.942	        93.502	     0.000	   313.382	   -16.488	    66.915	     0.000	    -1.787	395.741626	395.741626	480.726363	2348.214646
  62.000	   0.000	       493.391	        91.550	     0.000	   312.764	   -16.391	    65.579	     0.000	    -1.716	407.832730	407.832730	493.399176	2346.295782
  62.200	   0.000	       502.472	        89.861	     0.000	   312.148	   -16.294	    64.646	     0.000	    -1.668	417.453851	417.453851	502.317531	2344.618625
  62.400	   0.000	       523.448	        90.397	     0.000	   311.535	   -16.198	    62.921	     0.000	    -1.580	437.957564	437.957564	523.489700	2345.145099
  62.600	   0.000	       541.794	        92.321	     0.000	   310.924	   -16.103	    61.656	     0.000	    -1.517	456.023555	456.023555	541.456026	2347.070938
  62.800	   0.000	       545.645	        94.174	     0.000	   310.315	   -16.009	    61.371	     0.000	    -1.503	460.552185	460.552185	545.533939	2348.923628
  63.000	   0.000	       561.645	        95.759	     0.000	   309.709	   -15.915	    60.283	     0.000	    -1.450	476.315746	476.315746	562.002981	2350.504208
  63.200	   0.000	       563.335	        95.189	     0.000	   309.105	   -15.822	    60.065	     0.000	    -1.440	478.589853	478.589853	563.314787	2349.914353
  63.400	   0.000	       579.855	        93.189	     0.000	   308.503	   -15.730	    58.769	     0.000	    -1.378	494.020084	494.020084	579.570059	2347.897495
  63.600	   0.000	       583.668	        91.189	     0.000	   307.904	   -15.638	    58.314	     0.000	    -1.357	498.985814	498.985814	584.234812	2345.930771
  63.800	   0.000	       588.898	        89.467	     0.000	   307.307	   -15.548	    57.735	     0.000	    -1.330	503.443688	503.443688	588.746963	2344.224626
  64.000	   0.000	       586.423	        89.904	     0.000	   306.713	   -15.458	    57.803	     0.000	    -1.333	501.243162	501.243162	586.842808	2344.651707
  64.200	   0.000	       573.786	        91.782	     0.000	   306.121	   -15.368	    58.508	     0.000	    -1.366	488.704197	488.704197	573.667494	2346.531849
  64.400	   0.000	       567.223	        93.626	     0.000	   305.531	   -15.280	    58.930	     0.000	    -1.386	481.875785	481.875785	567.212010	2348.376146
  64.600	   0.000	       549.870	        95.204	     0.000	   304.943	   -15.192	    59.996	     0.000	    -1.436	465.209244	465.209244	550.374479	2349.947244
  64.800	   0.000	       536.354	        94.687	     0.000	   304.357	   -15.104	    60.754	     0.000	    -1.473	450.139389	450.139389	535.750305	2349.412460
  65.000	   0.000	       514.358	        92.687	     0.000	   303.774	   -15.018	    62.093	     0.000	    -1.538	429.469570	429.469570	514.663001	2347.397518
  65.200	   0.000	       504.123	        90.687	     0.000	   303.193	   -14.932	    62.612	     0.000	    -1.564	418.882019	418.882019	503.816261	2345.402912
  65.400	   0.000	       495.477	        88.895	     0.000	   302.615	   -14.846	    63.005	     0.000	    -1.584	409.972792	409.972792	495.476479	2343.655488
  65.600	   0.000	       488.735	        89.238	     0.000	   302.038	   -14.762	    63.431	     0.000	    -1.605	403.427656	403.427656	488.710084	2343.983311
  65.800	   0.000	       485.811	        91.068	     0.000	   301.464	   -14.677	    63.731	     0.000	    -1.621	399.435934	399.435934	484.800815	2345.817991
  66.000	   0.000	       474.147	        92.880	     0.000	   300.891	   -14.594	    64.700	     0.000	    -1.670	389.677161	389.677161	474.698086	2347.629135
  66.200	   0.000	       476.900	        94.468	     0.000	   300.321	   -14.511	    64.519	     0.000	    -1.661	390.968342	390.968342	476.413035	2349.211211
  66.400	   0.000	       476.618	        94.000	     0.000	   299.754	   -14.429	    64.444	     0.000	    -1.657	391.424746	391.424746	476.718948	2348.730425
  66.600	   0.000	       487.886	        92.000	     0.000	   299.188	   -14.348	    63.191	     0.000	    -1.593	402.726300	402.726300	487.718334	2346.718544
  66.800	   0.000	       506.162	        90.000	     0.000	   298.624	   -14.267	    61.608	     0.000	    -1.515	420.306063	420.306063	505.670428	2344.717525
  67.000	   0.000	       513.469	        88.165	     0.000	   298.063	   -14.186	    60.729	     0.000	    -1.472	428.626542	428.626542	513.792261	2342.927094
  67.200	   0.000	       534.862	        88.415	     0.000	   297.504	   -14.107	    59.208	     0.000	    -1.399	449.172156	449.172156	534.717878	2343.159180
  67.400	   0.000	       547.118	        90.200	     0.000	   296.946	   -14.028	    58.398	     0.000	    -1.361	462.004820	462.004820	547.029889	2344.950561
  67.600	   0.000	       564.448	        91.978	     0.000	   296.391	   -13.949	    57.312	     0.000	    -1.311	479.000209	479.000209	564.503782	2346.727070
  67.800	   0.000	       567.642	        93.559	     0.000	   295.838	   -13.871	    57.092	     0.000	    -1.301	482.606402	482.606402	567.506915	2348.313261
  68.000	   0.000	       575.311	        93.151	     0.000	   295.287	   -13.794	    56.476	     0.000	    -1.273	489.852996	489.852996	575.663063	2347.885268
  68.200	   0.000	       573.320	        91.151	     0.000	   294.738	   -13.717	    56.409	     0.000	    -1.270	488.315734	488.315734	573.062588	2345.878042
  68.400	   0.000	       575.819	        89.151	     0.000	   294.191	   -13.641	    56.001	     0.000	    -1.251	490.279060	490.279060	575.628418	2343.878068
  68.600	   0.000	       578.578	        87.306	     0.000	   293.646	   -13.565	    55.659	     0.000	    -1.236	493.187921	493.187921	578.869020	2342.053549
  68.800	   0.000	       569.579	        87.459	     0.000	   293.103	   -13.490	    56.023	     0.000	    -1.252	484.567057	484.567057	569.419374	2342.199355
  69.000	   0.000	       563.572	        89.207	     0.000	   292.562	   -13.415	    56.358	     0.000	    -1.267	477.860970	477.860970	563.559765	2343.957103
  69.200	   0.000	       543.426	        90.954	     0.000	   292.023	   -13.341	    57.632	     0.000	    -1.325	458.098610	458.098610	543.048377	2345.703031
  69.400	   0.000	       526.318	        92.538	     0.000	   291.487	   -13.268	    58.714	     0.000	    -1.376	441.291904	441.291904	526.711595	2347.284793
  69.600	   0.000	       515.491	        92.173	     0.000	   290.952	   -13.195	    59.365	     0.000	    -1.406	430.136149	430.136149	515.428826	2346.906837
  69.800	   0.000	       494.263	        90.173	     0.000	   290.419	   -13.123	    60.610	     0.000	    -1.466	409.045011	409.045011	494.057647	2344.906332
  70.000	   0.000	       487.351	        88.173	     0.000	   289.888	   -13.051	    60.920	     0.000	    -1.481	401.836609	401.836609	487.249464	2342.909917
  70.200	   0.000	       474.261	        86.305	     0.000	   289.358	   -12.979	    61.701	     0.000	    -1.519	389.313352	389.313352	474.281951	2341.061279
  70.400	   0.000	       476.896	        86.392	     0.000	   288.831	   -12.909	    61.372	     0.000	    -1.503	391.001200	391.001200	476.606901	2341.132741
  70.600	   0.000	       473.607	        88.116	     0.000	   288.306	   -12.838	    61.724	     0.000	    -1.520	388.782414	388.782414	473.884971	2342.866975
  70.800	   0.000	       479.904	        89.836	     0.000	   287.783	   -12.769	    61.193	     0.000	    -1.494	394.081511	394.081511	479.307417	2344.585910
  71.000	   0.000	       481.018	        91.419	     0.000	   287.261	   -12.699	    61.176	     0.000	    -1.493	395.587207	395.587207	481.118919	2346.160120
  71.200	   0.000	       483.766	        91.115	     0.000	   286.742	   -12.630	    60.792	     0.000	    -1.475	398.658475	398.658475	483.709938	2345.838858
  71.400	   0.000	       497.451	        89.115	     0.000	   286.224	   -12.562	    59.560	     0.000	    -1.415	411.805597	411.805597	497.239111	2343.845803
  71.600	   0.000	       510.112	        87.115	     0.000	   285.708	   -12.494	    58.434	     0.000	    -1.362	425.259802	425.259802	510.279075	2341.853059
  71.800	   0.000	       531.837	        85.236	     0.000	   285.194	   -12.427	    56.733	     0.000	    -1.284	446.205381	446.205381	531.527012	2339.991380
  72.000	   0.000	       543.312	        85.240	     0.000	   284.682	   -12.360	    55.904	     0.000	    -1.247	458.050650	458.050650	543.681966	2339.995865
  72.200	   0.000	       556.850	        86.953	     0.000	   284.172	   -12.294	    55.085	     0.000	    -1.211	471.754915	471.754915	556.673818	2341.703590
  72.400	   0.000	       570.122	        88.654	     0.000	   283.663	   -12.228	    54.341	     0.000	    -1.178	483.941458	483.941458	569.844880	2343.402584
  72.600	   0.000	       570.766	        90.236	     0.000	   283.157	   -12.163	    54.256	     0.000	    -1.175	486.126312	486.126312	571.135445	2344.975244
  72.800	   0.000	       577.605	        89.969	     0.000	   282.652	   -12.098	    53.769	     0.000	    -1.154	491.586035	491.586035	577.011715	2344.713404
  73.000	   0.000	       568.309	        87.971	     0.000	   282.149	   -12.033	    54.061	     0.000	    -1.166	483.885692	483.885692	568.934620	2342.721231
  73.200	   0.000	       564.772	        85.989	     0.000	   281.647	   -11.969	    54.026	     0.000	    -1.165	479.514290	479.514290	564.623833	2340.738948
  73.400	   0.000	       557.180	        84.124	     0.000	   281.148	   -11.906	    54.313	     0.000	    -1.177	471.793618	471.793618	557.164804	2338.881687
  73.600	   0.000	       549.146	        84.080	     0.000	   280.650	   -11.842	    54.602	     0.000	    -1.190	463.940124	463.940124	549.238446	2338.834162
  73.800	   0.000	       542.483	        85.780	     0.000	   280.154	   -11.780	    55.045	     0.000	    -1.209	457.265345	457.265345	542.531094	2340.529303
  74.000	   0.000	       523.685	        87.458	     0.000	   279.660	   -11.718	    56.160	     0.000	    -1.258	439.243898	439.243898	524.369444	2342.207299
  74.200	   0.000	       506.729	        89.029	     0.000	   279.168	   -11.656	    57.306	     0.000	    -1.310	421.316905	421.316905	506.619910	2343.765599
  74.400	   0.000	       488.790	        88.811	     0.000	   278.677	   -11.594	    58.472	     0.000	    -1.364	403.794531	403.794531	488.886892	2343.553407
  74.600	   0.000	       481.221	        86.816	     0.000	   278.188	   -11.534	    58.794	     0.000	    -1.379	395.680257	395.680257	481.153941	2341.567598
  74.800	   0.000	       468.340	        84.857	     0.000	   277.701	   -11.473	    59.561	     0.000	    -1.416	383.397994	383.397994	468.322313	2339.608086
  75.000	   0.000	       467.316	        83.011	     0.000	   277.215	   -11.413	    59.367	     0.000	    -1.406	381.777502	381.777502	467.459909	2337.768328
  75.200	   0.000	       467.412	        82.907	     0.000	   276.731	   -11.353	    59.308	     0.000	    -1.404	382.168938	382.168938	467.207307	2337.664288
  75.400	   0.000	       470.078	        84.605	     0.000	   276.249	   -11.294	    59.130	     0.000	    -1.395	384.475331	384.475331	469.691263	2339.355279
  75.600	   0.000	       481.243	        86.267	     0.000	   275.768	   -11.235	    58.302	     0.000	    -1.356	396.152703	396.152703	481.603468	2341.016708
  75.800	   0.000	       490.260	        87.822	     0.000	   275.289	   -11.177	    57.705	     0.000	    -1.329	404.235439	404.235439	489.523297	2342.560697
  76.000	   0.000	       498.875	        87.667	     0.000	   274.812	   -11.119	    56.923	     0.000	    -1.293	413.649533	413.649533	499.008454	2342.406900
  76.200	   0.000	       509.426	        85.682	     0.000	   274.337	   -11.061	    56.059	     0.000	    -1.254	423.812499	423.812499	508.912346	2340.431762
  76.400	   0.000	       518.524	        83.748	     0.000	   273.863	   -11.004	    55.193	     0.000	    -1.216	433.566946	433.566946	518.945841	2338.497702
  76.600	   0.000	       538.993	        81.920	     0.000	   273.390	   -10.947	    53.779	     0.000	    -1.154	453.426831	453.426831	538.819500	2336.676047
  76.800	   0.000	       553.979	        81.759	     0.000	   272.920	   -10.891	    52.791	     0.000	    -1.112	468.157080	468.157080	553.560756	2336.518711
  77.000	   0.000	       565.465	        83.461	     0.000	   272.451	   -10.835	    52.165	     0.000	    -1.086	480.217523	480.217523	565.612692	2338.210425
  77.200	   0.000	       567.721	        85.109	     0.000	   271.983	   -10.779	    52.022	     0.000	    -1.080	482.758503	482.758503	567.692916	2339.858759
  77.400	   0.000	       572.870	        86.652	     0.000	   271.518	   -10.724	    51.696	     0.000	    -1.066	487.248294	487.248294	572.946281	2341.391134
  77.600	   0.000	       564.193	        86.565	     0.000	   271.053	   -10.669	    52.092	     0.000	    -1.083	479.415426	479.415426	564.454922	2341.301490
  77.800	   0.000	       561.897	        84.587	     0.000	   270.591	   -10.614	    52.003	     0.000	    -1.079	476.501251	476.501251	561.534742	2339.337924
  78.000	   0.000	       550.665	        82.677	     0.000	   270.130	   -10.560	    52.418	     0.000	    -1.096	465.331611	465.331611	550.821160	2337.427160
  78.200	   0.000	       536.592	        80.871	     0.000	   269.670	   -10.506	    53.021	     0.000	    -1.122	451.999816	451.999816	537.020156	2335.627234
  78.400	   0.000	       526.156	        80.657	     0.000	   269.212	   -10.453	    53.531	     0.000	    -1.143	440.616930	440.616930	525.938298	2335.422767
  78.600	   0.000	       513.689	        82.369	     0.000	   268.756	   -10.400	    54.323	     0.000	    -1.178	428.825387	428.825387	514.153983	2337.119437
  78.800	   0.000	       505.337	        84.006	     0.000	   268.301	   -10.347	    54.868	     0.000	    -1.201	419.896989	419.896989	505.135374	2338.756299
  79.000	   0.000	       490.543	        85.540	     0.000	   267.848	   -10.295	    55.830	     0.000	    -1.244	405.479282	405.479282	491.017233	2340.279776
  79.200	   0.000	       473.698	        85.520	     0.000	   267.396	   -10.243	    56.963	     0.000	    -1.295	388.153736	388.153736	473.082272	2340.254752
  79.400	   0.000	       464.771	        83.554	     0.000	   266.946	   -10.191	    57.413	     0.000	    -1.315	379.291561	379.291561	464.680038	2338.303270
  79.600	   0.000	       456.717	        81.667	     0.000	   266.497	   -10.140	    57.785	     0.000	    -1.332	372.070551	372.070551	457.039019	2336.417607
  79.800	   0.000	       462.459	        79.889	     0.000	   266.050	   -10.089	    57.163	     0.000	    -1.304	376.416527	376.416527	461.889450	2334.644629
  80.000	   0.000	       465.783	        79.628	     0.000	   265.604	   -10.038	    56.818	     0.000	    -1.288	380.703520	380.703520	465.990629	2334.397903
  80.200	   0.000	       477.323	        81.347	     0.000	   265.160	    -9.988	    56.001	     0.000	    -1.251	391.400274	391.400274	476.744431	2336.095523
  80.400	   0.000	       484.981	        82.974	     0.000	   264.717	    -9.938	    55.534	     0.000	    -1.231	399.422617	399.422617	484.694547	2337.723618
  80.600	   0.000	       498.424	        84.503	     0.000	   264.276	    -9.888	    54.572	     0.000	    -1.188	413.273286	413.273286	498.609066	2339.242885
  80.800	   0.000	       512.783	        84.547	     0.000	   263.836	    -9.839	    53.629	     0.000	    -1.148	427.018443	427.018443	512.353581	2339.279378
  81.000	   0.000	       522.984	        82.594	     0.000	   263.397	    -9.790	    52.732	     0.000	    -1.110	438.294166	438.294166	523.355613	2337.344867
  81.200	   0.000	       534.437	        80.736	     0.000	   262.960	    -9.741	    51.904	     0.000	    -1.075	448.771187	448.771187	534.332677	2335.486185
  81.400	   0.000	       540.704	        78.983	     0.000	   262.525	    -9.693	    51.351	     0.000	    -1.052	455.647825	455.647825	540.865836	2333.739949
  81.600	   0.000	       556.082	        78.681	     0.000	   262.091	    -9.645	    50.408	     0.000	    -1.014	470.775034	470.775034	556.185002	2333.453167
  81.800	   0.000	       564.997	        80.399	     0.000	   261.658	    -9.597	    49.953	     0.000	    -0.996	479.781305	479.781305	564.820732	2335.151378
  82.000	   0.000	       566.597	        82.026	     0.000	   261.227	    -9.550	    49.817	     0.000	    -0.990	481.548835	481.548835	567.068577	2336.776624
  82.200	   0.000	       567.701	        83.552	     0.000	   260.797	    -9.503	    49.777	     0.000	    -0.989	481.949502	481.949502	567.424499	2338.293778
  82.400	   0.000	       553.930	        83.654	     0.000	   260.369	    -9.456	    50.394	     0.000	    -1.013	468.828943	468.828943	553.990751	2338.387401
  82.600	   0.000	       542.260	        81.723	     0.000	   259.942	    -9.410	    50.824	     0.000	    -1.031	457.621739	457.621739	542.854679	2336.473079
  82.800	   0.000	       531.977	        79.891	     0.000	   259.517	    -9.364	    51.262	     0.000	    -1.049	446.485530	446.485530	531.587993	2334.641799
  83.000	   0.000	       517.205	        78.165	     0.000	   259.093	    -9.318	    51.872	     0.000	    -1.074	432.255582	432.255582	517.687011	2332.920601
  83.200	   0.000	       505.097	        77.828	     0.000	   258.670	    -9.272	    52.542	     0.000	    -1.102	420.011891	420.011891	505.182109	2332.600053
  83.400	   0.000	       490.407	        79.553	     0.000	   258.248	    -9.227	    53.455	     0.000	    -1.140	405.115555	405.115555	490.437177	2334.301221
  83.600	   0.000	       481.963	        81.174	     0.000	   257.828	    -9.182	    54.087	     0.000	    -1.167	396.541198	396.541198	482.091229	2335.924571
  83.800	   0.000	       473.003	        82.697	     0.000	   257.410	    -9.137	    54.679	     0.000	    -1.193	387.727096	387.727096	472.716634	2337.439076
  84.000	   0.000	       467.158	        82.853	     0.000	   256.993	    -9.093	    55.029	     0.000	    -1.208	382.067562	382.067562	467.516966	2337.587349
  84.200	   0.000	       456.225	        80.943	     0.000	   256.577	    -9.049	    55.627	     0.000	    -1.235	370.973642	370.973642	455.942994	2335.697234
  84.400	   0.000	       456.330	        79.143	     0.000	   256.162	    -9.005	    55.401	     0.000	    -1.225	370.789681	370.789681	456.348378	2333.892426
  84.600	   0.000	       458.434	        77.441	     0.000	   255.749	    -8.962	    55.082	     0.000	    -1.211	372.882796	372.882796	458.286158	2332.196558
  84.800	   0.000	       467.757	        77.075	     0.000	   255.337	    -8.918	    54.324	     0.000	    -1.178	382.599770	382.599770	467.562266	2331.848111
  85.000	   0.000	       484.762	        78.801	     0.000	   254.926	    -8.875	    53.183	     0.000	    -1.129	399.305204	399.305204	484.908347	2333.550719
  85.200	   0.000	       498.247	        80.425	     0.000	   254.517	    -8.833	    52.335	     0.000	    -1.093	413.203282	413.203282	498.519689	2335.173155
  85.400	   0.000	       509.339	        81.945	     0.000	   254.109	    -8.790	    51.665	     0.000	    -1.065	423.819909	423.819909	508.908151	2336.687889
  85.600	   0.000	       523.067	        82.156	     0.000	   253.702	    -8.748	    50.773	     0.000	    -1.029	438.034873	438.034873	523.478150	2336.891894
  85.800	   0.000	       533.757	        80.276	     0.000	   253.297	    -8.706	    50.002	     0.000	    -0.998	448.286411	448.286411	533.554469	2335.028416
  86.000	   0.000	       545.108	        78.497	     0.000	   252.893	    -8.665	    49.193	     0.000	    -0.966	459.934853	459.934853	545.501472	2333.247582
  86.200	   0.000	       548.758	        76.822	     0.000	   252.490	    -8.623	    48.826	     0.000	    -0.951	463.415120	463.415120	548.507497	2331.576411
  86.400	   0.000	       554.834	        76.430	     0.000	   252.089	    -8.582	    48.439	     0.000	    -0.936	469.186955	469.186955	554.615189	2331.203785
  86.600	   0.000	       556.392	        78.157	     0.000	   251.688	    -8.542	    48.336	     0.000	    -0.932	471.966658	471.966658	557.076992	2332.905264
  86.800	   0.000	       559.432	        79.781	     0.000	   251.289	    -8.501	    48.179	     0.000	    -0.926	473.587107	473.587107	559.006543	2334.531882
  87.000	   0.000	       551.984	        81.309	     0.000	   250.892	    -8.461	    48.557	     0.000	    -0.941	467.002083	467.002083	552.360313	2336.052007
  87.200	   0.000	       544.458	        81.572	     0.000	   250.495	    -8.421	    48.869	     0.000	    -0.953	459.082078	459.082078	544.158161	2336.309751
  87.400	   0.000	       525.305	        79.722	     0.000	   250.100	    -8.381	    49.727	     0.000	    -0.987	440.124463	440.124463	525.486417	2334.473023
  87.600	   0.000	       508.425	        77.967	     0.000	   249.706	    -8.341	    50.489	     0.000	    -1.017	423.529169	423.529169	508.908486	2332.714871
  87.800	   0.000	       495.643	        76.313	     0.000	   249.314	    -8.302	    51.137	     0.000	    -1.043	410.175726	410.175726	495.418344	2331.069367
  88.000	   0.000	       484.250	        75.901	     0.000	   248.922	    -8.263	    51.693	     0.000	    -1.066	399.062272	399.062272	484.224596	2330.675060
  88.200	   0.000	       474.817	        77.628	     0.000	   248.532	    -8.224	    52.359	     0.000	    -1.094	389.507927	389.507927	474.939388	2332.377031
  88.400	   0.000	       464.538	        79.263	     0.000	   248.143	    -8.186	    53.057	     0.000	    -1.123	379.257822	379.257822	464.517610	2334.012520
  88.600	   0.000	       459.118	        80.793	     0.000	   247.755	    -8.147	    53.466	     0.000	    -1.141	373.834961	373.834961	459.295242	2335.539414
  88.800	   0.000	       460.411	        81.110	     0.000	   247.368	    -8.109	    53.388	     0.000	    -1.137	374.638818	374.638818	459.779747	2335.848917
  89.000	   0.000	       456.175	        79.289	     0.000	   246.983	    -8.071	    53.428	     0.000	    -1.139	371.230500	371.230500	456.582529	2334.040868
  89.200	   0.000	       460.535	        77.554	     0.000	   246.599	    -8.034	    52.959	     0.000	    -1.119	375.016108	375.016108	460.420895	2332.305245
  89.400	   0.000	       465.141	        75.932	     0.000	   246.216	    -7.996	    52.443	     0.000	    -1.097	379.694869	379.694869	464.885611	2330.685220
  89.600	   0.000	       475.490	        75.497	     0.000	   245.834	    -7.959	    51.666	     0.000	    -1.065	390.122303	390.122303	475.583154	2330.271584
  89.800	   0.000	       490.546	        77.228	     0.000	   245.453	    -7.922	    50.793	     0.000	    -1.029	405.369842	405.369842	490.303192	2331.976737
  90.000	   0.000	       511.185	        78.875	     0.000	   245.074	    -7.886	    49.535	     0.000	    -0.979	425.643129	425.643129	511.383654	2333.625197
  90.200	   0.000	       525.080	        80.417	     0.000	   244.696	    -7.849	    48.787	     0.000	    -0.950	439.790705	439.790705	525.032706	2335.160381
  90.400	   0.000	       534.271	        80.781	     0.000	   244.319	    -7.813	    48.202	     0.000	    -0.927	448.531725	448.531725	533.761782	2335.521790
  90.600	   0.000	       543.180	        78.990	     0.000	   243.943	    -7.777	    47.599	     0.000	    -0.904	457.960035	457.960035	543.426048	2333.744223
  90.800	   0.000	       545.837	        77.277	     0.000	   243.568	    -7.741	    47.281	     0.000	    -0.892	460.706419	460.706419	545.741987	2332.029564
  91.000	   0.000	       553.974	        75.678	     0.000	   243.194	    -7.706	    46.716	     0.000	    -0.871	468.664466	468.664466	554.195282	2330.433155
  91.200	   0.000	       550.786	        75.230	     0.000	   242.822	    -7.670	    46.772	     0.000	    -0.873	465.695229	465.695229	550.716777	2330.002384
  91.400	   0.000	       547.471	        76.966	     0.000	   242.450	    -7.635	    46.936	     0.000	    -0.879	462.167245	462.167245	547.576865	2331.713547
  91.600	   0.000	       544.628	        78.630	     0.000	   242.080	    -7.600	    47.070	     0.000	    -0.884	459.404678	459.404678	544.873968	2333.378517
  91.800	   0.000	       534.425	        80.181	     0.000	   241.711	    -7.565	    47.604	     0.000	    -0.904	449.193680	449.193680	534.287967	2334.926193
  92.000	   0.000	       525.362	        80.601	     0.000	   241.343	    -7.531	    48.043	     0.000	    -0.921	440.182193	440.182193	525.592259	2335.341045
  92.200	   0.000	       510.908	        78.841	     0.000	   240.976	    -7.497	    48.660	     0.000	    -0.945	425.861899	425.861899	511.198504	2333.593733
  92.400	   0.000	       491.230	        77.147	     0.000	   240.610	    -7.463	    49.599	     0.000	    -0.982	405.759512	405.759512	491.183277	2331.898194
  92.600	   0.000	       474.123	        75.573	     0.000	   240.246	    -7.429	    50.508	     0.000	    -1.018	389.420711	389.420711	474.658418	2330.324975
  92.800	   0.000	       463.492	        75.104	     0.000	   239.882	    -7.395	    51.081	     0.000	    -1.041	378.386308	378.386308	463.407749	2329.879189
  93.000	   0.000	       460.720	        76.851	     0.000	   239.520	    -7.362	    51.334	     0.000	    -1.052	374.971493	374.971493	460.550128	2331.597652
  93.200	   0.000	       454.695	        78.534	     0.000	   239.159	    -7.328	    51.761	     0.000	    -1.069	369.803051	369.803051	454.954219	2333.282248
  93.400	   0.000	       456.858	        80.102	     0.000	   238.798	    -7.295	    51.663	     0.000	    -1.065	370.930851	370.930851	456.511580	2334.846528
  93.600	   0.000	       453.639	        80.573	     0.000	   238.439	    -7.262	    51.880	     0.000	    -1.074	369.192449	369.192449	454.279204	2335.315921
  93.800	   0.000	       462.600	        78.847	     0.000	   238.081	    -7.230	    51.073	     0.000	    -1.041	376.653161	376.653161	462.008899	2333.599123
  94.000	   0.000	       467.108	        77.174	     0.000	   237.724	    -7.197	    50.587	     0.000	    -1.021	381.866748	381.866748	467.449559	2331.923136
  94.200	   0.000	       478.475	        75.622	     0.000	   237.368	    -7.165	    49.735	     0.000	    -0.987	393.064874	393.064874	478.153262	2330.373566
  94.400	   0.000	       489.811	        75.145	     0.000	   237.013	    -7.133	    48.912	     0.000	    -0.955	404.474555	404.474555	489.754015	2329.917441
  94.600	   0.000	       500.867	        76.904	     0.000	   236.659	    -7.101	    48.310	     0.000	    -0.931	415.602795	415.602795	501.009447	2331.646152
  94.800	   0.000	       518.220	        78.605	     0.000	   236.307	    -7.069	    47.389	     0.000	    -0.896	432.772124	432.772124	518.080472	2333.354234
  95.000	   0.000	       535.675	        80.192	     0.000	   235.955	    -7.038	    46.469	     0.000	    -0.862	450.252123	450.252123	535.594477	2334.938910
  95.200	   0.000	       545.975	        80.720	     0.000	   235.604	    -7.006	    45.907	     0.000	    -0.841	460.614934	460.614934	546.079919	2335.462471
  95.400	   0.000	       551.310	        79.027	     0.000	   235.255	    -6.975	    45.481	     0.000	    -0.825	465.779584	465.779584	551.162972	2333.782661
  95.600	   0.000	       547.449	        77.377	     0.000	   234.906	    -6.944	    45.503	     0.000	    -0.826	462.462272	462.462272	547.759198	2332.128181
  95.800	   0.000	       548.066	        75.852	     0.000	   234.558	    -6.914	    45.340	     0.000	    -0.820	462.533799	462.533799	547.855947	2330.605616
  96.000	   0.000	       542.296	        75.369	     0.000	   234.212	    -6.883	    45.506	     0.000	    -0.826	457.487392	457.487392	542.761098	2330.141918
  96.200	   0.000	       537.428	        77.120	     0.000	   233.866	    -6.853	    45.756	     0.000	    -0.835	452.427031	452.427031	537.741541	2331.870792
  96.400	   0.000	       527.813	        78.860	     0.000	   233.522	    -6.822	    46.260	     0.000	    -0.854	442.328327	442.328327	527.583775	2333.608527
  96.600	   0.000	       518.122	        80.467	     0.000	   233.178	    -6.792	    46.782	     0.000	    -0.873	432.905610	432.905610	518.471483	2335.212527
  96.800	   0.000	       501.343	        81.044	     0.000	   232.836	    -6.762	    47.664	     0.000	    -0.907	416.594700	416.594700	501.436868	2335.786691
  97.000	   0.000	       491.946	        79.407	     0.000	   232.494	    -6.733	    48.045	     0.000	    -0.921	406.441990	406.441990	492.241839	2334.158107
  97.200	   0.000	       478.429	        77.765	     0.000	   232.154	    -6.703	    48.681	     0.000	    -0.946	393.157995	393.157995	478.394505	2332.517237
  97.400	   0.000	       461.804	        76.267	     0.000	   231.815	    -6.674	    49.531	     0.000	    -0.979	376.381213	376.381213	461.533213	2331.022180
  97.600	   0.000	       451.601	        75.780	     0.000	   231.476	    -6.645	    50.139	     0.000	    -1.003	366.550393	366.550393	451.839466	2330.552456
  97.800	   0.000	       446.162	        77.516	     0.000	   231.139	    -6.616	    50.532	     0.000	    -1.019	361.116461	361.116461	446.225463	2332.273536
  98.000	   0.000	       450.040	        79.291	     0.000	   230.802	    -6.587	    50.372	     0.000	    -1.012	364.468804	364.468804	449.999596	2334.041810
  98.200	   0.000	       456.678	        80.916	     0.000	   230.466	    -6.558	    49.954	     0.000	    -0.996	371.329895	371.329895	456.474861	2335.660435
  98.400	   0.000	       462.219	        81.541	     0.000	   230.132	    -6.529	    49.579	     0.000	    -0.981	376.641787	376.641787	462.116095	2336.281507
  98.600	   0.000	       469.981	        79.959	     0.000	   229.798	    -6.501	    48.907	     0.000	    -0.954	384.880713	384.880713	470.288069	2334.710194
  98.800	   0.000	       479.487	        78.334	     0.000	   229.466	    -6.473	    48.159	     0.000	    -0.925	393.728887	393.728887	478.971606	2333.080761
  99.000	   0.000	       490.254	        76.863	     0.000	   229.134	    -6.445	    47.376	     0.000	    -0.896	404.890027	404.890027	490.204338	2331.615643
  99.200	   0.000	       503.709	        76.371	     0.000	   228.803	    -6.417	    46.534	     0.000	    -0.864	418.591542	418.591542	503.665168	2331.140651
  99.400	   0.000	       519.682	        78.086	     0.000	   228.474	    -6.389	    45.673	     0.000	    -0.832	433.746005	433.746005	519.426764	2332.846421
  99.600	   0.000	       527.081	        79.897	     0.000	   228.145	    -6.362	    45.347	     0.000	    -0.821	441.675502	441.675502	527.175093	2334.643512
  99.800	   0.000	       539.832	        81.523	     0.000	   227.817	    -6.334	    44.725	     0.000	    -0.798	454.773432	454.773432	539.758468	2336.268793
 100.000	   0.000	       551.540	        82.193	     0.000	   227.490	    -6.307	    44.149	     0.000	    -0.778	465.797861	465.797861	551.364850	2336.935285
