    时间	    开度值	      蜗壳压力	      尾水管压力	    流量	      转速	      出力	  单位转速	  单位流量	  单位力矩	球阀前压力	球阀后压力	蜗壳进口压力	尾水管出口压力
   0.000	   0.883	       496.798	        64.200	    81.324	   428.600	   306.065	    87.838	     0.225	    22.340	421.354739	420.753579	496.798437	2339.833435
   0.200	   0.883	       505.980	        64.894	    81.330	   428.600	   306.123	    87.833	     0.225	    22.342	420.923796	420.923520	505.830776	2340.619615
   0.400	   0.883	       506.614	        65.133	    81.379	   428.600	   306.591	    87.795	     0.225	    22.356	422.184810	422.184342	506.801515	2341.282572
   0.600	   0.883	       508.465	        66.381	    81.455	   428.601	   307.308	    87.736	     0.225	    22.378	424.028569	424.027616	508.632870	2342.010559
   0.800	   0.883	       509.863	        66.830	    81.573	   428.601	   308.435	    87.644	     0.225	    22.413	425.453063	425.451153	510.057156	2342.809866
   1.000	   0.883	       512.408	        67.731	    81.778	   428.601	   310.391	    87.484	     0.225	    22.473	427.301967	427.299801	511.994895	2343.417916
   1.200	   0.883	       513.339	        67.461	    81.928	   428.601	   311.820	    87.369	     0.225	    22.517	429.251214	429.248737	513.834902	2343.255619
   1.400	   0.883	       516.211	        67.450	    82.285	   428.601	   315.252	    87.093	     0.226	    22.621	432.234076	432.231206	516.438133	2343.392498
   1.600	   0.883	       518.182	        67.296	    82.549	   428.601	   317.786	    86.891	     0.226	    22.697	434.286387	434.283034	518.741455	2342.857536
   1.800	   0.883	       520.632	        66.649	    82.931	   428.602	   321.482	    86.599	     0.226	    22.808	437.734547	437.730607	522.142882	2343.733438
   2.000	   0.883	       522.854	        67.339	    83.120	   428.602	   323.312	    86.456	     0.226	    22.862	438.558883	438.554297	523.033109	2343.780697
   2.200	   0.883	       523.738	        66.495	    83.332	   428.602	   325.377	    86.295	     0.226	    22.922	439.835258	439.829862	524.160931	2343.007029
   2.400	   0.883	       525.859	        66.542	    83.587	   428.602	   327.859	    86.104	     0.227	    22.995	441.601625	441.595185	526.199361	2343.288170
   2.600	   0.883	       525.334	        63.692	    83.871	   428.602	   330.644	    85.890	     0.227	    23.075	440.120050	440.112250	525.923641	2342.502251
   2.800	   0.883	       528.733	        65.326	    84.086	   428.602	   332.752	    85.730	     0.227	    23.135	444.894479	444.884831	529.520885	2342.271366
   3.000	   0.883	       530.438	        65.637	    84.250	   428.602	   334.379	    85.603	     0.227	    23.180	446.067492	446.056651	531.001393	2342.941468
   3.200	   0.883	       532.486	        65.580	    84.498	   428.603	   336.835	    85.413	     0.227	    23.246	448.372720	448.360499	532.991076	2342.599867
   3.400	   0.883	       534.340	        66.004	    84.666	   428.603	   338.504	    85.284	     0.227	    23.291	448.489995	448.476131	531.455956	2343.639895
   3.600	   0.883	       538.838	        67.027	    85.073	   428.603	   342.566	    84.975	     0.228	    23.400	453.641666	453.625773	538.539959	2343.710433
   3.800	   0.883	       540.097	        66.069	    85.332	   428.603	   345.161	    84.779	     0.228	    23.468	456.484913	456.466541	540.816723	2343.796683
   4.000	   0.883	       543.899	        66.776	    85.693	   428.603	   348.786	    84.507	     0.228	    23.563	459.949602	459.928147	544.252832	2344.519114
   4.200	   0.883	       547.431	        67.192	    86.054	   428.604	   352.439	    84.237	     0.228	    23.658	463.740763	463.715401	547.821230	2344.783304
   4.400	   0.883	       549.735	        66.251	    86.430	   428.604	   356.248	    83.958	     0.229	    23.756	466.877096	466.846652	550.552536	2344.424896
   4.600	   0.883	       552.794	        66.320	    86.775	   428.604	   359.763	    83.704	     0.229	    23.845	468.941049	468.903954	553.204894	2344.621912
   4.800	   0.883	       555.196	        65.427	    87.154	   428.604	   363.640	    83.426	     0.229	    23.942	471.428352	471.382225	555.527360	2343.915402
   5.000	   0.883	       556.957	        64.743	    87.434	   428.604	   366.521	    83.222	     0.229	    24.014	473.124826	473.066183	556.702649	2343.134800
   5.200	   0.883	       557.880	        63.303	    87.704	   428.604	   369.306	    83.026	     0.229	    24.082	474.588082	474.511133	558.996579	2343.314823
   5.400	   0.883	       559.985	        63.460	    87.926	   428.605	   371.605	    82.865	     0.229	    24.138	476.040981	475.945013	560.676114	2342.738208
   5.600	   0.883	       560.732	        63.153	    88.045	   428.605	   372.849	    82.778	     0.230	    24.169	476.581192	476.464958	561.046258	2342.378612
   5.800	   0.883	       562.501	        63.444	    88.213	   428.605	   374.593	    82.658	     0.230	    24.211	477.251827	477.108368	562.152636	2342.601130
   6.000	   0.883	       560.932	        62.135	    88.183	   428.605	   374.286	    82.679	     0.230	    24.204	477.062113	476.880583	561.849596	2341.720120
   6.200	   0.883	       562.305	        62.305	    88.320	   428.605	   375.707	    82.581	     0.230	    24.238	477.436551	477.199868	562.235638	2341.517437
   6.400	   0.883	       562.209	        62.056	    88.337	   428.605	   375.889	    82.568	     0.230	    24.242	477.895495	477.574522	562.311368	2341.630811
   6.600	   0.883	       562.095	        61.336	    88.406	   428.606	   376.605	    82.519	     0.230	    24.259	478.350970	477.890794	562.358289	2340.970637
   6.800	   0.883	       563.556	        62.724	    88.414	   428.606	   376.691	    82.513	     0.230	    24.261	479.905779	479.192888	563.483430	2342.125543
   7.000	   0.883	       565.590	        63.484	    88.558	   428.606	   378.197	    82.410	     0.230	    24.298	480.812149	479.560393	564.354279	2342.338728
   7.200	   0.883	       568.294	        62.224	    88.401	   438.911	   381.434	    84.036	     0.228	    23.729	484.682023	482.995229	567.582540	2341.712413
   7.400	   0.879	       572.917	        61.458	    88.172	   449.079	   385.345	    85.493	     0.227	    23.164	488.906009	487.108430	572.030368	2341.021928
   7.600	   0.875	       575.555	        59.491	    87.790	   459.095	   387.359	    86.971	     0.224	    22.553	490.883366	488.964787	574.202442	2338.381672
   7.800	   0.871	       577.148	        56.499	    87.383	   468.954	   388.694	    88.407	     0.222	    21.940	495.095372	493.044342	577.003029	2336.035975
   8.000	   0.867	       582.121	        56.597	    86.950	   478.634	   389.262	    89.770	     0.220	    21.309	499.008586	496.814690	581.509340	2335.648180
   8.200	   0.863	       584.912	        56.100	    86.363	   488.103	   387.595	    91.218	     0.218	    20.657	501.439022	499.090040	583.860947	2334.833800
   8.400	   0.859	       589.237	        58.069	    85.705	   497.327	   384.644	    92.693	     0.216	    20.012	505.010640	502.495955	587.581658	2335.959232
   8.600	   0.856	       590.472	        58.583	    84.870	   506.297	   379.203	    94.256	     0.213	    19.335	506.500130	503.803022	589.670286	2336.761303
   8.800	   0.852	       590.804	        57.749	    84.070	   514.985	   373.748	    95.724	     0.211	    18.676	507.701403	504.800606	589.997947	2335.814160
   9.000	   0.848	       591.695	        57.925	    83.132	   523.380	   366.455	    97.169	     0.208	    17.975	508.539828	505.412869	590.670073	2335.164387
   9.200	   0.844	       591.331	        56.113	    82.182	   531.489	   358.747	    98.487	     0.206	    17.263	506.373739	502.994537	588.437943	2332.677866
   9.400	   0.840	       591.725	        54.816	    81.086	   539.271	   349.139	    99.710	     0.202	    16.486	509.204617	505.536428	591.066812	2331.409164
   9.600	   0.836	       592.902	        54.341	    79.819	   546.721	   337.242	   100.863	     0.199	    15.637	507.814391	503.836345	590.013682	2330.027673
   9.800	   0.832	       591.934	        52.215	    78.155	   553.763	   320.196	   101.966	     0.194	    14.602	507.471149	503.161586	588.985108	2327.772204
  10.000	   0.828	       593.098	        51.814	    76.318	   560.330	   300.557	   102.931	     0.189	    13.482	507.739092	503.068518	589.765188	2326.172189
  10.200	   0.824	       593.142	        49.674	    74.229	   566.370	   277.564	   103.725	     0.183	    12.243	508.238445	503.171838	589.777647	2323.558901
  10.400	   0.820	       595.046	        48.414	    71.941	   571.863	   252.967	   104.313	     0.177	    10.963	510.082045	504.561448	590.360844	2320.907983
  10.600	   0.816	       597.345	        47.808	    69.381	   576.779	   226.054	   104.809	     0.170	     9.639	511.941678	505.915862	592.680507	2319.514544
  10.800	   0.812	       598.312	        46.380	    66.627	   581.102	   198.382	   105.242	     0.163	     8.340	512.485820	506.636993	593.304206	2316.701048
  11.000	   0.808	       600.893	        47.186	    63.769	   584.835	   171.345	   105.628	     0.155	     7.118	514.793616	509.167878	596.458898	2316.478939
  11.200	   0.805	       601.672	        47.006	    60.691	   588.003	   144.036	   105.987	     0.148	     5.928	516.029685	510.662576	597.292843	2315.507526
  11.400	   0.801	       602.423	        47.028	    57.616	   590.635	   118.600	   106.277	     0.140	     4.842	516.405616	511.323606	598.448300	2315.092017
  11.600	   0.797	       605.025	        48.983	    54.312	   592.757	    94.768	   106.480	     0.132	     3.843	516.277723	511.514476	599.238691	2314.568007
  11.800	   0.793	       603.999	        47.514	    50.891	   594.409	    71.656	   106.622	     0.123	     2.889	514.441872	510.031345	597.663385	2312.657028
  12.000	   0.789	       603.806	        47.311	    47.351	   595.586	    47.765	   106.725	     0.115	     1.918	514.818759	510.788416	598.941694	2311.506414
  12.200	   0.785	       601.847	        45.186	    43.668	   596.285	    23.433	   106.730	     0.105	     0.938	511.899417	508.269319	596.607894	2309.200547
  12.400	   0.781	       601.405	        43.628	    39.608	   596.533	    -0.554	   106.563	     0.096	    -0.022	510.637763	507.460871	595.463962	2305.995498
  12.600	   0.777	       601.619	        41.679	    35.183	   596.330	   -22.669	   106.218	     0.085	    -0.898	508.346319	505.680383	594.535827	2303.772387
  12.800	   0.773	       601.059	        38.320	    30.491	   595.693	   -44.641	   105.746	     0.073	    -1.759	506.773425	504.644636	593.801137	2300.025277
  13.000	   0.769	       603.630	        35.858	    25.409	   594.611	   -67.094	   104.998	     0.061	    -2.621	506.592633	505.009942	594.945320	2295.972308
  13.200	   0.765	       606.671	        32.227	    19.888	   593.096	   -89.166	   104.046	     0.047	    -3.446	508.165760	507.117480	596.779053	2292.029194
  13.400	   0.761	       609.685	        28.557	    14.093	   591.107	  -116.223	   103.042	     0.033	    -4.450	511.226459	510.658731	599.965391	2288.805900
  13.600	   0.757	       611.411	        27.650	     8.323	   588.457	  -152.288	   102.312	     0.020	    -5.827	513.176054	512.964397	603.074041	2287.272524
  13.800	   0.753	       613.527	        29.500	     2.606	   584.989	  -191.703	   101.669	     0.006	    -7.373	514.716201	514.691943	604.153979	2287.756998
  14.000	   0.750	       616.384	        32.690	    -2.935	   580.758	  -226.378	   100.963	    -0.007	    -8.775	517.554012	517.580644	606.869182	2291.176311
  14.200	   0.746	       618.383	        35.887	    -8.389	   575.716	  -270.151	   100.206	    -0.020	   -10.588	519.494903	519.745781	609.401392	2294.990393
  14.400	   0.742	       612.886	        41.406	   -13.114	   569.681	  -315.614	   100.136	    -0.031	   -12.750	517.043502	517.683831	605.838930	2299.889191
  14.600	   0.738	       600.483	        50.432	   -16.435	   562.736	  -347.757	   100.854	    -0.040	   -14.784	508.427606	509.450191	596.267726	2307.700319
  14.800	   0.734	       586.136	        61.201	   -18.312	   555.195	  -365.580	   101.879	    -0.045	   -16.515	497.258697	498.542384	584.753881	2318.717802
  15.000	   0.730	       577.940	        75.923	   -19.394	   547.299	  -367.945	   102.715	    -0.049	   -17.637	489.594256	491.048646	576.366218	2332.464337
  15.200	   0.726	       567.768	        86.365	   -20.138	   539.369	  -363.524	   103.386	    -0.052	   -18.444	478.512913	480.104730	566.117834	2342.742492
  15.400	   0.722	       555.734	        90.760	   -20.303	   531.483	  -352.696	   103.666	    -0.053	   -18.805	468.204689	469.854590	555.556733	2346.912813
  15.600	   0.718	       541.388	        88.691	   -19.901	   523.779	  -336.666	   103.538	    -0.053	   -18.707	455.666583	457.273340	542.180349	2344.529165
  15.800	   0.714	       527.110	        82.860	   -18.991	   516.378	  -316.848	   103.030	    -0.051	   -18.194	443.127516	444.606535	529.323501	2338.335610
  16.000	   0.710	       518.237	        80.459	   -17.867	   509.359	  -295.893	   102.365	    -0.048	   -17.475	435.252129	436.563600	520.556385	2335.293019
  16.200	   0.706	       513.964	        81.355	   -16.592	   502.786	  -272.058	   101.631	    -0.045	   -16.467	430.301504	431.448858	515.876473	2336.622898
  16.400	   0.702	       513.488	        86.636	   -15.509	   496.630	  -250.758	   101.049	    -0.043	   -15.570	428.491442	429.504795	514.727936	2340.949959
  16.600	   0.699	       512.939	        91.838	   -14.572	   490.873	  -232.467	   100.548	    -0.040	   -14.800	428.594558	429.497520	513.937172	2346.631094
  16.800	   0.695	       509.651	        94.103	   -13.496	   485.474	  -215.155	   100.094	    -0.038	   -14.032	426.231032	427.015600	511.352298	2348.443483
  17.000	   0.691	       508.176	        95.748	   -11.548	   480.514	  -190.906	    99.427	    -0.032	   -12.670	428.154620	428.739884	512.373213	2349.514833
  17.200	   0.687	       508.401	        99.820	    -8.668	   476.163	  -161.442	    98.968	    -0.024	   -10.909	430.140453	430.481818	513.449362	2351.726316
  17.400	   0.683	       506.003	       105.342	    -5.023	   472.520	  -131.719	    99.157	    -0.014	    -9.143	429.539064	429.655358	512.174797	2357.386194
  17.600	   0.679	       506.606	       115.736	    -0.983	   469.573	  -106.062	    99.756	    -0.003	    -7.592	430.236167	430.241218	511.957164	2367.230943
  17.800	   0.675	       504.708	       122.690	     3.060	   467.185	   -86.713	   100.395	     0.009	    -6.384	429.062730	429.022701	511.115861	2374.416651
  18.000	   0.671	       500.134	       126.257	     7.445	   465.279	   -66.962	   101.088	     0.022	    -5.060	425.799077	425.553528	507.190716	2377.371933
  18.200	   0.667	       490.962	       125.292	    12.348	   463.860	   -47.404	   101.948	     0.037	    -3.677	419.506510	418.819749	500.139674	2377.165180
  18.400	   0.663	       478.076	       121.095	    17.791	   462.940	   -28.716	   103.054	     0.053	    -2.289	408.182459	406.729970	487.775189	2372.461625
  18.600	   0.659	       471.094	       119.045	    23.279	   462.457	   -11.910	   103.773	     0.071	    -0.966	400.480260	397.939971	479.336262	2371.397577
  18.800	   0.655	       468.650	       117.645	    28.388	   462.408	     6.018	   104.042	     0.086	     0.491	397.991130	394.127770	476.250819	2371.189894
  19.000	   0.651	       469.214	       114.624	    32.957	   462.810	    24.377	   103.733	     0.100	     1.971	399.990012	394.699495	476.629317	2370.229605
  19.200	   0.648	       471.205	       111.004	    36.704	   463.653	    41.346	   103.221	     0.110	     3.292	399.741326	393.114955	475.647342	2367.362242
  19.400	   0.644	       466.873	       100.026	    39.603	   464.892	    56.099	   102.644	     0.118	     4.381	396.265601	388.454529	471.647914	2357.744129
  19.600	   0.640	       462.732	        88.089	    42.069	   466.489	    70.180	   101.993	     0.124	     5.357	392.885509	383.624458	466.599265	2347.205080
  19.800	   0.636	       464.469	        80.213	    44.525	   468.447	    85.750	   101.203	     0.130	     6.363	395.062760	384.158083	468.038782	2339.634261
  20.000	   0.632	       469.607	        74.951	    46.611	   470.790	   100.432	   100.417	     0.134	     7.229	400.407563	387.775485	471.578915	2335.183193
  20.200	   0.628	       479.305	        76.373	    47.712	   473.426	   109.418	    99.960	     0.136	     7.674	408.544407	394.573502	478.894375	2337.636624
  20.400	   0.624	       484.841	        76.358	    47.850	   476.184	   111.455	    99.849	     0.135	     7.665	414.468154	399.656918	484.972313	2338.879054
  20.600	   0.620	       485.773	        72.854	    47.627	   478.928	   110.696	    99.866	     0.134	     7.485	415.740142	400.296550	485.270885	2335.242653
  20.800	   0.616	       486.861	        69.125	    47.522	   481.640	   110.922	    99.836	     0.133	     7.370	417.583803	401.289703	486.216713	2330.301096
  21.000	   0.612	       486.216	        62.562	    47.734	   484.382	   113.584	    99.697	     0.133	     7.399	419.393798	401.935491	486.313911	2324.466357
  21.200	   0.608	       487.628	        59.555	    47.461	   487.138	   112.609	    99.726	     0.131	     7.216	419.487184	401.189910	486.434601	2322.134604
  21.400	   0.604	       490.021	        60.105	    46.449	   489.786	   105.875	   100.014	     0.128	     6.713	419.148630	401.253603	487.318465	2322.250425
  21.600	   0.600	       490.555	        59.842	    45.165	   492.223	    97.179	   100.372	     0.124	     6.115	420.583551	403.300598	489.129106	2322.052562
  21.800	   0.597	       492.963	        60.733	    44.010	   494.461	    90.304	   100.610	     0.121	     5.632	421.903127	405.201144	491.181452	2322.053455
  22.000	   0.593	       492.959	        59.395	    42.849	   496.530	    83.427	   100.836	     0.117	     5.161	421.487518	405.304641	491.317992	2321.279098
  22.200	   0.589	       492.648	        58.247	    41.459	   498.413	    75.390	   101.075	     0.113	     4.633	419.888359	404.422250	490.532270	2319.573927
  22.400	   0.585	       493.715	        58.315	    40.085	   500.098	    67.857	   101.257	     0.110	     4.143	421.015646	406.239515	492.263791	2319.131491
  22.600	   0.581	       494.683	        58.236	    38.838	   501.618	    61.102	   101.405	     0.106	     3.708	421.270848	407.092717	492.737128	2318.779249
  22.800	   0.577	       496.607	        59.083	    37.566	   502.981	    54.463	   101.517	     0.102	     3.285	421.424594	407.891353	494.173771	2319.287227
  23.000	   0.573	       497.197	        59.207	    35.846	   504.181	    45.538	   101.658	     0.098	     2.735	420.300896	407.669127	494.363836	2319.538571
  23.200	   0.569	       495.662	        57.454	    33.837	   505.144	    35.457	   101.774	     0.092	     2.122	416.603566	405.141056	492.277404	2317.568751
  23.400	   0.565	       493.107	        54.323	    31.629	   505.851	    25.202	   101.795	     0.086	     1.503	412.378757	402.108997	488.820811	2313.521244
  23.600	   0.561	       490.933	        51.580	    29.711	   506.336	    16.540	   101.783	     0.081	     0.983	410.846928	401.576766	487.788008	2310.600950
  23.800	   0.557	       491.723	        51.303	    27.910	   506.656	     8.932	   101.685	     0.076	     0.529	410.750454	402.379392	488.828941	2310.028113
  24.000	   0.553	       494.017	        52.573	    25.744	   506.789	    -0.129	   101.550	     0.070	    -0.008	410.529208	403.217080	490.217650	2311.062473
  24.200	   0.549	       499.205	        56.415	    23.321	   506.702	    -9.848	   101.334	     0.063	    -0.579	414.869592	408.722405	495.473857	2314.223032
  24.400	   0.545	       502.846	        58.494	    21.195	   506.398	   -17.903	   101.060	     0.057	    -1.049	418.487381	413.277179	500.004525	2315.953686
  24.600	   0.542	       505.961	        60.635	    19.721	   505.948	   -23.284	   100.837	     0.053	    -1.362	423.052670	418.432761	504.168428	2317.975853
  24.800	   0.538	       511.497	        65.770	    18.779	   505.403	   -26.492	   100.670	     0.050	    -1.549	428.008288	423.757542	509.295265	2321.687758
  25.000	   0.534	       515.616	        70.046	    18.255	   504.787	   -28.001	   100.558	     0.049	    -1.640	434.076081	430.001173	515.452439	2326.237077
  25.200	   0.530	       522.338	        77.251	    18.167	   504.165	   -27.822	   100.488	     0.049	    -1.633	441.935134	437.879779	523.131723	2332.706965
  25.400	   0.526	       527.192	        83.147	    18.633	   503.572	   -25.379	   100.494	     0.050	    -1.495	448.127557	443.825855	528.794691	2338.530199
  25.600	   0.522	       529.905	        87.367	    19.607	   503.051	   -20.762	   100.574	     0.053	    -1.229	452.530856	447.713013	532.108352	2342.196363
  25.800	   0.518	       531.876	        90.899	    21.104	   502.672	   -13.885	   100.699	     0.057	    -0.826	456.598147	450.977788	535.145040	2346.238859
  26.000	   0.514	       531.475	        90.932	    22.613	   502.451	    -7.098	   100.729	     0.061	    -0.423	456.074870	449.554134	533.678337	2345.850589
  26.200	   0.510	       529.983	        89.401	    24.111	   502.395	    -0.425	   100.738	     0.065	    -0.025	455.997740	448.498855	532.307225	2344.696040
  26.400	   0.506	       529.163	        87.021	    25.544	   502.481	     5.888	   100.603	     0.069	     0.350	455.150860	446.669580	531.098160	2342.355036
  26.600	   0.502	       524.124	        80.251	    26.599	   502.684	    11.255	   100.466	     0.072	     0.666	450.685962	441.381582	526.485600	2336.955757
  26.800	   0.498	       522.866	        77.268	    27.226	   502.996	    14.991	   100.345	     0.073	     0.883	448.332329	438.431842	523.104703	2333.274086
  27.000	   0.494	       520.297	        72.896	    27.607	   503.379	    17.561	   100.225	     0.074	     1.030	445.979565	435.700417	520.685462	2329.875953
  27.200	   0.491	       519.284	        70.065	    27.825	   503.814	    19.315	   100.112	     0.075	     1.127	445.432310	434.813188	519.449980	2327.140211
  27.400	   0.487	       521.795	        70.829	    27.767	   504.273	    19.695	   100.006	     0.074	     1.144	446.407946	435.714932	521.300489	2328.303151
  27.600	   0.483	       524.112	        71.440	    27.614	   504.728	    19.601	    99.904	     0.074	     1.133	448.375155	437.714634	523.428842	2328.178965
  27.800	   0.479	       526.911	        72.565	    27.408	   505.176	    19.246	    99.803	     0.073	     1.108	452.497073	441.823140	526.783270	2329.631263
  28.000	   0.475	       530.719	        74.389	    27.461	   505.639	    20.216	    99.677	     0.073	     1.157	457.138047	446.302576	531.153907	2331.562893
  28.200	   0.471	       534.212	        75.429	    27.802	   506.164	    22.652	    99.519	     0.074	     1.289	461.388494	450.135785	535.034666	2332.378534
  28.400	   0.467	       539.824	        78.288	    28.331	   506.759	    26.015	    99.347	     0.075	     1.470	468.134659	456.173816	540.427869	2334.926690
  28.600	   0.463	       543.978	        79.487	    28.807	   507.427	    29.121	    99.168	     0.076	     1.633	472.108606	459.473763	545.096802	2336.291028
  28.800	   0.459	       546.132	        78.614	    29.168	   508.158	    31.666	    98.994	     0.077	     1.761	475.227049	461.856736	546.805053	2335.988643
  29.000	   0.455	       548.881	        78.040	    29.579	   508.936	    34.623	    98.801	     0.078	     1.910	478.497100	464.371914	549.674929	2335.495522
  29.200	   0.451	       549.074	        74.548	    29.961	   509.774	    37.855	    98.584	     0.078	     2.069	479.621586	464.706164	549.962403	2332.086425
  29.400	   0.447	       549.610	        71.852	    30.032	   510.665	    39.209	    98.422	     0.078	     2.124	479.930923	464.452276	549.229655	2329.130164
  29.600	   0.443	       550.061	        69.571	    29.803	   511.566	    38.712	    98.308	     0.077	     2.082	479.704381	464.020694	549.752259	2327.272870
  29.800	   0.440	       549.130	        66.310	    29.357	   512.438	    36.862	    98.228	     0.076	     1.969	477.701310	462.001350	548.025133	2324.483440
  30.000	   0.436	       549.329	        64.821	    28.572	   513.256	    32.860	    98.197	     0.074	     1.745	477.488105	462.150277	548.148892	2322.995405
  30.200	   0.432	       550.144	        64.247	    27.701	   513.988	    28.860	    98.180	     0.071	     1.526	477.080538	462.197946	548.396143	2321.807170
  30.400	   0.428	       550.754	        63.791	    26.841	   514.629	    24.972	    98.179	     0.069	     1.315	478.320313	463.841915	549.149116	2321.566921
  30.600	   0.424	       553.820	        65.723	    26.099	   515.188	    21.721	    98.159	     0.067	     1.140	481.766729	467.581154	553.257973	2323.289342
  30.800	   0.420	       558.149	        68.671	    25.595	   515.688	    19.747	    98.106	     0.066	     1.032	486.069846	471.956428	557.521713	2325.905103
  31.000	   0.416	       563.669	        72.602	    25.280	   516.157	    18.789	    98.031	     0.065	     0.978	491.167883	476.969385	562.355374	2329.184332
  31.200	   0.412	       567.239	        74.692	    24.915	   516.595	    17.560	    97.960	     0.064	     0.910	495.457386	481.196013	566.929361	2331.740367
  31.400	   0.408	       568.996	        74.910	    24.624	   517.011	    16.731	    97.881	     0.063	     0.864	497.810925	483.386610	568.680500	2332.244061
  31.600	   0.404	       571.154	        75.138	    24.674	   517.424	    17.720	    97.768	     0.063	     0.911	501.254929	486.313869	571.560477	2331.647111
  31.800	   0.400	       572.301	        74.127	    24.881	   517.875	    19.543	    97.644	     0.063	     0.999	503.771861	488.088921	572.790469	2330.482014
  32.000	   0.396	       573.873	        73.955	    25.056	   518.367	    21.159	    97.568	     0.064	     1.077	504.731712	488.680600	574.103078	2330.584260
  32.200	   0.392	       574.983	        73.685	    24.899	   518.869	    20.987	    97.525	     0.063	     1.064	505.964257	489.796746	575.436309	2330.926844
  32.400	   0.389	       575.254	        72.698	    24.560	   519.359	    19.820	    97.489	     0.062	     1.002	505.187697	489.256201	574.597410	2329.807711
  32.600	   0.385	       574.334	        70.608	    24.019	   519.813	    17.521	    97.452	     0.061	     0.882	503.193129	487.770584	573.598055	2327.803017
  32.800	   0.381	       572.438	        67.513	    23.426	   520.206	    14.902	    97.401	     0.059	     0.748	501.143510	486.242006	572.124416	2324.581104
  33.000	   0.377	       572.388	        66.199	    22.850	   520.532	    12.344	    97.332	     0.058	     0.618	499.737070	485.410011	571.232378	2323.155040
  33.200	   0.373	       573.195	        65.288	    22.032	   520.789	     8.929	    97.203	     0.056	     0.445	499.166888	485.567539	571.625243	2322.139820
  33.400	   0.369	       576.042	        65.591	    21.060	   520.977	     5.679	    96.982	     0.053	     0.281	501.857843	489.127290	574.935790	2322.687647
  33.600	   0.365	       581.105	        67.507	    20.028	   521.085	     2.003	    96.691	     0.050	     0.099	504.138312	492.366610	578.884961	2323.920534
  33.800	   0.361	       583.680	        66.397	    18.899	   521.100	    -2.648	    96.335	     0.047	    -0.129	507.165607	496.423978	582.395511	2323.507935
  34.000	   0.357	       587.538	        66.529	    17.716	   520.998	    -7.761	    95.958	     0.044	    -0.376	509.714372	500.093925	585.812834	2323.057276
  34.200	   0.353	       590.059	        65.718	    16.658	   520.762	   -12.660	    95.598	     0.041	    -0.610	511.577096	502.887302	589.150252	2322.361651
  34.400	   0.349	       592.777	        65.615	    15.758	   520.427	   -16.648	    95.272	     0.039	    -0.798	512.873252	504.903268	591.140838	2321.530880
  34.600	   0.345	       596.458	        66.217	    14.642	   519.992	   -21.796	    94.905	     0.036	    -1.040	514.421427	507.389741	593.942321	2322.662081
  34.800	   0.341	       598.584	        64.510	    13.060	   519.443	   -29.436	    94.451	     0.032	    -1.396	515.144029	509.357062	595.820312	2321.436062
  35.000	   0.338	       600.143	        62.130	    11.249	   518.706	   -38.203	    93.959	     0.028	    -1.800	514.154442	509.787715	596.877645	2319.319514
  35.200	   0.334	       600.303	        57.962	     9.082	   517.753	   -49.045	    93.399	     0.022	    -2.296	511.961652	509.035586	596.013790	2314.626286
  35.400	   0.330	       597.918	        51.757	     6.816	   516.525	   -61.333	    92.841	     0.017	    -2.857	509.607295	507.915979	594.730017	2309.400976
  35.600	   0.326	       599.041	        49.904	     4.371	   515.012	   -74.198	    92.310	     0.011	    -3.447	507.632993	506.918507	594.443208	2307.080636
  35.800	   0.322	       599.630	        46.857	     1.370	   513.160	   -91.996	    91.671	     0.003	    -4.261	506.230363	506.147360	594.143527	2304.647262
  36.000	   0.318	       601.153	        46.478	    -1.998	   510.830	  -112.807	    91.099	    -0.005	    -5.231	507.032842	507.169410	595.063838	2304.241922
  36.200	   0.314	       599.214	        48.035	    -5.210	   508.000	  -135.536	    90.887	    -0.013	    -6.361	505.227995	506.274288	594.236341	2305.586940
  36.400	   0.310	       592.277	        50.396	    -7.755	   504.586	  -158.025	    91.056	    -0.019	    -7.596	499.575565	501.986012	588.535649	2307.601456
  36.600	   0.306	       587.526	        58.066	    -9.641	   500.679	  -174.938	    91.414	    -0.024	    -8.675	493.913712	497.735287	584.192276	2314.699034
  36.800	   0.302	       583.041	        67.123	   -10.983	   496.404	  -185.893	    91.824	    -0.027	    -9.544	489.942156	495.040998	581.046766	2323.460162
  37.000	   0.298	       579.434	        76.545	   -11.776	   491.913	  -190.580	    92.171	    -0.030	   -10.131	485.982861	492.006672	577.905538	2332.156501
  37.200	   0.294	       573.944	        83.326	   -12.162	   487.320	  -190.735	    92.448	    -0.031	   -10.492	481.180824	487.788428	573.022028	2338.827731
  37.400	   0.290	       564.501	        84.103	   -12.213	   482.728	  -187.229	    92.548	    -0.032	   -10.618	472.966397	479.808262	564.915181	2339.399412
  37.600	   0.286	       555.795	        82.530	   -11.853	   478.237	  -179.497	    92.373	    -0.031	   -10.430	465.102460	471.724376	556.655091	2337.621503
  37.800	   0.283	       547.511	        79.833	   -11.276	   473.917	  -169.848	    92.080	    -0.030	   -10.077	457.015200	463.176092	547.954924	2334.229495
  38.000	   0.279	       540.011	        77.121	   -10.712	   469.802	  -160.615	    91.748	    -0.028	    -9.712	450.369877	456.057759	540.846878	2331.955004
  38.200	   0.275	       535.600	        78.431	   -10.243	   465.866	  -152.929	    91.544	    -0.027	    -9.441	445.750649	451.069982	536.188831	2333.302694
  38.400	   0.271	       529.701	        79.160	   -10.079	   462.054	  -148.391	    91.460	    -0.027	    -9.372	439.277833	444.586007	529.980437	2334.372037
  38.600	   0.267	       524.244	        80.693	   -10.049	   458.297	  -145.229	    91.429	    -0.027	    -9.394	434.040086	439.430213	524.384477	2335.241137
  38.800	   0.263	       520.434	        82.043	    -9.674	   454.627	  -138.907	    91.227	    -0.026	    -9.163	431.910895	437.026681	521.999868	2336.964543
  39.000	   0.259	       517.631	        82.896	    -8.861	   451.139	  -129.327	    90.902	    -0.024	    -8.669	429.903544	434.308280	519.188808	2337.220345
  39.200	   0.255	       517.327	        85.375	    -7.934	   447.887	  -119.152	    90.532	    -0.022	    -8.096	430.330528	433.927115	518.738897	2339.517746
  39.400	   0.251	       517.662	        88.458	    -6.964	   444.874	  -109.010	    90.205	    -0.019	    -7.504	431.895362	434.705866	519.241578	2342.413008
  39.600	   0.247	       517.161	        90.421	    -5.769	   442.125	   -97.851	    89.901	    -0.016	    -6.816	433.034519	435.033362	519.535471	2344.461250
  39.800	   0.243	       517.238	        92.822	    -4.363	   439.665	   -86.274	    89.641	    -0.012	    -6.076	434.283108	435.463199	519.839290	2346.550790
  40.000	   0.239	       515.727	        93.751	    -2.794	   437.515	   -74.948	    89.456	    -0.008	    -5.334	434.090376	434.594858	518.716385	2347.197219
  40.200	   0.235	       513.342	        94.158	    -1.072	   435.679	   -64.031	    89.375	    -0.003	    -4.607	432.368949	432.450725	515.909770	2347.573852
  40.400	   0.232	       510.846	        94.935	     0.709	   434.110	   -53.870	    89.403	     0.002	    -3.920	429.241871	429.216827	513.463599	2348.292044
  40.600	   0.228	       506.910	        94.274	     2.424	   432.801	   -44.667	    89.488	     0.007	    -3.286	425.682364	425.306318	509.198568	2347.719336
  40.800	   0.224	       503.315	        94.204	     4.140	   431.738	   -36.301	    89.656	     0.012	    -2.701	422.712223	421.601752	505.854108	2347.921221
  41.000	   0.220	       499.742	        92.492	     5.532	   430.873	   -29.925	    89.685	     0.016	    -2.241	419.397833	417.345553	501.720874	2346.687142
  41.200	   0.216	       495.169	        88.590	     6.486	   430.135	   -25.677	    89.609	     0.018	    -1.930	415.029912	412.150342	496.637040	2342.790526
  41.400	   0.212	       491.582	        85.681	     7.273	   429.510	   -21.956	    89.558	     0.020	    -1.655	411.993392	408.252224	492.928401	2339.756954
  41.600	   0.208	       487.522	        82.801	     8.262	   428.998	   -17.328	    89.587	     0.023	    -1.312	410.015233	405.020304	489.154991	2337.064726
  41.800	   0.204	       487.897	        81.875	     9.157	   428.618	   -12.959	    89.369	     0.026	    -0.979	410.861338	404.574470	489.385381	2336.716092
  42.000	   0.200	       492.331	        84.521	     9.690	   428.329	   -10.120	    89.116	     0.027	    -0.762	414.925136	407.670656	492.689366	2339.092943
  42.200	   0.196	       495.770	        86.285	    10.116	   428.105	    -8.101	    88.890	     0.028	    -0.608	420.101515	412.038901	496.855833	2341.192615
  42.400	   0.192	       498.243	        87.749	    10.695	   427.932	    -5.558	    88.749	     0.030	    -0.416	423.958897	414.794122	499.783430	2342.479420
  42.600	   0.188	       502.411	        87.714	    11.375	   427.852	    -1.544	    88.286	     0.032	    -0.114	429.849916	419.059937	503.584815	2342.501153
  42.800	   0.184	       506.380	        86.603	    12.099	   427.892	     2.906	    87.764	     0.033	     0.213	435.059432	422.520124	507.331577	2341.097586
  43.000	   0.181	       510.105	        85.586	    12.793	   428.054	     6.943	    87.310	     0.035	     0.503	440.707930	426.221730	511.363396	2340.612644
  43.200	   0.177	       514.333	        84.663	    13.377	   428.323	    10.564	    86.844	     0.037	     0.755	446.516597	430.185937	514.940534	2339.813024
  43.400	   0.173	       519.412	        84.016	    13.803	   428.673	    13.601	    86.345	     0.038	     0.959	453.030134	435.098029	520.212594	2339.267475
  43.600	   0.169	       524.068	        83.537	    14.005	   429.084	    15.442	    85.923	     0.038	     1.075	458.204767	439.043174	523.997058	2338.725277
  43.800	   0.165	       526.738	        81.607	    14.023	   429.523	    16.317	    85.565	     0.038	     1.123	460.918949	441.249216	526.596540	2337.092955
  44.000	   0.161	       528.452	        79.906	    13.854	   429.968	    16.034	    85.325	     0.037	     1.094	463.060998	443.067007	528.256570	2335.038916
  44.200	   0.157	       529.867	        78.007	    13.671	   430.407	    15.649	    85.097	     0.036	     1.059	464.331260	444.295741	529.774023	2333.611636
  44.400	   0.153	       530.739	        76.511	    13.325	   430.822	    14.275	    84.953	     0.035	     0.960	463.876438	444.299640	530.085533	2332.239068
  44.600	   0.149	       530.701	        75.808	    12.686	   431.173	    11.146	    84.955	     0.034	     0.748	461.884365	443.552436	529.574993	2331.625279
  44.800	   0.145	       531.037	        76.122	    11.957	   431.426	     7.492	    84.998	     0.032	     0.502	460.646581	443.958167	529.632410	2331.728731
  45.000	   0.141	       531.100	        75.939	    11.294	   431.593	     4.250	    85.003	     0.030	     0.284	459.940821	444.511131	530.386817	2331.600873
  45.200	   0.137	       531.094	        76.088	    10.576	   431.686	     0.702	    85.031	     0.028	     0.047	458.122787	444.220348	529.981280	2331.735219
  45.400	   0.133	       532.036	        77.214	     9.882	   431.683	    -2.679	    85.044	     0.026	    -0.179	457.835394	445.305983	531.119608	2332.391447
  45.600	   0.130	       534.412	        78.519	     9.476	   431.609	    -4.430	    84.927	     0.025	    -0.296	460.345406	448.439971	533.846453	2334.156338
  45.800	   0.126	       535.897	        79.693	     8.948	   431.474	    -6.880	    84.868	     0.024	    -0.459	460.309711	449.424348	535.306004	2335.255628
  46.000	   0.122	       537.828	        81.184	     8.482	   431.276	    -8.974	    84.786	     0.023	    -0.599	461.337168	451.260251	537.054882	2336.415164
  46.200	   0.118	       539.453	        82.292	     8.068	   431.031	   -10.777	    84.688	     0.021	    -0.719	462.097243	452.693855	538.338075	2337.076789
  46.400	   0.114	       539.563	        81.337	     7.833	   430.748	   -11.611	    84.533	     0.021	    -0.773	463.394135	454.331128	539.554848	2336.675902
  46.600	   0.110	       541.422	        82.096	     7.661	   430.446	   -12.128	    84.372	     0.020	    -0.806	464.586485	455.622931	541.042582	2337.243972
  46.800	   0.106	       543.497	        82.601	     7.474	   430.111	   -12.629	    84.161	     0.020	    -0.837	466.670808	457.856273	543.239623	2337.539326
  47.000	   0.102	       546.971	        83.660	     7.397	   429.768	   -12.465	    83.874	     0.019	    -0.823	470.383433	461.497362	546.721726	2338.379522
  47.200	   0.098	       551.068	        83.769	     7.110	   429.417	   -13.554	    83.446	     0.019	    -0.888	473.325643	464.846491	550.493772	2339.298224
  47.400	   0.094	       555.504	        82.478	     6.589	   429.012	   -16.026	    82.859	     0.017	    -1.038	476.049342	468.550820	554.352683	2337.480987
  47.600	   0.090	       559.757	        80.850	     6.093	   428.538	   -18.350	    82.256	     0.016	    -1.175	479.910906	473.319187	559.221751	2336.155060
  47.800	   0.086	       562.317	        78.147	     5.505	   427.999	   -21.199	    81.703	     0.014	    -1.344	480.028624	474.589265	560.674312	2333.476396
  48.000	   0.082	       562.362	        75.037	     4.609	   427.353	   -25.772	    81.312	     0.012	    -1.626	479.268276	475.252098	561.140409	2330.632119
  48.200	   0.078	       566.544	        75.058	     3.593	   426.594	   -30.731	    80.821	     0.009	    -1.926	481.434761	478.859669	564.950109	2330.478045
  48.400	   0.075	       569.034	        73.966	     2.484	   425.697	   -36.120	    80.357	     0.006	    -2.252	482.061681	480.784633	567.124938	2329.600718
  48.600	   0.071	       573.228	        74.501	     1.356	   424.640	   -41.482	    79.862	     0.003	    -2.574	485.239020	484.822540	570.969341	2330.324296
  48.800	   0.067	       579.486	        75.519	    -0.081	   423.416	   -48.084	    79.216	    -0.000	    -2.961	490.059060	490.059066	576.758285	2331.244464
  49.000	   0.063	       587.574	        72.690	    -1.802	   421.980	   -56.290	    78.107	    -0.005	    -3.404	497.395061	498.018358	584.512114	2328.781337
  49.200	   0.059	       592.563	        71.685	    -3.469	   420.297	   -65.255	    77.349	    -0.009	    -3.917	501.193746	503.791970	590.520977	2327.581636
  49.400	   0.055	       587.312	        72.464	    -4.411	   418.363	   -72.930	    77.444	    -0.011	    -4.449	496.364915	500.946615	586.409711	2327.593858
  49.600	   0.051	       584.410	        77.198	    -4.618	   416.245	   -76.586	    77.631	    -0.012	    -4.767	493.864112	498.903293	584.092104	2331.957936
  49.800	   0.047	       582.034	        85.838	    -4.821	   414.024	   -80.009	    78.069	    -0.012	    -5.118	490.490473	496.141716	581.746644	2341.096983
  50.000	   0.043	       579.114	        92.450	    -5.204	   411.698	   -82.752	    78.388	    -0.013	    -5.428	485.999573	492.794689	578.438736	2347.737323
  50.200	   0.039	       575.644	        95.452	    -5.514	   409.304	   -83.661	    78.457	    -0.014	    -5.594	482.168625	490.009400	575.452692	2350.407867
  50.400	   0.035	       571.156	        92.478	    -5.457	   406.908	   -81.954	    78.121	    -0.014	    -5.529	478.285610	486.245226	571.529177	2347.009041
  50.600	   0.031	       562.258	        85.586	    -5.206	   404.570	   -79.177	    77.835	    -0.014	    -5.395	469.964017	477.575453	562.729988	2340.262908
  50.800	   0.027	       552.313	        82.493	    -4.860	   402.307	   -75.828	    77.961	    -0.013	    -5.272	460.526996	467.338395	552.536477	2336.800116
  51.000	   0.024	       538.262	        82.916	    -4.394	   400.135	   -72.130	    78.762	    -0.012	    -5.202	448.817066	454.612549	539.425147	2337.546109
  51.200	   0.020	       526.026	        88.368	    -3.869	   398.072	   -67.673	    79.922	    -0.010	    -5.104	436.879173	441.596813	526.505893	2342.811435
  51.400	   0.016	       511.922	        96.632	    -3.324	   396.138	   -62.583	    81.647	    -0.009	    -4.999	423.709444	427.393518	512.603669	2351.071321
  51.600	   0.012	       493.813	       101.671	    -2.701	   394.359	   -56.642	    83.643	    -0.008	    -4.813	407.582258	410.122784	494.787705	2355.683807
  51.800	   0.008	       479.660	       102.560	    -1.864	   392.768	   -49.422	    84.950	    -0.005	    -4.384	395.503953	396.741021	481.429066	2356.905773
  52.000	   0.004	       477.739	        99.332	    -0.941	   391.406	   -41.161	    84.508	    -0.003	    -3.651	394.013240	394.322675	478.966261	2353.270812
  52.200	   0.000	       476.157	        93.101	     0.000	   390.295	   -31.851	    83.800	    -0.000	    -2.913	393.040475	393.040327	477.778996	2347.057942
  52.400	   0.000	       494.500	        91.101	     0.000	   389.336	   -31.617	    81.477	     0.000	    -2.649	408.389000	408.388804	493.949876	2341.950538
  52.600	   0.000	       491.632	        89.101	     0.000	   388.382	   -31.385	    81.354	     0.000	    -2.641	407.096436	407.092665	492.217526	2338.649329
  52.800	   0.000	       498.574	        87.101	     0.000	   387.433	   -31.156	    80.185	     0.000	    -2.566	413.438067	413.439169	499.009018	2337.837977
  53.000	   0.000	       505.772	        85.101	     0.000	   386.489	   -30.928	    79.263	     0.000	    -2.507	420.403000	420.387927	505.473724	2338.777222
  53.200	   0.000	       515.894	        85.701	     0.000	   385.549	   -30.703	    78.078	     0.000	    -2.433	431.035214	431.034226	516.249997	2341.141328
  53.400	   0.000	       534.171	        87.701	     0.000	   384.614	   -30.480	    76.525	     0.000	    -2.337	448.831208	448.815892	533.965445	2343.603516
  53.600	   0.000	       544.248	        89.701	     0.000	   383.683	   -30.260	    75.640	     0.000	    -2.283	459.303214	459.297370	544.575859	2345.283000
  53.800	   0.000	       564.976	        91.701	     0.000	   382.756	   -30.041	    73.931	     0.000	    -2.181	478.794592	478.788938	564.515642	2346.501451
  54.000	   0.000	       574.378	        90.988	     0.000	   381.835	   -29.824	    73.085	     0.000	    -2.131	488.990824	488.961686	574.024961	2345.597949
  54.200	   0.000	       590.529	        88.988	     0.000	   380.917	   -29.610	    71.450	     0.000	    -2.037	505.332410	505.332451	590.844850	2343.616042
  54.400	   0.000	       597.481	        87.158	     0.000	   380.004	   -29.398	    70.729	     0.000	    -1.996	511.982830	511.966405	597.242551	2341.917670
  54.600	   0.000	       594.493	        85.732	     0.000	   379.095	   -29.187	    70.563	     0.000	    -1.987	508.924233	508.927418	594.240765	2340.482691
  54.800	   0.000	       595.713	        86.497	     0.000	   378.191	   -28.979	    70.342	     0.000	    -1.974	509.641149	509.649560	595.549081	2341.382261
  55.000	   0.000	       574.938	        88.497	     0.000	   377.291	   -28.772	    71.846	     0.000	    -2.060	489.758080	489.758830	574.505920	2343.485621
  55.200	   0.000	       575.204	        90.497	     0.000	   376.395	   -28.568	    71.739	     0.000	    -2.054	489.707715	489.719299	575.510480	2345.447836
  55.400	   0.000	       562.611	        92.471	     0.000	   375.504	   -28.365	    72.775	     0.000	    -2.113	477.172914	477.171949	562.411867	2347.199049
  55.600	   0.000	       552.677	        91.856	     0.000	   374.617	   -28.165	    73.204	     0.000	    -2.138	467.040850	467.086236	552.363441	2346.608801
  55.800	   0.000	       539.428	        90.010	     0.000	   373.733	   -27.966	    74.078	     0.000	    -2.190	453.883309	453.883328	539.443643	2344.759094
  56.000	   0.000	       518.589	        88.235	     0.000	   372.854	   -27.769	    75.370	     0.000	    -2.267	433.730479	433.781492	518.651160	2342.989482
  56.200	   0.000	       511.376	        86.561	     0.000	   371.980	   -27.574	    75.787	     0.000	    -2.292	425.524249	425.524649	511.320484	2341.327222
  56.400	   0.000	       490.572	        87.297	     0.000	   371.109	   -27.381	    77.553	     0.000	    -2.400	406.265717	406.279163	490.696061	2342.077288
  56.600	   0.000	       487.150	        89.297	     0.000	   370.242	   -27.190	    77.879	     0.000	    -2.420	401.866609	401.883117	487.380445	2344.099656
  56.800	   0.000	       476.909	        91.297	     0.000	   369.380	   -27.000	    79.021	     0.000	    -2.492	392.795811	392.792052	477.884842	2346.069814
  57.000	   0.000	       479.105	        93.197	     0.000	   368.521	   -26.812	    78.738	     0.000	    -2.474	393.562627	393.573626	478.758119	2347.939320
  57.200	   0.000	       487.056	        92.682	     0.000	   367.666	   -26.626	    77.827	     0.000	    -2.417	401.901084	401.875708	487.477732	2347.430001
  57.400	   0.000	       498.353	        90.870	     0.000	   366.816	   -26.442	    76.444	     0.000	    -2.332	413.181566	413.153101	498.123728	2345.619774
  57.600	   0.000	       515.580	        89.088	     0.000	   365.969	   -26.259	    74.456	     0.000	    -2.212	429.830081	429.825846	515.532646	2343.839077
  57.800	   0.000	       518.053	        87.401	     0.000	   365.126	   -26.078	    73.942	     0.000	    -2.182	433.496769	433.478571	518.417616	2342.162525
  58.000	   0.000	       534.981	        88.044	     0.000	   364.287	   -25.899	    72.402	     0.000	    -2.092	448.916626	448.915984	534.370615	2342.817222
  58.200	   0.000	       543.526	        90.044	     0.000	   363.452	   -25.721	    71.775	     0.000	    -2.056	458.575602	458.503499	543.595472	2344.816596
  58.400	   0.000	       559.490	        92.044	     0.000	   362.621	   -25.545	    70.467	     0.000	    -1.981	473.826239	473.823551	559.249876	2346.794372
  58.600	   0.000	       576.782	        93.915	     0.000	   361.793	   -25.370	    69.243	     0.000	    -1.913	490.796568	490.728878	576.319139	2348.657147
  58.800	   0.000	       580.051	        93.483	     0.000	   360.969	   -25.198	    68.757	     0.000	    -1.886	495.076381	495.075496	580.107959	2348.230771
  59.000	   0.000	       595.995	        91.674	     0.000	   360.149	   -25.026	    67.411	     0.000	    -1.813	509.665312	509.663151	595.202530	2346.424511
  59.200	   0.000	       589.644	        89.882	     0.000	   359.333	   -24.856	    67.520	     0.000	    -1.819	504.681604	504.679845	590.215948	2344.632255
  59.400	   0.000	       593.420	        88.200	     0.000	   358.520	   -24.688	    66.970	     0.000	    -1.790	507.520643	507.544868	592.919600	2342.963249
  59.600	   0.000	       583.256	        88.761	     0.000	   357.711	   -24.521	    67.569	     0.000	    -1.822	497.608754	497.607553	582.898993	2343.528240
  59.800	   0.000	       569.182	        90.761	     0.000	   356.906	   -24.356	    68.446	     0.000	    -1.869	483.818308	483.935910	569.468673	2345.519868
  60.000	   0.000	       550.445	        92.742	     0.000	   356.104	   -24.192	    69.882	     0.000	    -1.949	464.997657	465.014528	549.950595	2347.492092
  60.200	   0.000	       538.831	        94.588	     0.000	   355.306	   -24.030	    70.736	     0.000	    -1.997	453.712638	453.750595	539.380372	2349.327624
  60.400	   0.000	       530.446	        94.232	     0.000	   354.512	   -23.869	    71.299	     0.000	    -2.028	445.039851	445.050256	530.135796	2348.979666
  60.600	   0.000	       515.579	        92.410	     0.000	   353.721	   -23.710	    72.187	     0.000	    -2.079	430.624970	430.635162	515.816927	2347.160277
  60.800	   0.000	       507.012	        90.609	     0.000	   352.933	   -23.552	    72.567	     0.000	    -2.101	421.506149	421.590792	506.955656	2345.360082
  61.000	   0.000	       490.769	        88.943	     0.000	   352.149	   -23.395	    73.764	     0.000	    -2.171	405.716011	405.717671	490.865230	2343.695433
  61.200	   0.000	       480.615	        89.421	     0.000	   351.369	   -23.240	    74.500	     0.000	    -2.215	396.012934	396.068074	481.117648	2344.174601
  61.400	   0.000	       479.923	        91.407	     0.000	   350.592	   -23.086	    74.739	     0.000	    -2.229	394.143187	394.141340	479.679800	2346.157277
  61.600	   0.000	       474.125	        93.358	     0.000	   349.818	   -22.934	    75.279	     0.000	    -2.261	389.390523	389.390331	474.440165	2348.108631
  61.800	   0.000	       486.701	        95.176	     0.000	   349.048	   -22.783	    74.129	     0.000	    -2.193	401.181286	401.164056	486.887649	2349.914503
  62.000	   0.000	       487.992	        94.875	     0.000	   348.281	   -22.633	    73.857	     0.000	    -2.177	403.137639	403.112194	487.810682	2349.623756
  62.200	   0.000	       505.771	        93.036	     0.000	   347.518	   -22.484	    71.876	     0.000	    -2.061	420.743490	420.721207	506.252029	2347.784895
  62.400	   0.000	       522.119	        91.228	     0.000	   346.758	   -22.337	    70.296	     0.000	    -1.972	436.952892	436.831352	522.009503	2345.978262
  62.600	   0.000	       540.386	        89.559	     0.000	   346.001	   -22.191	    68.445	     0.000	    -1.869	454.754257	454.754259	540.075216	2344.312683
  62.800	   0.000	       549.172	        89.956	     0.000	   345.248	   -22.046	    67.739	     0.000	    -1.831	463.845438	463.761051	549.319450	2344.708073
  63.000	   0.000	       556.598	        91.924	     0.000	   344.497	   -21.903	    67.120	     0.000	    -1.798	471.696341	471.697198	556.532030	2346.675041
  63.200	   0.000	       569.133	        93.849	     0.000	   343.750	   -21.761	    66.271	     0.000	    -1.752	483.429353	483.402161	569.154207	2348.598172
  63.400	   0.000	       574.725	        95.631	     0.000	   343.007	   -21.620	    65.874	     0.000	    -1.732	489.693677	489.661335	574.410915	2350.371891
  63.600	   0.000	       587.668	        95.376	     0.000	   342.266	   -21.480	    64.806	     0.000	    -1.676	501.640237	501.640564	587.471584	2350.127618
  63.800	   0.000	       587.394	        93.511	     0.000	   341.529	   -21.342	    64.568	     0.000	    -1.664	502.570504	502.557272	587.811516	2348.260684
  64.000	   0.000	       585.823	        91.691	     0.000	   340.795	   -21.204	    64.371	     0.000	    -1.653	499.804567	499.826215	585.209474	2346.441393
  64.200	   0.000	       577.127	        90.014	     0.000	   340.064	   -21.068	    64.701	     0.000	    -1.670	491.745768	491.757498	577.313322	2344.766981
  64.400	   0.000	       562.526	        90.312	     0.000	   339.336	   -20.933	    65.541	     0.000	    -1.714	477.515310	477.550404	562.331050	2345.074703
  64.600	   0.000	       555.561	        92.273	     0.000	   338.611	   -20.799	    66.010	     0.000	    -1.739	469.682172	469.739157	555.438410	2347.022326
  64.800	   0.000	       531.431	        94.166	     0.000	   337.889	   -20.667	    67.795	     0.000	    -1.834	446.259148	446.296296	531.663047	2348.915052
  65.000	   0.000	       517.870	        95.912	     0.000	   337.171	   -20.535	    68.854	     0.000	    -1.892	431.894970	432.001441	517.225561	2350.653254
  65.200	   0.000	       502.955	        95.700	     0.000	   336.455	   -20.405	    70.069	     0.000	    -1.959	418.311661	418.303903	503.431128	2350.451620
  65.400	   0.000	       494.005	        93.798	     0.000	   335.742	   -20.275	    70.388	     0.000	    -1.977	408.658454	408.754691	493.958969	2348.548885
  65.600	   0.000	       492.211	        91.957	     0.000	   335.033	   -20.147	    70.384	     0.000	    -1.977	406.464675	406.453998	491.994909	2346.708119
  65.800	   0.000	       480.640	        90.263	     0.000	   334.326	   -20.020	    71.015	     0.000	    -2.012	395.538560	395.575442	480.713907	2345.015515
  66.000	   0.000	       479.217	        90.464	     0.000	   333.623	   -19.894	    71.073	     0.000	    -2.016	393.974820	393.978774	479.049645	2345.227171
  66.200	   0.000	       472.360	        92.411	     0.000	   332.922	   -19.769	    71.746	     0.000	    -2.054	387.521970	387.512071	472.922062	2347.160652
  66.400	   0.000	       478.819	        94.276	     0.000	   332.225	   -19.645	    71.162	     0.000	    -2.021	393.711027	393.710946	478.913931	2349.023751
  66.600	   0.000	       487.722	        95.985	     0.000	   331.530	   -19.522	    70.452	     0.000	    -1.981	402.487674	402.413898	487.449544	2350.727552
  66.800	   0.000	       503.463	        95.816	     0.000	   330.838	   -19.400	    68.850	     0.000	    -1.892	418.779359	418.772796	504.014981	2350.565416
  67.000	   0.000	       517.715	        93.870	     0.000	   330.149	   -19.279	    67.465	     0.000	    -1.816	431.872065	431.810322	517.097779	2348.618822
  67.200	   0.000	       529.494	        91.998	     0.000	   329.463	   -19.159	    66.180	     0.000	    -1.748	445.107369	445.055881	530.381630	2346.748741
  67.400	   0.000	       552.084	        90.278	     0.000	   328.780	   -19.040	    64.343	     0.000	    -1.652	466.141713	466.103485	551.454631	2345.029764
  67.600	   0.000	       560.710	        90.378	     0.000	   328.099	   -18.922	    63.601	     0.000	    -1.614	475.623104	475.582600	560.705311	2345.141060
  67.800	   0.000	       569.558	        92.307	     0.000	   327.422	   -18.805	    62.925	     0.000	    -1.580	484.441702	484.445534	569.792308	2347.056366
  68.000	   0.000	       575.800	        94.134	     0.000	   326.747	   -18.689	    62.582	     0.000	    -1.563	489.721800	489.697747	575.230940	2348.883241
  68.200	   0.000	       571.120	        95.801	     0.000	   326.075	   -18.574	    62.781	     0.000	    -1.573	486.472605	486.479344	571.384145	2350.544967
  68.400	   0.000	       579.820	        95.664	     0.000	   325.405	   -18.460	    62.158	     0.000	    -1.542	493.371996	493.363866	578.957480	2350.412590
  68.600	   0.000	       574.243	        93.666	     0.000	   324.739	   -18.346	    62.225	     0.000	    -1.545	489.121698	489.126238	574.370145	2348.419834
  68.800	   0.000	       574.106	        91.768	     0.000	   324.075	   -18.234	    61.938	     0.000	    -1.531	488.381894	488.399446	574.015734	2346.516531
  69.000	   0.000	       560.358	        90.019	     0.000	   323.414	   -18.123	    62.627	     0.000	    -1.565	474.732793	474.762980	559.751496	2344.770958
  69.200	   0.000	       545.453	        90.021	     0.000	   322.756	   -18.012	    63.444	     0.000	    -1.606	459.578702	459.681783	545.288710	2344.784055
  69.400	   0.000	       526.357	        91.926	     0.000	   322.100	   -17.903	    64.897	     0.000	    -1.681	441.469796	441.471682	526.615949	2346.675168
  69.600	   0.000	       513.912	        93.713	     0.000	   321.447	   -17.794	    65.779	     0.000	    -1.727	428.260464	428.350145	513.588425	2348.462069
  69.800	   0.000	       497.236	        95.336	     0.000	   320.796	   -17.686	    67.144	     0.000	    -1.799	412.106713	412.127788	497.577479	2350.081306
  70.000	   0.000	       483.558	        95.236	     0.000	   320.148	   -17.579	    68.222	     0.000	    -1.857	398.285127	398.314307	483.072887	2349.979139
  70.200	   0.000	       477.894	        93.236	     0.000	   319.503	   -17.473	    68.390	     0.000	    -1.866	392.753649	392.765072	478.394582	2347.961041
  70.400	   0.000	       473.650	        91.267	     0.000	   318.861	   -17.368	    68.529	     0.000	    -1.874	388.556262	388.551506	473.634210	2346.018862
  70.600	   0.000	       475.202	        89.501	     0.000	   318.221	   -17.264	    68.065	     0.000	    -1.849	390.055095	390.055096	475.312694	2344.253924
  70.800	   0.000	       479.613	        89.411	     0.000	   317.583	   -17.160	    67.556	     0.000	    -1.821	394.548309	394.543775	479.907525	2344.173545
  71.000	   0.000	       479.134	        91.261	     0.000	   316.948	   -17.057	    67.594	     0.000	    -1.823	393.848974	393.848534	478.890855	2346.010765
  71.200	   0.000	       486.766	        93.040	     0.000	   316.316	   -16.955	    66.971	     0.000	    -1.790	401.673193	401.650111	487.256293	2347.791275
  71.400	   0.000	       493.212	        94.628	     0.000	   315.686	   -16.854	    66.449	     0.000	    -1.762	408.466714	408.444177	493.314323	2349.371781
  71.600	   0.000	       513.994	        94.561	     0.000	   315.059	   -16.754	    64.702	     0.000	    -1.670	428.519063	428.442756	513.777396	2349.301944
  71.800	   0.000	       528.563	        92.562	     0.000	   314.434	   -16.655	    63.312	     0.000	    -1.599	443.904995	443.828938	529.091182	2347.284343
  72.000	   0.000	       544.819	        90.562	     0.000	   313.811	   -16.556	    61.866	     0.000	    -1.527	459.098859	459.098583	544.514455	2345.308272
  72.200	   0.000	       557.258	        88.770	     0.000	   313.191	   -16.458	    60.842	     0.000	    -1.477	472.176756	472.084091	557.408560	2343.524112
  72.400	   0.000	       567.825	        88.598	     0.000	   312.574	   -16.361	    59.979	     0.000	    -1.435	482.108738	482.109334	567.588690	2343.359640
  72.600	   0.000	       574.712	        90.398	     0.000	   311.959	   -16.264	    59.581	     0.000	    -1.417	488.886545	488.864134	574.295439	2345.147617
  72.800	   0.000	       573.263	        92.164	     0.000	   311.346	   -16.169	    59.587	     0.000	    -1.417	488.220229	488.223539	573.430518	2346.913882
  73.000	   0.000	       572.669	        93.728	     0.000	   310.736	   -16.074	    59.640	     0.000	    -1.419	486.901793	486.907158	572.130754	2348.472014
  73.200	   0.000	       562.009	        93.701	     0.000	   310.128	   -15.980	    60.161	     0.000	    -1.444	477.142898	477.154363	562.288318	2348.441555
  73.400	   0.000	       558.423	        91.710	     0.000	   309.522	   -15.886	    60.184	     0.000	    -1.445	472.672329	472.679945	558.081863	2346.437067
  73.600	   0.000	       550.316	        89.710	     0.000	   308.919	   -15.794	    60.459	     0.000	    -1.459	464.416581	464.423538	549.800237	2344.446078
  73.800	   0.000	       539.794	        87.898	     0.000	   308.319	   -15.702	    60.866	     0.000	    -1.478	455.204447	455.246806	540.522379	2342.648304
  74.000	   0.000	       527.783	        87.650	     0.000	   307.720	   -15.610	    61.578	     0.000	    -1.513	442.198192	442.230419	527.461758	2342.413024
  74.200	   0.000	       502.656	        89.410	     0.000	   307.124	   -15.520	    63.357	     0.000	    -1.602	417.976950	418.053812	503.234799	2344.161202
  74.400	   0.000	       492.296	        91.156	     0.000	   306.530	   -15.430	    64.216	     0.000	    -1.645	406.728354	406.776261	492.134676	2345.905404
  74.600	   0.000	       479.002	        92.709	     0.000	   305.939	   -15.341	    65.357	     0.000	    -1.704	393.718665	393.719665	478.849751	2347.454673
  74.800	   0.000	       468.764	        92.732	     0.000	   305.349	   -15.252	    66.075	     0.000	    -1.742	384.089716	384.125129	469.427708	2347.473965
  75.000	   0.000	       468.299	        90.744	     0.000	   304.762	   -15.165	    65.918	     0.000	    -1.734	382.653065	382.639753	467.988825	2345.484180
  75.200	   0.000	       464.808	        88.744	     0.000	   304.178	   -15.077	    65.866	     0.000	    -1.731	380.166274	380.174377	465.330152	2343.493239
  75.400	   0.000	       473.035	        86.936	     0.000	   303.595	   -14.991	    64.971	     0.000	    -1.684	387.459161	387.432941	472.725644	2341.693903
  75.600	   0.000	       477.830	        86.633	     0.000	   303.015	   -14.905	    64.361	     0.000	    -1.653	393.169917	393.160373	478.225565	2341.398046
  75.800	   0.000	       492.679	        88.375	     0.000	   302.437	   -14.820	    63.206	     0.000	    -1.594	406.894456	406.880914	492.647917	2343.125207
  76.000	   0.000	       497.164	        90.107	     0.000	   301.861	   -14.736	    62.872	     0.000	    -1.577	412.175003	412.149231	496.959726	2344.855368
  76.200	   0.000	       509.534	        91.649	     0.000	   301.287	   -14.652	    61.918	     0.000	    -1.530	424.101614	424.099345	509.539452	2346.390064
  76.400	   0.000	       519.448	        91.727	     0.000	   300.716	   -14.569	    61.144	     0.000	    -1.492	434.706574	434.636647	519.915959	2346.465834
  76.600	   0.000	       536.815	        89.741	     0.000	   300.146	   -14.486	    59.667	     0.000	    -1.421	451.301774	451.277049	536.423947	2344.486267
  76.800	   0.000	       556.669	        87.753	     0.000	   299.579	   -14.404	    58.168	     0.000	    -1.350	470.804670	470.768052	556.680999	2342.502847
  77.000	   0.000	       562.689	        85.972	     0.000	   299.014	   -14.323	    57.587	     0.000	    -1.323	477.549041	477.526052	562.316854	2340.721617
  77.200	   0.000	       570.279	        85.601	     0.000	   298.451	   -14.242	    56.942	     0.000	    -1.294	484.845011	484.844637	570.354789	2340.371288
  77.400	   0.000	       571.381	        87.337	     0.000	   297.890	   -14.162	    56.872	     0.000	    -1.291	485.950864	485.950857	571.373857	2342.086809
  77.600	   0.000	       564.820	        89.060	     0.000	   297.332	   -14.082	    57.221	     0.000	    -1.307	479.439497	479.453398	564.508083	2343.808747
  77.800	   0.000	       562.938	        90.581	     0.000	   296.775	   -14.003	    57.353	     0.000	    -1.313	477.426646	477.428287	562.868844	2345.329503
  78.000	   0.000	       548.790	        90.724	     0.000	   296.221	   -13.925	    58.090	     0.000	    -1.346	463.333125	463.385214	548.338268	2345.461219
  78.200	   0.000	       539.710	        88.746	     0.000	   295.668	   -13.847	    58.459	     0.000	    -1.364	454.325351	454.340843	540.054188	2343.495661
  78.400	   0.000	       523.055	        86.781	     0.000	   295.118	   -13.770	    59.313	     0.000	    -1.404	438.126901	438.145997	522.979273	2341.531777
  78.600	   0.000	       516.710	        85.021	     0.000	   294.569	   -13.693	    59.537	     0.000	    -1.414	430.764598	430.795068	516.454481	2339.773687
  78.800	   0.000	       503.434	        84.607	     0.000	   294.023	   -13.617	    60.320	     0.000	    -1.452	418.660802	418.664126	503.921816	2339.373465
  79.000	   0.000	       491.195	        86.332	     0.000	   293.479	   -13.542	    61.176	     0.000	    -1.493	405.664090	405.741427	491.075633	2341.082450
  79.200	   0.000	       474.613	        88.045	     0.000	   292.936	   -13.467	    62.544	     0.000	    -1.561	389.015789	389.026519	474.316173	2342.795689
  79.400	   0.000	       462.416	        89.558	     0.000	   292.396	   -13.393	    63.547	     0.000	    -1.611	377.627149	377.637419	462.668134	2344.306206
  79.600	   0.000	       459.719	        89.754	     0.000	   291.858	   -13.319	    63.747	     0.000	    -1.622	374.371419	374.375921	459.596006	2344.492337
  79.800	   0.000	       458.969	        87.794	     0.000	   291.322	   -13.245	    63.519	     0.000	    -1.610	374.124170	374.123075	459.441034	2342.544525
  80.000	   0.000	       468.354	        85.854	     0.000	   290.787	   -13.173	    62.520	     0.000	    -1.560	382.785194	382.765019	468.046164	2340.603783
  80.200	   0.000	       475.532	        84.112	     0.000	   290.255	   -13.100	    61.669	     0.000	    -1.518	390.285888	390.278147	475.621134	2338.863828
  80.400	   0.000	       484.865	        83.646	     0.000	   289.724	   -13.029	    60.806	     0.000	    -1.475	399.657662	399.631352	484.851005	2338.418938
  80.600	   0.000	       499.632	        85.377	     0.000	   289.196	   -12.958	    59.720	     0.000	    -1.423	414.320156	414.276685	499.554753	2340.125476
  80.800	   0.000	       510.105	        87.080	     0.000	   288.669	   -12.887	    58.978	     0.000	    -1.388	425.207103	425.188497	510.559542	2341.829845
  81.000	   0.000	       525.910	        88.583	     0.000	   288.145	   -12.817	    57.901	     0.000	    -1.338	440.724116	440.709913	525.701865	2343.331932
  81.200	   0.000	       531.522	        88.839	     0.000	   287.622	   -12.747	    57.455	     0.000	    -1.317	446.394554	446.375176	531.905702	2343.570954
  81.400	   0.000	       542.767	        86.890	     0.000	   287.101	   -12.678	    56.508	     0.000	    -1.274	457.568379	457.559989	542.905326	2341.640312
  81.600	   0.000	       555.208	        84.966	     0.000	   286.582	   -12.609	    55.569	     0.000	    -1.232	469.738466	469.683015	554.877124	2339.717588
  81.800	   0.000	       564.657	        83.242	     0.000	   286.065	   -12.541	    54.765	     0.000	    -1.197	479.655847	479.655946	564.979575	2337.994440
  82.000	   0.000	       568.301	        82.740	     0.000	   285.550	   -12.474	    54.443	     0.000	    -1.183	482.651124	482.648333	567.994256	2337.511837
  82.200	   0.000	       565.516	        84.462	     0.000	   285.036	   -12.406	    54.548	     0.000	    -1.187	479.877214	479.894526	565.451033	2339.212737
  82.400	   0.000	       556.716	        86.157	     0.000	   284.525	   -12.340	    55.066	     0.000	    -1.210	471.128426	471.139070	556.516847	2340.906320
  82.600	   0.000	       540.176	        87.652	     0.000	   284.015	   -12.274	    56.020	     0.000	    -1.252	455.316506	455.361398	540.275367	2342.400215
  82.800	   0.000	       533.686	        87.952	     0.000	   283.507	   -12.208	    56.381	     0.000	    -1.268	447.974585	447.987519	533.601734	2342.684011
  83.000	   0.000	       516.848	        86.022	     0.000	   283.001	   -12.143	    57.243	     0.000	    -1.308	431.587920	431.617750	516.677049	2340.770662
  83.200	   0.000	       504.694	        84.115	     0.000	   282.497	   -12.078	    57.812	     0.000	    -1.334	419.485501	419.527519	504.962040	2338.864285
  83.400	   0.000	       491.921	        82.404	     0.000	   281.994	   -12.013	    58.519	     0.000	    -1.366	406.456705	406.469285	491.884720	2337.157673
  83.600	   0.000	       479.915	        81.870	     0.000	   281.493	   -11.950	    59.241	     0.000	    -1.400	394.562539	394.572191	479.780535	2336.639928
  83.800	   0.000	       475.316	        83.578	     0.000	   280.994	   -11.886	    59.585	     0.000	    -1.417	389.868720	389.878802	475.463741	2338.326927
  84.000	   0.000	       464.870	        85.258	     0.000	   280.497	   -11.823	    60.435	     0.000	    -1.457	380.209144	380.221839	465.028473	2340.006895
  84.200	   0.000	       457.838	        86.744	     0.000	   280.002	   -11.761	    61.008	     0.000	    -1.485	372.299412	372.309959	457.797553	2341.492626
  84.400	   0.000	       455.254	        87.083	     0.000	   279.508	   -11.699	    61.208	     0.000	    -1.495	370.408508	370.403864	455.683303	2341.815328
  84.600	   0.000	       458.195	        85.165	     0.000	   279.016	   -11.637	    60.706	     0.000	    -1.471	372.519838	372.519654	457.829922	2339.919032
  84.800	   0.000	       468.609	        83.277	     0.000	   278.526	   -11.576	    59.685	     0.000	    -1.421	383.925509	383.845120	469.143816	2338.027482
  85.000	   0.000	       482.638	        81.580	     0.000	   278.038	   -11.515	    58.358	     0.000	    -1.359	397.661513	397.639853	482.670326	2336.333703
  85.200	   0.000	       500.412	        81.008	     0.000	   277.551	   -11.454	    56.958	     0.000	    -1.295	415.125857	415.096822	500.927330	2335.778765
  85.400	   0.000	       506.847	        82.698	     0.000	   277.066	   -11.394	    56.541	     0.000	    -1.276	422.264154	422.234442	506.900445	2337.447219
  85.600	   0.000	       524.772	        84.367	     0.000	   276.582	   -11.335	    55.366	     0.000	    -1.223	439.162683	439.156334	524.733119	2339.115748
  85.800	   0.000	       532.736	        85.842	     0.000	   276.101	   -11.276	    54.893	     0.000	    -1.202	447.942194	447.898561	533.240233	2340.591540
  86.000	   0.000	       544.930	        86.213	     0.000	   275.621	   -11.217	    54.064	     0.000	    -1.166	459.565556	459.562767	544.864741	2340.946427
  86.200	   0.000	       550.047	        84.315	     0.000	   275.142	   -11.159	    53.566	     0.000	    -1.145	464.468111	464.466521	549.878960	2339.068237
  86.400	   0.000	       552.826	        82.437	     0.000	   274.666	   -11.101	    53.223	     0.000	    -1.130	467.590425	467.587855	552.772943	2337.187952
  86.600	   0.000	       558.965	        80.748	     0.000	   274.190	   -11.043	    52.679	     0.000	    -1.107	473.676039	473.674217	558.933632	2335.502938
  86.800	   0.000	       557.310	        80.144	     0.000	   273.717	   -10.986	    52.613	     0.000	    -1.105	471.901711	471.902039	557.372237	2334.912710
  87.000	   0.000	       553.695	        81.812	     0.000	   273.245	   -10.930	    52.821	     0.000	    -1.113	468.060204	468.071412	553.350684	2336.561068
  87.200	   0.000	       544.196	        83.469	     0.000	   272.775	   -10.873	    53.347	     0.000	    -1.136	458.591820	458.611537	543.870640	2338.217737
  87.400	   0.000	       524.814	        84.933	     0.000	   272.307	   -10.817	    54.470	     0.000	    -1.184	439.606092	439.719665	525.031533	2339.680545
  87.600	   0.000	       510.307	        85.332	     0.000	   271.840	   -10.762	    55.351	     0.000	    -1.223	424.605051	424.629744	510.068355	2340.064777
  87.800	   0.000	       493.481	        83.455	     0.000	   271.374	   -10.707	    56.269	     0.000	    -1.263	408.480342	408.495021	493.817443	2338.207314
  88.000	   0.000	       486.675	        81.590	     0.000	   270.911	   -10.652	    56.526	     0.000	    -1.275	400.816973	400.852856	485.999819	2336.337424
  88.200	   0.000	       472.984	        79.906	     0.000	   270.448	   -10.597	    57.281	     0.000	    -1.309	387.896186	387.896677	473.343445	2334.660923
  88.400	   0.000	       465.573	        79.268	     0.000	   269.988	   -10.543	    57.648	     0.000	    -1.326	380.300512	380.330857	465.713425	2334.038866
  88.600	   0.000	       459.031	        80.916	     0.000	   269.529	   -10.490	    58.210	     0.000	    -1.352	373.565658	373.565287	458.843748	2335.665388
  88.800	   0.000	       459.364	        82.559	     0.000	   269.071	   -10.436	    58.213	     0.000	    -1.352	374.132393	374.133938	459.479744	2337.309212
  89.000	   0.000	       457.698	        84.011	     0.000	   268.615	   -10.383	    58.384	     0.000	    -1.360	372.541377	372.540327	457.747736	2338.759048
  89.200	   0.000	       458.376	        84.444	     0.000	   268.161	   -10.331	    58.242	     0.000	    -1.354	373.399834	373.398676	458.754071	2339.175452
  89.400	   0.000	       466.872	        82.591	     0.000	   267.708	   -10.279	    57.395	     0.000	    -1.314	381.506365	381.494615	466.890089	2337.341815
  89.600	   0.000	       473.836	        80.731	     0.000	   267.257	   -10.227	    56.667	     0.000	    -1.281	388.799983	388.784431	473.816903	2335.481548
  89.800	   0.000	       491.100	        79.063	     0.000	   266.807	   -10.175	    55.280	     0.000	    -1.219	406.208352	406.145800	491.516964	2333.816694
  90.000	   0.000	       510.967	        78.397	     0.000	   266.359	   -10.124	    53.844	     0.000	    -1.157	425.720582	425.653980	510.964085	2333.166966
  90.200	   0.000	       524.290	        80.022	     0.000	   265.912	   -10.073	    53.008	     0.000	    -1.121	439.126443	439.102742	524.519620	2334.771281
  90.400	   0.000	       535.412	        81.659	     0.000	   265.467	   -10.023	    52.364	     0.000	    -1.094	449.838292	449.834519	535.125998	2336.406958
  90.600	   0.000	       541.609	        83.102	     0.000	   265.023	    -9.972	    52.013	     0.000	    -1.080	456.442007	456.427095	541.529619	2337.849125
  90.800	   0.000	       547.476	        83.566	     0.000	   264.581	    -9.923	    51.610	     0.000	    -1.063	462.199178	462.198618	547.760605	2338.297790
  91.000	   0.000	       552.599	        81.738	     0.000	   264.140	    -9.873	    51.150	     0.000	    -1.044	467.483626	467.478385	552.463774	2336.489624
  91.200	   0.000	       551.907	        79.891	     0.000	   263.701	    -9.824	    50.978	     0.000	    -1.037	466.269231	466.273514	551.725270	2334.642323
  91.400	   0.000	       547.201	        78.238	     0.000	   263.263	    -9.775	    51.073	     0.000	    -1.041	462.134982	462.134489	547.414165	2332.994497
  91.600	   0.000	       544.484	        77.553	     0.000	   262.826	    -9.726	    51.052	     0.000	    -1.040	458.687815	458.717721	544.083085	2332.323044
  91.800	   0.000	       535.587	        79.161	     0.000	   262.391	    -9.678	    51.561	     0.000	    -1.061	450.214163	450.220456	535.723476	2333.909241
  92.000	   0.000	       524.036	        80.794	     0.000	   261.958	    -9.630	    52.237	     0.000	    -1.089	438.780455	438.804613	523.784596	2335.542571
  92.200	   0.000	       512.805	        82.234	     0.000	   261.525	    -9.583	    52.894	     0.000	    -1.116	427.082118	427.122439	512.916565	2336.981570
  92.400	   0.000	       489.861	        82.732	     0.000	   261.095	    -9.535	    54.288	     0.000	    -1.176	404.699575	404.766321	489.994504	2337.463979
  92.600	   0.000	       475.291	        80.935	     0.000	   260.665	    -9.488	    55.096	     0.000	    -1.211	389.918810	389.950060	475.223363	2335.687316
  92.800	   0.000	       463.227	        79.108	     0.000	   260.238	    -9.442	    55.741	     0.000	    -1.240	378.337406	378.346492	463.608724	2333.861136
  93.000	   0.000	       460.151	        77.481	     0.000	   259.811	    -9.395	    55.781	     0.000	    -1.242	374.423118	374.425317	459.690519	2332.235046
  93.200	   0.000	       456.008	        76.775	     0.000	   259.386	    -9.349	    55.926	     0.000	    -1.248	370.805645	370.806573	456.308001	2331.546846
  93.400	   0.000	       454.881	        78.371	     0.000	   258.962	    -9.304	    56.032	     0.000	    -1.253	369.669491	369.671922	455.018579	2333.120182
  93.600	   0.000	       455.511	        80.008	     0.000	   258.540	    -9.258	    56.072	     0.000	    -1.255	370.579177	370.575030	455.735083	2334.756515
  93.800	   0.000	       460.803	        81.450	     0.000	   258.119	    -9.213	    55.669	     0.000	    -1.237	375.589036	375.582844	460.990597	2336.198156
  94.000	   0.000	       467.827	        81.989	     0.000	   257.699	    -9.168	    55.120	     0.000	    -1.212	382.600011	382.598795	468.004580	2336.719566
  94.200	   0.000	       478.340	        80.233	     0.000	   257.281	    -9.124	    54.233	     0.000	    -1.174	393.109006	393.040658	478.261540	2334.984540
  94.400	   0.000	       488.628	        78.433	     0.000	   256.864	    -9.079	    53.280	     0.000	    -1.133	403.976354	403.969275	489.115032	2333.183415
  94.600	   0.000	       502.396	        76.828	     0.000	   256.449	    -9.035	    52.277	     0.000	    -1.090	416.768740	416.734880	502.133616	2331.580127
  94.800	   0.000	       516.074	        76.116	     0.000	   256.035	    -8.992	    51.300	     0.000	    -1.050	431.446660	431.388321	516.700679	2330.882697
  95.000	   0.000	       537.352	        77.700	     0.000	   255.622	    -8.948	    50.124	     0.000	    -1.003	451.657587	451.630520	536.924344	2332.449837
  95.200	   0.000	       544.696	        79.347	     0.000	   255.210	    -8.905	    49.705	     0.000	    -0.986	459.577180	459.562983	544.967981	2334.095790
  95.400	   0.000	       551.779	        80.802	     0.000	   254.800	    -8.862	    49.312	     0.000	    -0.970	466.326127	466.326350	551.844928	2335.549404
  95.600	   0.000	       547.870	        81.384	     0.000	   254.391	    -8.820	    49.479	     0.000	    -0.977	462.569946	462.569299	547.649070	2336.114782
  95.800	   0.000	       547.102	        79.672	     0.000	   253.984	    -8.777	    49.326	     0.000	    -0.971	461.746922	461.752259	547.308449	2334.425385
  96.000	   0.000	       543.884	        77.900	     0.000	   253.577	    -8.735	    49.348	     0.000	    -0.972	458.651004	458.650897	543.811684	2332.650431
  96.200	   0.000	       536.057	        76.320	     0.000	   253.172	    -8.694	    49.561	     0.000	    -0.980	450.970579	450.992882	536.303435	2331.072664
  96.400	   0.000	       529.244	        75.605	     0.000	   252.769	    -8.652	    49.827	     0.000	    -0.991	443.493295	443.503511	529.018100	2330.374288
  96.600	   0.000	       517.513	        77.191	     0.000	   252.366	    -8.611	    50.489	     0.000	    -1.017	432.022339	432.039796	517.271579	2331.940502
  96.800	   0.000	       501.759	        78.854	     0.000	   251.965	    -8.570	    51.404	     0.000	    -1.054	416.752297	416.807655	502.112734	2333.603462
  97.000	   0.000	       492.364	        80.329	     0.000	   251.565	    -8.529	    52.036	     0.000	    -1.080	406.715204	406.728201	492.230377	2335.077054
  97.200	   0.000	       477.840	        80.960	     0.000	   251.167	    -8.489	    52.901	     0.000	    -1.117	392.273786	392.315985	477.725622	2335.689162
  97.400	   0.000	       462.885	        79.295	     0.000	   250.770	    -8.448	    53.737	     0.000	    -1.152	377.450210	377.495797	462.798783	2334.046946
  97.600	   0.000	       450.518	        77.550	     0.000	   250.373	    -8.408	    54.451	     0.000	    -1.183	365.374549	365.380695	450.349527	2332.299252
  97.800	   0.000	       447.164	        75.994	     0.000	   249.979	    -8.369	    54.471	     0.000	    -1.184	362.083143	362.084819	447.675619	2330.749653
  98.000	   0.000	       449.139	        75.286	     0.000	   249.585	    -8.329	    54.267	     0.000	    -1.175	363.892036	363.871347	448.971063	2330.054326
  98.200	   0.000	       457.010	        76.873	     0.000	   249.193	    -8.290	    53.682	     0.000	    -1.150	371.508185	371.508268	456.917231	2331.622905
  98.400	   0.000	       462.072	        78.561	     0.000	   248.802	    -8.251	    53.405	     0.000	    -1.138	377.001611	376.979220	462.432486	2333.309641
  98.600	   0.000	       469.332	        80.063	     0.000	   248.412	    -8.212	    52.897	     0.000	    -1.117	384.293609	384.290909	469.427042	2334.809467
  98.800	   0.000	       480.210	        80.740	     0.000	   248.023	    -8.174	    52.155	     0.000	    -1.085	394.660087	394.634619	480.279371	2335.469607
  99.000	   0.000	       488.890	        79.123	     0.000	   247.636	    -8.136	    51.426	     0.000	    -1.055	404.072869	404.051664	488.869740	2333.876446
  99.200	   0.000	       504.779	        77.407	     0.000	   247.250	    -8.098	    50.280	     0.000	    -1.009	419.435847	419.401716	504.806760	2332.155490
  99.400	   0.000	       518.472	        75.877	     0.000	   246.865	    -8.060	    49.301	     0.000	    -0.970	433.245003	433.229128	518.726590	2330.632613
  99.600	   0.000	       527.635	        75.175	     0.000	   246.481	    -8.022	    48.702	     0.000	    -0.946	441.987562	441.964725	527.355687	2329.942153
  99.800	   0.000	       539.737	        76.768	     0.000	   246.098	    -7.985	    48.068	     0.000	    -0.922	454.910078	454.885952	540.126415	2331.516643
 100.000	   0.000	       550.863	        78.484	     0.000	   245.717	    -7.948	    47.521	     0.000	    -0.901	465.341594	465.329028	550.520599	2333.233088
