    时间	    汇点水头	    大井水位	    升管水位	    大井流量	    升管流量	    底板压差
   0.000	      0.336	   2360.636	    2360.636	      0.000	      0.000	      0.000
   0.200	      0.334	   2360.634	    2360.634	     -0.210	      0.000	     -0.000
   0.400	      0.334	   2360.634	    2360.634	      0.213	      0.000	      0.000
   0.600	      0.335	   2360.635	    2360.635	      0.037	      0.000	      0.000
   0.800	      0.335	   2360.635	    2360.635	     -0.035	      0.000	     -0.000
   1.000	      0.335	   2360.635	    2360.635	     -0.035	      0.000	     -0.000
   1.200	      0.334	   2360.634	    2360.634	      0.036	      0.000	      0.000
   1.400	      0.335	   2360.635	    2360.635	      0.205	      0.000	      0.000
   1.600	      0.335	   2360.635	    2360.635	     -0.219	      0.000	     -0.000
   1.800	      0.333	   2360.633	    2360.633	     -0.050	      0.000	     -0.000
   2.000	      0.335	   2360.635	    2360.635	      0.182	      0.000	      0.000
   2.200	      0.335	   2360.635	    2360.635	     -0.248	      0.000	     -0.000
   2.400	      0.334	   2360.634	    2360.634	     -0.088	      0.000	     -0.000
   2.600	      0.333	   2360.633	    2360.633	     -0.032	      0.000	     -0.000
   2.800	      0.333	   2360.633	    2360.633	      0.117	      0.000	      0.000
   3.000	      0.333	   2360.633	    2360.633	     -0.158	      0.000	     -0.000
   3.200	      0.330	   2360.630	    2360.630	     -0.355	      0.000	     -0.000
   3.400	      0.330	   2360.630	    2360.630	      0.019	      0.000	      0.000
   3.600	      0.329	   2360.629	    2360.629	     -0.201	      0.000	     -0.000
   3.800	      0.326	   2360.626	    2360.626	     -0.321	      0.000	     -0.000
   4.000	      0.323	   2360.623	    2360.623	     -0.142	      0.000	     -0.000
   4.200	      0.320	   2360.621	    2360.621	     -0.388	      0.000	     -0.000
   4.400	      0.317	   2360.617	    2360.617	     -0.547	      0.000	     -0.000
   4.600	      0.312	   2360.612	    2360.612	     -0.808	      0.000	     -0.000
   4.800	      0.307	   2360.607	    2360.607	     -0.503	      0.000	     -0.000
   5.000	      0.302	   2360.603	    2360.603	     -0.634	      0.000	     -0.000
   5.200	      0.294	   2360.594	    2360.594	     -1.172	      0.000	     -0.000
   5.400	      0.286	   2360.586	    2360.586	     -1.149	      0.000	     -0.000
   5.600	      0.277	   2360.577	    2360.577	     -1.250	      0.000	     -0.000
   5.800	      0.267	   2360.567	    2360.567	     -1.502	      0.000	     -0.000
   6.000	      0.254	   2360.554	    2360.554	     -1.698	      0.000	     -0.000
   6.200	      0.239	   2360.540	    2360.540	     -1.836	      0.000	     -0.001
   6.400	      0.225	   2360.526	    2360.526	     -1.910	      0.000	     -0.001
   6.600	      0.207	   2360.508	    2360.508	     -2.565	      0.000	     -0.001
   6.800	      0.186	   2360.487	    2360.487	     -2.657	      0.000	     -0.001
   7.000	      0.166	   2360.467	    2360.467	     -2.724	      0.000	     -0.001
   7.200	      0.142	   2360.443	    2360.443	     -3.202	      0.000	     -0.002
   7.400	      0.114	   2360.416	    2360.416	     -3.594	      0.000	     -0.002
   7.600	      0.085	   2360.387	    2360.387	     -3.871	      0.000	     -0.002
   7.800	      0.053	   2360.356	    2360.356	     -4.078	      0.000	     -0.003
   8.000	      0.018	   2360.322	    2360.322	     -4.704	      0.000	     -0.003
   8.200	     -0.022	   2360.282	    2360.282	     -5.263	      0.000	     -0.004
   8.400	     -0.063	   2360.242	    2360.242	     -5.298	      0.000	     -0.004
   8.600	     -0.107	   2360.198	    2360.198	     -5.911	      0.000	     -0.005
   8.800	     -0.157	   2360.150	    2360.150	     -6.420	      0.000	     -0.006
   9.000	     -0.210	   2360.098	    2360.098	     -6.889	      0.000	     -0.007
   9.200	     -0.266	   2360.043	    2360.043	     -7.306	      0.000	     -0.008
   9.400	     -0.325	   2359.985	    2359.985	     -7.871	      0.000	     -0.010
   9.600	     -0.391	   2359.921	    2359.921	     -8.532	      0.000	     -0.011
   9.800	     -0.458	   2359.853	    2359.853	     -8.647	      0.000	     -0.012
  10.000	     -0.529	   2359.784	    2359.784	     -9.190	      0.000	     -0.013
  10.200	     -0.608	   2359.708	    2359.708	    -10.084	      0.000	     -0.016
  10.400	     -0.688	   2359.629	    2359.629	    -10.439	      0.000	     -0.017
  10.600	     -0.772	   2359.546	    2359.546	    -10.912	      0.000	     -0.019
  10.800	     -0.860	   2359.460	    2359.460	    -11.278	      0.000	     -0.020
  11.000	     -0.954	   2359.368	    2359.368	    -12.015	      0.000	     -0.023
  11.200	     -1.052	   2359.272	    2359.272	    -12.450	      0.000	     -0.024
  11.400	     -1.152	   2359.174	    2359.174	    -12.796	      0.000	     -0.026
  11.600	     -1.258	   2359.071	    2359.071	    -13.651	      0.000	     -0.029
  11.800	     -1.367	   2358.964	    2358.964	    -13.932	      0.000	     -0.030
  12.000	     -1.477	   2358.855	    2358.855	    -14.165	      0.000	     -0.032
  12.200	     -1.592	   2358.742	    2358.742	    -14.737	      0.000	     -0.034
  12.400	     -1.711	   2358.625	    2358.625	    -15.167	      0.000	     -0.036
  12.600	     -1.833	   2358.505	    2358.505	    -15.659	      0.000	     -0.039
  12.800	     -1.954	   2358.384	    2358.384	    -15.599	      0.000	     -0.038
  13.000	     -2.079	   2358.261	    2358.261	    -16.104	      0.000	     -0.041
  13.200	     -2.209	   2358.134	    2358.134	    -16.473	      0.000	     -0.043
  13.400	     -2.335	   2358.007	    2358.007	    -16.304	      0.000	     -0.042
  13.600	     -2.465	   2357.879	    2357.879	    -16.628	      0.000	     -0.043
  13.800	     -2.596	   2357.748	    2357.748	    -16.773	      0.000	     -0.044
  14.000	     -2.727	   2357.618	    2357.618	    -16.823	      0.000	     -0.045
  14.200	     -2.857	   2357.487	    2357.487	    -16.766	      0.000	     -0.044
  14.400	     -2.986	   2357.357	    2357.357	    -16.581	      0.000	     -0.043
  14.600	     -3.118	   2357.227	    2357.227	    -16.833	      0.000	     -0.045
  14.800	     -3.245	   2357.097	    2357.097	    -16.310	      0.000	     -0.042
  15.000	     -3.370	   2356.971	    2356.971	    -16.128	      0.000	     -0.041
  15.200	     -3.497	   2356.844	    2356.844	    -16.213	      0.000	     -0.041
  15.400	     -3.619	   2356.720	    2356.720	    -15.736	      0.000	     -0.039
  15.600	     -3.737	   2356.600	    2356.600	    -15.316	      0.000	     -0.037
  15.800	     -3.852	   2356.483	    2356.483	    -14.755	      0.000	     -0.034
  16.000	     -3.965	   2356.368	    2356.368	    -14.501	      0.000	     -0.033
  16.200	     -4.075	   2356.256	    2356.256	    -14.111	      0.000	     -0.031
  16.400	     -4.176	   2356.151	    2356.151	    -13.215	      0.000	     -0.028
  16.600	     -4.277	   2356.050	    2356.050	    -12.986	      0.000	     -0.027
  16.800	     -4.372	   2355.951	    2355.951	    -12.184	      0.000	     -0.023
  17.000	     -4.460	   2355.860	    2355.860	    -11.332	      0.000	     -0.020
  17.200	     -4.545	   2355.773	    2355.773	    -10.801	      0.000	     -0.018
  17.400	     -4.624	   2355.692	    2355.692	    -10.147	      0.000	     -0.016
  17.600	     -4.699	   2355.615	    2355.615	     -9.546	      0.000	     -0.014
  17.800	     -4.766	   2355.546	    2355.546	     -8.440	      0.000	     -0.011
  18.000	     -4.827	   2355.483	    2355.483	     -7.703	      0.000	     -0.009
  18.200	     -4.885	   2355.423	    2355.423	     -7.251	      0.000	     -0.008
  18.400	     -4.935	   2355.371	    2355.371	     -6.120	      0.000	     -0.006
  18.600	     -4.979	   2355.326	    2355.326	     -5.503	      0.000	     -0.005
  18.800	     -5.018	   2355.286	    2355.286	     -4.772	      0.000	     -0.004
  19.000	     -5.051	   2355.252	    2355.252	     -4.005	      0.000	     -0.003
  19.200	     -5.078	   2355.223	    2355.223	     -3.196	      0.000	     -0.002
  19.400	     -5.099	   2355.202	    2355.202	     -2.362	      0.000	     -0.001
  19.600	     -5.116	   2355.184	    2355.184	     -2.028	      0.000	     -0.001
  19.800	     -5.129	   2355.172	    2355.172	     -1.214	      0.000	     -0.000
  20.000	     -5.134	   2355.166	    2355.166	     -0.418	      0.000	     -0.000
  20.200	     -5.136	   2355.164	    2355.164	     -0.145	      0.000	     -0.000
  20.400	     -5.134	   2355.166	    2355.166	      0.599	      0.000	      0.000
  20.600	     -5.127	   2355.173	    2355.173	      1.218	      0.000	      0.000
  20.800	     -5.115	   2355.185	    2355.185	      1.900	      0.000	      0.001
  21.000	     -5.099	   2355.201	    2355.201	      2.210	      0.000	      0.001
  21.200	     -5.080	   2355.219	    2355.219	      2.585	      0.000	      0.001
  21.400	     -5.056	   2355.243	    2355.243	      3.376	      0.000	      0.002
  21.600	     -5.028	   2355.270	    2355.270	      3.659	      0.000	      0.002
  21.800	     -4.998	   2355.299	    2355.299	      4.054	      0.000	      0.003
  22.000	     -4.964	   2355.332	    2355.332	      4.627	      0.000	      0.003
  22.200	     -4.928	   2355.369	    2355.369	      4.846	      0.000	      0.004
  22.400	     -4.888	   2355.408	    2355.408	      5.131	      0.000	      0.004
  22.600	     -4.847	   2355.449	    2355.449	      5.312	      0.000	      0.004
  22.800	     -4.802	   2355.492	    2355.492	      5.947	      0.000	      0.006
  23.000	     -4.755	   2355.539	    2355.539	      6.180	      0.000	      0.006
  23.200	     -4.708	   2355.586	    2355.586	      6.119	      0.000	      0.006
  23.400	     -4.658	   2355.636	    2355.636	      6.501	      0.000	      0.007
  23.600	     -4.605	   2355.688	    2355.688	      6.745	      0.000	      0.007
  23.800	     -4.551	   2355.741	    2355.741	      6.896	      0.000	      0.007
  24.000	     -4.497	   2355.796	    2355.796	      7.080	      0.000	      0.008
  24.200	     -4.441	   2355.851	    2355.851	      7.328	      0.000	      0.008
  24.400	     -4.381	   2355.909	    2355.909	      7.621	      0.000	      0.009
  24.600	     -4.323	   2355.968	    2355.968	      7.461	      0.000	      0.009
  24.800	     -4.263	   2356.027	    2356.027	      7.793	      0.000	      0.010
  25.000	     -4.200	   2356.089	    2356.089	      8.105	      0.000	      0.010
  25.200	     -4.138	   2356.152	    2356.152	      8.111	      0.000	      0.010
  25.400	     -4.074	   2356.215	    2356.215	      8.217	      0.000	      0.011
  25.600	     -4.010	   2356.279	    2356.279	      8.409	      0.000	      0.011
  25.800	     -3.943	   2356.345	    2356.345	      8.680	      0.000	      0.012
  26.000	     -3.876	   2356.413	    2356.413	      8.602	      0.000	      0.012
  26.200	     -3.809	   2356.479	    2356.479	      8.616	      0.000	      0.012
  26.400	     -3.739	   2356.548	    2356.548	      9.048	      0.000	      0.013
  26.600	     -3.669	   2356.619	    2356.619	      8.997	      0.000	      0.013
  26.800	     -3.599	   2356.688	    2356.688	      9.078	      0.000	      0.013
  27.000	     -3.528	   2356.759	    2356.759	      9.166	      0.000	      0.013
  27.200	     -3.455	   2356.831	    2356.831	      9.297	      0.000	      0.014
  27.400	     -3.382	   2356.904	    2356.904	      9.300	      0.000	      0.014
  27.600	     -3.310	   2356.976	    2356.976	      9.229	      0.000	      0.013
  27.800	     -3.236	   2357.049	    2357.049	      9.613	      0.000	      0.015
  28.000	     -3.162	   2357.124	    2357.124	      9.603	      0.000	      0.015
  28.200	     -3.089	   2357.197	    2357.197	      9.328	      0.000	      0.014
  28.400	     -3.015	   2357.270	    2357.270	      9.492	      0.000	      0.014
  28.600	     -2.941	   2357.345	    2357.345	      9.525	      0.000	      0.014
  28.800	     -2.866	   2357.419	    2357.419	      9.652	      0.000	      0.015
  29.000	     -2.793	   2357.493	    2357.493	      9.448	      0.000	      0.014
  29.200	     -2.720	   2357.566	    2357.566	      9.493	      0.000	      0.014
  29.400	     -2.646	   2357.640	    2357.640	      9.571	      0.000	      0.014
  29.600	     -2.574	   2357.713	    2357.713	      9.207	      0.000	      0.013
  29.800	     -2.501	   2357.785	    2357.785	      9.327	      0.000	      0.014
  30.000	     -2.428	   2357.858	    2357.858	      9.420	      0.000	      0.014
  30.200	     -2.357	   2357.930	    2357.930	      9.210	      0.000	      0.013
  30.400	     -2.286	   2358.001	    2358.001	      9.091	      0.000	      0.013
  30.600	     -2.217	   2358.071	    2358.071	      8.882	      0.000	      0.012
  30.800	     -2.146	   2358.141	    2358.141	      9.098	      0.000	      0.013
  31.000	     -2.077	   2358.211	    2358.211	      8.772	      0.000	      0.012
  31.200	     -2.010	   2358.278	    2358.278	      8.555	      0.000	      0.012
  31.400	     -1.942	   2358.346	    2358.346	      8.729	      0.000	      0.012
  31.600	     -1.877	   2358.412	    2358.412	      8.425	      0.000	      0.011
  31.800	     -1.812	   2358.477	    2358.477	      8.260	      0.000	      0.011
  32.000	     -1.749	   2358.540	    2358.540	      8.103	      0.000	      0.010
  32.200	     -1.687	   2358.603	    2358.603	      7.988	      0.000	      0.010
  32.400	     -1.625	   2358.665	    2358.665	      7.925	      0.000	      0.010
  32.600	     -1.567	   2358.724	    2358.724	      7.455	      0.000	      0.009
  32.800	     -1.509	   2358.782	    2358.782	      7.603	      0.000	      0.009
  33.000	     -1.451	   2358.840	    2358.840	      7.363	      0.000	      0.009
  33.200	     -1.397	   2358.895	    2358.895	      6.875	      0.000	      0.007
  33.400	     -1.344	   2358.949	    2358.949	      6.812	      0.000	      0.007
  33.600	     -1.292	   2359.001	    2359.001	      6.622	      0.000	      0.007
  33.800	     -1.241	   2359.052	    2359.052	      6.524	      0.000	      0.007
  34.000	     -1.193	   2359.101	    2359.101	      6.102	      0.000	      0.006
  34.200	     -1.148	   2359.147	    2359.147	      5.768	      0.000	      0.005
  34.400	     -1.102	   2359.193	    2359.193	      5.799	      0.000	      0.005
  34.600	     -1.060	   2359.236	    2359.236	      5.226	      0.000	      0.004
  34.800	     -1.020	   2359.276	    2359.276	      5.150	      0.000	      0.004
  35.000	     -0.980	   2359.316	    2359.316	      5.046	      0.000	      0.004
  35.200	     -0.944	   2359.353	    2359.353	      4.663	      0.000	      0.003
  35.400	     -0.909	   2359.388	    2359.388	      4.381	      0.000	      0.003
  35.600	     -0.877	   2359.421	    2359.421	      4.028	      0.000	      0.003
  35.800	     -0.845	   2359.453	    2359.453	      4.104	      0.000	      0.003
  36.000	     -0.814	   2359.483	    2359.483	      3.832	      0.000	      0.002
  36.200	     -0.788	   2359.510	    2359.510	      3.360	      0.000	      0.002
  36.400	     -0.761	   2359.537	    2359.537	      3.458	      0.000	      0.002
  36.600	     -0.736	   2359.562	    2359.562	      3.105	      0.000	      0.002
  36.800	     -0.713	   2359.585	    2359.585	      2.909	      0.000	      0.001
  37.000	     -0.691	   2359.607	    2359.607	      2.739	      0.000	      0.001
  37.200	     -0.671	   2359.628	    2359.628	      2.640	      0.000	      0.001
  37.400	     -0.650	   2359.649	    2359.649	      2.603	      0.000	      0.001
  37.600	     -0.632	   2359.667	    2359.667	      2.198	      0.000	      0.001
  37.800	     -0.615	   2359.684	    2359.684	      2.277	      0.000	      0.001
  38.000	     -0.597	   2359.703	    2359.703	      2.315	      0.000	      0.001
  38.200	     -0.580	   2359.719	    2359.719	      1.962	      0.000	      0.001
  38.400	     -0.564	   2359.735	    2359.735	      2.058	      0.000	      0.001
  38.600	     -0.549	   2359.751	    2359.751	      2.051	      0.000	      0.001
  38.800	     -0.532	   2359.767	    2359.767	      2.149	      0.000	      0.001
  39.000	     -0.517	   2359.783	    2359.783	      1.955	      0.000	      0.001
  39.200	     -0.502	   2359.797	    2359.797	      1.874	      0.000	      0.001
  39.400	     -0.486	   2359.814	    2359.814	      2.155	      0.000	      0.001
  39.600	     -0.470	   2359.830	    2359.830	      2.023	      0.000	      0.001
  39.800	     -0.455	   2359.845	    2359.845	      2.075	      0.000	      0.001
  40.000	     -0.438	   2359.861	    2359.861	      2.273	      0.000	      0.001
  40.200	     -0.421	   2359.878	    2359.878	      2.211	      0.000	      0.001
  40.400	     -0.403	   2359.896	    2359.896	      2.256	      0.000	      0.001
  40.600	     -0.386	   2359.914	    2359.914	      2.246	      0.000	      0.001
  40.800	     -0.366	   2359.933	    2359.933	      2.660	      0.000	      0.001
  41.000	     -0.345	   2359.953	    2359.953	      2.725	      0.000	      0.001
  41.200	     -0.326	   2359.973	    2359.973	      2.608	      0.000	      0.001
  41.400	     -0.304	   2359.995	    2359.995	      2.891	      0.000	      0.001
  41.600	     -0.280	   2360.019	    2360.019	      3.042	      0.000	      0.001
  41.800	     -0.255	   2360.043	    2360.043	      3.174	      0.000	      0.002
  42.000	     -0.230	   2360.068	    2360.068	      3.333	      0.000	      0.002
  42.200	     -0.204	   2360.094	    2360.094	      3.560	      0.000	      0.002
  42.400	     -0.174	   2360.123	    2360.123	      3.828	      0.000	      0.002
  42.600	     -0.145	   2360.153	    2360.153	      3.732	      0.000	      0.002
  42.800	     -0.114	   2360.183	    2360.183	      4.102	      0.000	      0.003
  43.000	     -0.080	   2360.216	    2360.216	      4.410	      0.000	      0.003
  43.200	     -0.046	   2360.251	    2360.251	      4.485	      0.000	      0.003
  43.400	     -0.011	   2360.286	    2360.286	      4.679	      0.000	      0.003
  43.600	      0.027	   2360.323	    2360.323	      4.923	      0.000	      0.004
  43.800	      0.067	   2360.362	    2360.362	      5.260	      0.000	      0.004
  44.000	      0.108	   2360.403	    2360.403	      5.290	      0.000	      0.004
  44.200	      0.149	   2360.445	    2360.445	      5.430	      0.000	      0.005
  44.400	      0.195	   2360.489	    2360.489	      5.911	      0.000	      0.005
  44.600	      0.241	   2360.535	    2360.535	      5.968	      0.000	      0.006
  44.800	      0.288	   2360.582	    2360.582	      6.199	      0.000	      0.006
  45.000	      0.338	   2360.631	    2360.631	      6.411	      0.000	      0.006
  45.200	      0.389	   2360.682	    2360.682	      6.657	      0.000	      0.007
  45.400	      0.442	   2360.735	    2360.735	      6.821	      0.000	      0.007
  45.600	      0.496	   2360.789	    2360.789	      6.932	      0.000	      0.008
  45.800	      0.553	   2360.844	    2360.844	      7.445	      0.000	      0.009
  46.000	      0.612	   2360.903	    2360.903	      7.590	      0.000	      0.009
  46.200	      0.670	   2360.961	    2360.961	      7.546	      0.000	      0.009
  46.400	      0.731	   2361.021	    2361.021	      7.881	      0.000	      0.010
  46.600	      0.794	   2361.084	    2361.084	      8.068	      0.000	      0.010
  46.800	      0.858	   2361.147	    2361.147	      8.364	      0.000	      0.011
  47.000	      0.923	   2361.212	    2361.212	      8.369	      0.000	      0.011
  47.200	      0.989	   2361.277	    2361.277	      8.587	      0.000	      0.012
  47.400	      1.057	   2361.345	    2361.345	      8.819	      0.000	      0.012
  47.600	      1.125	   2361.413	    2361.413	      8.671	      0.000	      0.012
  47.800	      1.194	   2361.481	    2361.481	      8.968	      0.000	      0.013
  48.000	      1.265	   2361.552	    2361.552	      9.181	      0.000	      0.013
  48.200	      1.336	   2361.623	    2361.623	      9.147	      0.000	      0.013
  48.400	      1.408	   2361.694	    2361.694	      9.205	      0.000	      0.013
  48.600	      1.479	   2361.766	    2361.766	      9.164	      0.000	      0.013
  48.800	      1.553	   2361.839	    2361.839	      9.484	      0.000	      0.014
  49.000	      1.626	   2361.912	    2361.912	      9.318	      0.000	      0.014
  49.200	      1.697	   2361.984	    2361.984	      9.268	      0.000	      0.014
  49.400	      1.772	   2362.057	    2362.057	      9.528	      0.000	      0.014
  49.600	      1.844	   2362.131	    2362.131	      9.354	      0.000	      0.014
  49.800	      1.917	   2362.203	    2362.203	      9.330	      0.000	      0.014
  50.000	      1.989	   2362.275	    2362.275	      9.275	      0.000	      0.014
  50.200	      2.061	   2362.347	    2362.347	      9.243	      0.000	      0.013
  50.400	      2.133	   2362.420	    2362.420	      9.242	      0.000	      0.013
  50.600	      2.202	   2362.489	    2362.489	      8.897	      0.000	      0.012
  50.800	      2.272	   2362.559	    2362.559	      9.084	      0.000	      0.013
  51.000	      2.341	   2362.629	    2362.629	      8.890	      0.000	      0.012
  51.200	      2.408	   2362.696	    2362.696	      8.501	      0.000	      0.011
  51.400	      2.474	   2362.762	    2362.762	      8.472	      0.000	      0.011
  51.600	      2.539	   2362.828	    2362.828	      8.298	      0.000	      0.011
  51.800	      2.602	   2362.892	    2362.892	      8.215	      0.000	      0.011
  52.000	      2.664	   2362.954	    2362.954	      7.841	      0.000	      0.010
  52.200	      2.722	   2363.013	    2363.013	      7.550	      0.000	      0.009
  52.400	      2.782	   2363.073	    2363.073	      7.534	      0.000	      0.009
  52.600	      2.837	   2363.130	    2363.130	      6.993	      0.000	      0.008
  52.800	      2.891	   2363.183	    2363.183	      6.899	      0.000	      0.008
  53.000	      2.943	   2363.236	    2363.236	      6.723	      0.000	      0.007
  53.200	      2.993	   2363.287	    2363.287	      6.307	      0.000	      0.006
  53.400	      3.040	   2363.335	    2363.335	      5.975	      0.000	      0.006
  53.600	      3.084	   2363.379	    2363.379	      5.566	      0.000	      0.005
  53.800	      3.127	   2363.423	    2363.423	      5.511	      0.000	      0.005
  54.000	      3.168	   2363.464	    2363.464	      5.113	      0.000	      0.004
  54.200	      3.204	   2363.501	    2363.501	      4.571	      0.000	      0.003
  54.400	      3.239	   2363.536	    2363.536	      4.481	      0.000	      0.003
  54.600	      3.271	   2363.569	    2363.569	      3.972	      0.000	      0.002
  54.800	      3.300	   2363.598	    2363.598	      3.613	      0.000	      0.002
  55.000	      3.326	   2363.625	    2363.625	      3.239	      0.000	      0.002
  55.200	      3.350	   2363.648	    2363.648	      2.911	      0.000	      0.001
  55.400	      3.371	   2363.670	    2363.670	      2.613	      0.000	      0.001
  55.600	      3.388	   2363.688	    2363.688	      1.994	      0.000	      0.001
  55.800	      3.403	   2363.702	    2363.702	      1.793	      0.000	      0.001
  56.000	      3.416	   2363.715	    2363.715	      1.492	      0.000	      0.000
  56.200	      3.425	   2363.724	    2363.724	      0.871	      0.000	      0.000
  56.400	      3.431	   2363.731	    2363.731	      0.633	      0.000	      0.000
  56.600	      3.434	   2363.734	    2363.734	      0.277	      0.000	      0.000
  56.800	      3.435	   2363.735	    2363.735	      0.021	      0.000	      0.000
  57.000	      3.433	   2363.733	    2363.733	     -0.510	      0.000	     -0.000
  57.200	      3.427	   2363.727	    2363.727	     -0.921	      0.000	     -0.000
  57.400	      3.420	   2363.720	    2363.720	     -1.047	      0.000	     -0.000
  57.600	      3.409	   2363.710	    2363.710	     -1.543	      0.000	     -0.000
  57.800	      3.395	   2363.696	    2363.696	     -1.843	      0.000	     -0.001
  58.000	      3.380	   2363.680	    2363.680	     -2.058	      0.000	     -0.001
  58.200	      3.361	   2363.662	    2363.662	     -2.494	      0.000	     -0.001
  58.400	      3.341	   2363.642	    2363.642	     -2.839	      0.000	     -0.001
  58.600	      3.317	   2363.618	    2363.618	     -3.228	      0.000	     -0.002
  58.800	      3.291	   2363.593	    2363.593	     -3.239	      0.000	     -0.002
  59.000	      3.264	   2363.566	    2363.566	     -3.584	      0.000	     -0.002
  59.200	      3.233	   2363.536	    2363.536	     -4.047	      0.000	     -0.003
  59.400	      3.202	   2363.504	    2363.504	     -4.160	      0.000	     -0.003
  59.600	      3.168	   2363.471	    2363.471	     -4.407	      0.000	     -0.003
  59.800	      3.133	   2363.436	    2363.436	     -4.640	      0.000	     -0.003
  60.000	      3.096	   2363.399	    2363.399	     -4.852	      0.000	     -0.004
  60.200	      3.057	   2363.361	    2363.361	     -4.987	      0.000	     -0.004
  60.400	      3.018	   2363.322	    2363.322	     -5.093	      0.000	     -0.004
  60.600	      2.976	   2363.280	    2363.280	     -5.502	      0.000	     -0.005
  60.800	      2.933	   2363.237	    2363.237	     -5.465	      0.000	     -0.005
  61.000	      2.890	   2363.195	    2363.195	     -5.514	      0.000	     -0.005
  61.200	      2.846	   2363.151	    2363.151	     -5.741	      0.000	     -0.005
  61.400	      2.800	   2363.106	    2363.106	     -5.842	      0.000	     -0.005
  61.600	      2.754	   2363.060	    2363.060	     -5.894	      0.000	     -0.005
  61.800	      2.708	   2363.014	    2363.014	     -5.848	      0.000	     -0.005
  62.000	      2.662	   2362.967	    2362.967	     -6.079	      0.000	     -0.006
  62.200	      2.613	   2362.919	    2362.919	     -6.162	      0.000	     -0.006
  62.400	      2.567	   2362.873	    2362.873	     -5.955	      0.000	     -0.006
  62.600	      2.520	   2362.826	    2362.826	     -6.117	      0.000	     -0.006
  62.800	      2.472	   2362.778	    2362.778	     -6.082	      0.000	     -0.006
  63.000	      2.424	   2362.730	    2362.730	     -6.073	      0.000	     -0.006
  63.200	      2.378	   2362.683	    2362.683	     -6.016	      0.000	     -0.006
  63.400	      2.331	   2362.637	    2362.637	     -6.028	      0.000	     -0.006
  63.600	      2.284	   2362.590	    2362.590	     -6.056	      0.000	     -0.006
  63.800	      2.239	   2362.544	    2362.544	     -5.706	      0.000	     -0.005
  64.000	      2.194	   2362.500	    2362.500	     -5.706	      0.000	     -0.005
  64.200	      2.149	   2362.454	    2362.454	     -5.823	      0.000	     -0.005
  64.400	      2.105	   2362.410	    2362.410	     -5.592	      0.000	     -0.005
  64.600	      2.062	   2362.367	    2362.367	     -5.492	      0.000	     -0.005
  64.800	      2.021	   2362.325	    2362.325	     -5.268	      0.000	     -0.004
  65.000	      1.979	   2362.284	    2362.284	     -5.292	      0.000	     -0.004
  65.200	      1.938	   2362.242	    2362.242	     -5.094	      0.000	     -0.004
  65.400	      1.900	   2362.204	    2362.204	     -4.898	      0.000	     -0.004
  65.600	      1.861	   2362.165	    2362.165	     -5.017	      0.000	     -0.004
  65.800	      1.824	   2362.127	    2362.127	     -4.700	      0.000	     -0.003
  66.000	      1.789	   2362.092	    2362.092	     -4.479	      0.000	     -0.003
  66.200	      1.753	   2362.057	    2362.057	     -4.449	      0.000	     -0.003
  66.400	      1.720	   2362.022	    2362.022	     -4.320	      0.000	     -0.003
  66.600	      1.686	   2361.989	    2361.989	     -4.261	      0.000	     -0.003
  66.800	      1.655	   2361.958	    2361.958	     -3.872	      0.000	     -0.002
  67.000	      1.625	   2361.928	    2361.928	     -3.925	      0.000	     -0.002
  67.200	      1.595	   2361.897	    2361.897	     -3.825	      0.000	     -0.002
  67.400	      1.567	   2361.869	    2361.869	     -3.459	      0.000	     -0.002
  67.600	      1.540	   2361.842	    2361.842	     -3.482	      0.000	     -0.002
  67.800	      1.513	   2361.815	    2361.815	     -3.334	      0.000	     -0.002
  68.000	      1.488	   2361.790	    2361.790	     -3.219	      0.000	     -0.002
  68.200	      1.464	   2361.765	    2361.765	     -3.066	      0.000	     -0.001
  68.400	      1.441	   2361.742	    2361.742	     -2.892	      0.000	     -0.001
  68.600	      1.417	   2361.719	    2361.719	     -3.001	      0.000	     -0.001
  68.800	      1.395	   2361.696	    2361.696	     -2.617	      0.000	     -0.001
  69.000	      1.375	   2361.676	    2361.676	     -2.611	      0.000	     -0.001
  69.200	      1.354	   2361.655	    2361.655	     -2.742	      0.000	     -0.001
  69.400	      1.334	   2361.635	    2361.635	     -2.545	      0.000	     -0.001
  69.600	      1.314	   2361.615	    2361.615	     -2.485	      0.000	     -0.001
  69.800	      1.295	   2361.596	    2361.596	     -2.331	      0.000	     -0.001
  70.000	      1.276	   2361.577	    2361.577	     -2.444	      0.000	     -0.001
  70.200	      1.257	   2361.558	    2361.558	     -2.457	      0.000	     -0.001
  70.400	      1.240	   2361.540	    2361.540	     -2.253	      0.000	     -0.001
  70.600	      1.221	   2361.522	    2361.522	     -2.516	      0.000	     -0.001
  70.800	      1.202	   2361.503	    2361.503	     -2.348	      0.000	     -0.001
  71.000	      1.184	   2361.485	    2361.485	     -2.286	      0.000	     -0.001
  71.200	      1.165	   2361.466	    2361.466	     -2.430	      0.000	     -0.001
  71.400	      1.146	   2361.447	    2361.447	     -2.497	      0.000	     -0.001
  71.600	      1.126	   2361.427	    2361.427	     -2.630	      0.000	     -0.001
  71.800	      1.107	   2361.408	    2361.408	     -2.450	      0.000	     -0.001
  72.000	      1.087	   2361.388	    2361.388	     -2.608	      0.000	     -0.001
  72.200	      1.064	   2361.366	    2361.366	     -2.862	      0.000	     -0.001
  72.400	      1.043	   2361.344	    2361.344	     -2.732	      0.000	     -0.001
  72.600	      1.020	   2361.322	    2361.322	     -2.997	      0.000	     -0.001
  72.800	      0.996	   2361.298	    2361.298	     -3.108	      0.000	     -0.002
  73.000	      0.971	   2361.273	    2361.273	     -3.250	      0.000	     -0.002
  73.200	      0.945	   2361.247	    2361.247	     -3.349	      0.000	     -0.002
  73.400	      0.919	   2361.221	    2361.221	     -3.445	      0.000	     -0.002
  73.600	      0.890	   2361.192	    2361.192	     -3.820	      0.000	     -0.002
  73.800	      0.860	   2361.162	    2361.162	     -3.818	      0.000	     -0.002
  74.000	      0.830	   2361.133	    2361.133	     -3.953	      0.000	     -0.002
  74.200	      0.797	   2361.100	    2361.100	     -4.353	      0.000	     -0.003
  74.400	      0.763	   2361.066	    2361.066	     -4.417	      0.000	     -0.003
  74.600	      0.728	   2361.031	    2361.031	     -4.602	      0.000	     -0.003
  74.800	      0.691	   2360.995	    2360.995	     -4.702	      0.000	     -0.003
  75.000	      0.653	   2360.957	    2360.957	     -5.064	      0.000	     -0.004
  75.200	      0.612	   2360.916	    2360.916	     -5.304	      0.000	     -0.004
  75.400	      0.571	   2360.875	    2360.875	     -5.329	      0.000	     -0.004
  75.600	      0.527	   2360.832	    2360.832	     -5.690	      0.000	     -0.005
  75.800	      0.481	   2360.787	    2360.787	     -5.854	      0.000	     -0.005
  76.000	      0.435	   2360.740	    2360.740	     -5.981	      0.000	     -0.006
  76.200	      0.386	   2360.692	    2360.692	     -6.300	      0.000	     -0.006
  76.400	      0.336	   2360.643	    2360.643	     -6.547	      0.000	     -0.007
  76.600	      0.283	   2360.591	    2360.591	     -6.833	      0.000	     -0.007
  76.800	      0.230	   2360.537	    2360.537	     -6.796	      0.000	     -0.007
  77.000	      0.176	   2360.483	    2360.483	     -7.086	      0.000	     -0.008
  77.200	      0.117	   2360.426	    2360.426	     -7.451	      0.000	     -0.009
  77.400	      0.059	   2360.368	    2360.368	     -7.529	      0.000	     -0.009
  77.600	     -0.000	   2360.309	    2360.309	     -7.747	      0.000	     -0.009
  77.800	     -0.062	   2360.248	    2360.248	     -7.932	      0.000	     -0.010
  78.000	     -0.125	   2360.186	    2360.186	     -8.117	      0.000	     -0.010
  78.200	     -0.189	   2360.122	    2360.122	     -8.231	      0.000	     -0.011
  78.400	     -0.253	   2360.058	    2360.058	     -8.343	      0.000	     -0.011
  78.600	     -0.321	   2359.991	    2359.991	     -8.709	      0.000	     -0.012
  78.800	     -0.389	   2359.923	    2359.923	     -8.677	      0.000	     -0.012
  79.000	     -0.456	   2359.856	    2359.856	     -8.762	      0.000	     -0.012
  79.200	     -0.526	   2359.786	    2359.786	     -8.978	      0.000	     -0.013
  79.400	     -0.597	   2359.716	    2359.716	     -9.078	      0.000	     -0.013
  79.600	     -0.668	   2359.645	    2359.645	     -9.148	      0.000	     -0.013
  79.800	     -0.740	   2359.573	    2359.573	     -9.129	      0.000	     -0.013
  80.000	     -0.812	   2359.502	    2359.502	     -9.361	      0.000	     -0.014
  80.200	     -0.886	   2359.428	    2359.428	     -9.442	      0.000	     -0.014
  80.400	     -0.958	   2359.356	    2359.356	     -9.297	      0.000	     -0.014
  80.600	     -1.032	   2359.282	    2359.282	     -9.469	      0.000	     -0.014
  80.800	     -1.106	   2359.208	    2359.208	     -9.437	      0.000	     -0.014
  81.000	     -1.179	   2359.135	    2359.135	     -9.449	      0.000	     -0.014
  81.200	     -1.252	   2359.062	    2359.062	     -9.414	      0.000	     -0.014
  81.400	     -1.325	   2358.989	    2358.989	     -9.432	      0.000	     -0.014
  81.600	     -1.399	   2358.915	    2358.915	     -9.452	      0.000	     -0.014
  81.800	     -1.470	   2358.843	    2358.843	     -9.144	      0.000	     -0.013
  82.000	     -1.542	   2358.772	    2358.772	     -9.155	      0.000	     -0.013
  82.200	     -1.614	   2358.700	    2358.700	     -9.227	      0.000	     -0.013
  82.400	     -1.684	   2358.629	    2358.629	     -9.002	      0.000	     -0.013
  82.600	     -1.753	   2358.560	    2358.560	     -8.898	      0.000	     -0.012
  82.800	     -1.821	   2358.491	    2358.491	     -8.663	      0.000	     -0.012
  83.000	     -1.888	   2358.423	    2358.423	     -8.636	      0.000	     -0.012
  83.200	     -1.955	   2358.356	    2358.356	     -8.405	      0.000	     -0.011
  83.400	     -2.018	   2358.292	    2358.292	     -8.187	      0.000	     -0.011
  83.600	     -2.082	   2358.228	    2358.228	     -8.216	      0.000	     -0.011
  83.800	     -2.144	   2358.166	    2358.166	     -7.846	      0.000	     -0.010
  84.000	     -2.203	   2358.106	    2358.106	     -7.584	      0.000	     -0.009
  84.200	     -2.262	   2358.047	    2358.047	     -7.453	      0.000	     -0.009
  84.400	     -2.318	   2357.990	    2357.990	     -7.222	      0.000	     -0.008
  84.600	     -2.374	   2357.934	    2357.934	     -7.046	      0.000	     -0.008
  84.800	     -2.425	   2357.881	    2357.881	     -6.583	      0.000	     -0.007
  85.000	     -2.476	   2357.831	    2357.831	     -6.497	      0.000	     -0.007
  85.200	     -2.525	   2357.781	    2357.781	     -6.242	      0.000	     -0.006
  85.400	     -2.571	   2357.734	    2357.734	     -5.773	      0.000	     -0.005
  85.600	     -2.615	   2357.690	    2357.690	     -5.627	      0.000	     -0.005
  85.800	     -2.657	   2357.647	    2357.647	     -5.296	      0.000	     -0.004
  86.000	     -2.697	   2357.607	    2357.607	     -5.005	      0.000	     -0.004
  86.200	     -2.734	   2357.569	    2357.569	     -4.670	      0.000	     -0.003
  86.400	     -2.768	   2357.535	    2357.535	     -4.313	      0.000	     -0.003
  86.600	     -2.802	   2357.501	    2357.501	     -4.171	      0.000	     -0.003
  86.800	     -2.831	   2357.471	    2357.471	     -3.600	      0.000	     -0.002
  87.000	     -2.858	   2357.444	    2357.444	     -3.369	      0.000	     -0.002
  87.200	     -2.884	   2357.418	    2357.418	     -3.214	      0.000	     -0.002
  87.400	     -2.907	   2357.395	    2357.395	     -2.777	      0.000	     -0.001
  87.600	     -2.927	   2357.374	    2357.374	     -2.463	      0.000	     -0.001
  87.800	     -2.944	   2357.357	    2357.357	     -2.048	      0.000	     -0.001
  88.000	     -2.960	   2357.341	    2357.341	     -1.861	      0.000	     -0.001
  88.200	     -2.973	   2357.327	    2357.327	     -1.567	      0.000	     -0.000
  88.400	     -2.983	   2357.318	    2357.318	     -1.109	      0.000	     -0.000
  88.600	     -2.991	   2357.309	    2357.309	     -1.031	      0.000	     -0.000
  88.800	     -2.997	   2357.303	    2357.303	     -0.558	      0.000	     -0.000
  89.000	     -3.000	   2357.300	    2357.300	     -0.203	      0.000	     -0.000
  89.200	     -3.001	   2357.299	    2357.299	     -0.006	      0.000	     -0.000
  89.400	     -3.000	   2357.300	    2357.300	      0.262	      0.000	      0.000
  89.600	     -2.997	   2357.303	    2357.303	      0.477	      0.000	      0.000
  89.800	     -2.991	   2357.309	    2357.309	      0.958	      0.000	      0.000
  90.000	     -2.983	   2357.317	    2357.317	      1.135	      0.000	      0.000
  90.200	     -2.974	   2357.325	    2357.325	      1.265	      0.000	      0.000
  90.400	     -2.963	   2357.337	    2357.337	      1.704	      0.000	      0.000
  90.600	     -2.949	   2357.350	    2357.350	      1.795	      0.000	      0.001
  90.800	     -2.934	   2357.365	    2357.365	      2.039	      0.000	      0.001
  91.000	     -2.917	   2357.382	    2357.382	      2.238	      0.000	      0.001
  91.200	     -2.899	   2357.400	    2357.400	      2.478	      0.000	      0.001
  91.400	     -2.878	   2357.420	    2357.420	      2.702	      0.000	      0.001
  91.600	     -2.858	   2357.441	    2357.441	      2.697	      0.000	      0.001
  91.800	     -2.835	   2357.463	    2357.463	      3.023	      0.000	      0.001
  92.000	     -2.811	   2357.488	    2357.488	      3.190	      0.000	      0.002
  92.200	     -2.786	   2357.512	    2357.512	      3.149	      0.000	      0.002
  92.400	     -2.760	   2357.538	    2357.538	      3.389	      0.000	      0.002
  92.600	     -2.733	   2357.565	    2357.565	      3.508	      0.000	      0.002
  92.800	     -2.705	   2357.593	    2357.593	      3.697	      0.000	      0.002
  93.000	     -2.677	   2357.621	    2357.621	      3.640	      0.000	      0.002
  93.200	     -2.649	   2357.649	    2357.649	      3.702	      0.000	      0.002
  93.400	     -2.618	   2357.679	    2357.679	      3.916	      0.000	      0.002
  93.600	     -2.588	   2357.709	    2357.709	      3.831	      0.000	      0.002
  93.800	     -2.558	   2357.739	    2357.739	      3.932	      0.000	      0.002
  94.000	     -2.528	   2357.770	    2357.770	      4.027	      0.000	      0.003
  94.200	     -2.497	   2357.800	    2357.800	      3.949	      0.000	      0.002
  94.400	     -2.466	   2357.831	    2357.831	      3.919	      0.000	      0.002
  94.600	     -2.436	   2357.862	    2357.862	      3.852	      0.000	      0.002
  94.800	     -2.405	   2357.892	    2357.892	      4.054	      0.000	      0.003
  95.000	     -2.374	   2357.923	    2357.923	      3.934	      0.000	      0.002
  95.200	     -2.345	   2357.953	    2357.953	      3.768	      0.000	      0.002
  95.400	     -2.315	   2357.983	    2357.983	      3.828	      0.000	      0.002
  95.600	     -2.286	   2358.012	    2358.012	      3.740	      0.000	      0.002
  95.800	     -2.257	   2358.041	    2358.041	      3.682	      0.000	      0.002
  96.000	     -2.228	   2358.070	    2358.070	      3.603	      0.000	      0.002
  96.200	     -2.201	   2358.097	    2358.097	      3.583	      0.000	      0.002
  96.400	     -2.173	   2358.125	    2358.125	      3.530	      0.000	      0.002
  96.600	     -2.147	   2358.151	    2358.151	      3.255	      0.000	      0.002
  96.800	     -2.122	   2358.177	    2358.177	      3.333	      0.000	      0.002
  97.000	     -2.096	   2358.203	    2358.203	      3.262	      0.000	      0.002
  97.200	     -2.072	   2358.227	    2358.227	      3.083	      0.000	      0.001
  97.400	     -2.048	   2358.250	    2358.250	      2.993	      0.000	      0.001
  97.600	     -2.026	   2358.273	    2358.273	      2.916	      0.000	      0.001
  97.800	     -2.003	   2358.296	    2358.296	      2.902	      0.000	      0.001
  98.000	     -1.982	   2358.317	    2358.317	      2.643	      0.000	      0.001
  98.200	     -1.962	   2358.337	    2358.337	      2.535	      0.000	      0.001
  98.400	     -1.942	   2358.357	    2358.357	      2.595	      0.000	      0.001
  98.600	     -1.923	   2358.377	    2358.377	      2.362	      0.000	      0.001
  98.800	     -1.905	   2358.394	    2358.394	      2.324	      0.000	      0.001
  99.000	     -1.887	   2358.412	    2358.412	      2.216	      0.000	      0.001
  99.200	     -1.870	   2358.429	    2358.429	      2.147	      0.000	      0.001
  99.400	     -1.854	   2358.446	    2358.446	      2.012	      0.000	      0.001
  99.600	     -1.839	   2358.461	    2358.461	      1.883	      0.000	      0.001
  99.800	     -1.824	   2358.476	    2358.476	      2.043	      0.000	      0.001
 100.000	     -1.808	   2358.491	    2358.491	      1.882	      0.000	      0.001
