    时间	    汇点水头	    大井水位	    升管水位	    大井流量	    升管流量	    底板压差
   0.000	      0.763	   2361.063	    2361.063	      0.000	      0.000	      0.000
   0.200	      0.763	   2361.063	    2361.063	     -0.238	      0.000	     -0.000
   0.400	      0.762	   2361.062	    2361.062	     -0.119	      0.000	     -0.000
   0.600	      0.761	   2361.061	    2361.061	      0.040	      0.000	      0.000
   0.800	      0.761	   2361.061	    2361.061	     -0.062	      0.000	     -0.000
   1.000	      0.762	   2361.062	    2361.062	      0.258	      0.000	      0.000
   1.200	      0.764	   2361.063	    2361.063	      1.000	      0.000	      0.000
   1.400	      0.768	   2361.067	    2361.067	      1.157	      0.000	      0.000
   1.600	      0.771	   2361.071	    2361.071	      1.054	      0.000	      0.000
   1.800	      0.776	   2361.076	    2361.076	      1.357	      0.000	      0.000
   2.000	      0.783	   2361.083	    2361.083	      1.779	      0.000	      0.000
   2.200	      0.791	   2361.090	    2361.090	      1.953	      0.000	      0.001
   2.400	      0.799	   2361.098	    2361.098	      2.300	      0.000	      0.001
   2.600	      0.808	   2361.107	    2361.107	      2.605	      0.000	      0.001
   2.800	      0.819	   2361.118	    2361.118	      2.906	      0.000	      0.001
   3.000	      0.830	   2361.129	    2361.129	      2.277	      0.000	      0.001
   3.200	      0.841	   2361.140	    2361.140	      2.914	      0.000	      0.001
   3.400	      0.854	   2361.152	    2361.152	      3.425	      0.000	      0.002
   3.600	      0.867	   2361.165	    2361.165	      3.591	      0.000	      0.002
   3.800	      0.880	   2361.178	    2361.178	      3.503	      0.000	      0.002
   4.000	      0.896	   2361.193	    2361.193	      4.545	      0.000	      0.003
   4.200	      0.913	   2361.210	    2361.210	      4.722	      0.000	      0.003
   4.400	      0.932	   2361.228	    2361.228	      4.891	      0.000	      0.004
   4.600	      0.952	   2361.248	    2361.248	      5.392	      0.000	      0.004
   4.800	      0.974	   2361.269	    2361.269	      5.729	      0.000	      0.005
   5.000	      0.997	   2361.291	    2361.291	      6.197	      0.000	      0.006
   5.200	      1.020	   2361.314	    2361.314	      6.074	      0.000	      0.006
   5.400	      1.043	   2361.337	    2361.337	      6.108	      0.000	      0.006
   5.600	      1.069	   2361.363	    2361.363	      6.526	      0.000	      0.006
   5.800	      1.094	   2361.388	    2361.388	      6.427	      0.000	      0.006
   6.000	      1.118	   2361.412	    2361.412	      6.391	      0.000	      0.006
   6.200	      1.144	   2361.437	    2361.437	      6.876	      0.000	      0.007
   6.400	      1.168	   2361.462	    2361.462	      6.374	      0.000	      0.006
   6.600	      1.192	   2361.486	    2361.486	      6.383	      0.000	      0.006
   6.800	      1.216	   2361.510	    2361.510	      6.232	      0.000	      0.006
   7.000	      1.240	   2361.534	    2361.534	      6.383	      0.000	      0.006
   7.200	      1.265	   2361.559	    2361.559	      6.598	      0.000	      0.006
   7.400	      1.289	   2361.583	    2361.583	      6.575	      0.000	      0.006
   7.600	      1.313	   2361.607	    2361.607	      6.396	      0.000	      0.006
   7.800	      1.335	   2361.630	    2361.630	      5.829	      0.000	      0.005
   8.000	      1.352	   2361.649	    2361.649	      4.569	      0.000	      0.003
   8.200	      1.367	   2361.665	    2361.665	      3.464	      0.000	      0.002
   8.400	      1.379	   2361.678	    2361.678	      3.051	      0.000	      0.001
   8.600	      1.388	   2361.688	    2361.688	      2.250	      0.000	      0.001
   8.800	      1.395	   2361.695	    2361.695	      1.635	      0.000	      0.000
   9.000	      1.399	   2361.699	    2361.699	      0.826	      0.000	      0.000
   9.200	      1.401	   2361.701	    2361.701	     -0.109	      0.000	     -0.000
   9.400	      1.398	   2361.698	    2361.698	     -1.516	      0.000	     -0.000
   9.600	      1.389	   2361.690	    2361.690	     -3.001	      0.000	     -0.001
   9.800	      1.373	   2361.676	    2361.676	     -4.359	      0.000	     -0.003
  10.000	      1.351	   2361.656	    2361.656	     -5.940	      0.000	     -0.005
  10.200	      1.319	   2361.629	    2361.629	     -8.468	      0.000	     -0.011
  10.400	      1.276	   2361.593	    2361.593	    -10.567	      0.000	     -0.017
  10.600	      1.222	   2361.548	    2361.548	    -13.230	      0.000	     -0.026
  10.800	      1.154	   2361.492	    2361.492	    -16.169	      0.000	     -0.039
  11.000	      1.069	   2361.425	    2361.425	    -19.275	      0.000	     -0.055
  11.200	      0.971	   2361.345	    2361.345	    -22.425	      0.000	     -0.075
  11.400	      0.860	   2361.255	    2361.255	    -25.316	      0.000	     -0.095
  11.600	      0.730	   2361.153	    2361.153	    -28.751	      0.000	     -0.123
  11.800	      0.586	   2361.038	    2361.038	    -32.030	      0.000	     -0.151
  12.000	      0.429	   2360.911	    2360.911	    -34.842	      0.000	     -0.181
  12.200	      0.248	   2360.771	    2360.771	    -38.758	      0.000	     -0.223
  12.400	      0.047	   2360.616	    2360.616	    -42.588	      0.000	     -0.270
  12.600	     -0.177	   2360.447	    2360.447	    -46.653	      0.000	     -0.324
  12.800	     -0.423	   2360.263	    2360.263	    -50.981	      0.000	     -0.385
  13.000	     -0.703	   2360.061	    2360.061	    -55.898	      0.000	     -0.464
  13.200	     -1.016	   2359.839	    2359.839	    -61.161	      0.000	     -0.555
  13.400	     -1.360	   2359.597	    2359.597	    -66.425	      0.000	     -0.657
  13.600	     -1.749	   2359.333	    2359.333	    -72.481	      0.000	     -0.782
  13.800	     -2.178	   2359.046	    2359.046	    -78.954	      0.000	     -0.925
  14.000	     -2.623	   2358.737	    2358.737	    -84.394	      0.000	     -1.060
  14.200	     -3.072	   2358.407	    2358.407	    -88.985	      0.000	     -1.180
  14.400	     -3.526	   2358.062	    2358.062	    -93.003	      0.000	     -1.288
  14.600	     -4.004	   2357.701	    2357.701	    -97.098	      0.000	     -1.405
  14.800	     -4.449	   2357.328	    2357.328	    -99.605	      0.000	     -1.477
  15.000	     -4.842	   2356.949	    2356.949	    -99.928	      0.000	     -1.491
  15.200	     -5.179	   2356.572	    2356.572	    -98.645	      0.000	     -1.451
  15.400	     -5.454	   2356.205	    2356.205	    -95.402	      0.000	     -1.359
  15.600	     -5.729	   2355.849	    2355.849	    -92.501	      0.000	     -1.279
  15.800	     -6.024	   2355.502	    2355.502	    -90.648	      0.000	     -1.226
  16.000	     -6.348	   2355.160	    2355.160	    -89.978	      0.000	     -1.209
  16.200	     -6.675	   2354.820	    2354.820	    -89.530	      0.000	     -1.195
  16.400	     -6.964	   2354.485	    2354.485	    -87.733	      0.000	     -1.149
  16.600	     -7.229	   2354.157	    2354.157	    -85.296	      0.000	     -1.086
  16.800	     -7.465	   2353.840	    2353.840	    -81.957	      0.000	     -1.005
  17.000	     -7.682	   2353.536	    2353.536	    -78.397	      0.000	     -0.918
  17.200	     -7.914	   2353.244	    2353.244	    -75.757	      0.000	     -0.858
  17.400	     -8.125	   2352.963	    2352.963	    -72.567	      0.000	     -0.788
  17.600	     -8.294	   2352.696	    2352.696	    -67.840	      0.000	     -0.690
  17.800	     -8.418	   2352.450	    2352.450	    -61.603	      0.000	     -0.569
  18.000	     -8.508	   2352.231	    2352.231	    -54.021	      0.000	     -0.439
  18.200	     -8.599	   2352.039	    2352.039	    -47.411	      0.000	     -0.337
  18.400	     -8.680	   2351.872	    2351.872	    -40.844	      0.000	     -0.251
  18.600	     -8.756	   2351.728	    2351.728	    -35.082	      0.000	     -0.184
  18.800	     -8.828	   2351.605	    2351.605	    -29.694	      0.000	     -0.133
  19.000	     -8.879	   2351.504	    2351.504	    -23.517	      0.000	     -0.084
  19.200	     -8.918	   2351.427	    2351.427	    -17.222	      0.000	     -0.045
  19.400	     -8.950	   2351.372	    2351.372	    -12.046	      0.000	     -0.022
  19.600	     -8.975	   2351.335	    2351.335	     -8.130	      0.000	     -0.010
  19.800	     -8.999	   2351.308	    2351.308	     -6.531	      0.000	     -0.006
  20.000	     -9.019	   2351.286	    2351.286	     -5.577	      0.000	     -0.005
  20.200	     -9.036	   2351.267	    2351.267	     -4.208	      0.000	     -0.003
  20.400	     -9.046	   2351.254	    2351.254	     -2.172	      0.000	     -0.001
  20.600	     -9.049	   2351.251	    2351.251	      0.425	      0.000	      0.000
  20.800	     -9.044	   2351.255	    2351.255	      1.544	      0.000	      0.000
  21.000	     -9.039	   2351.261	    2351.261	      1.099	      0.000	      0.000
  21.200	     -9.035	   2351.265	    2351.265	      0.830	      0.000	      0.000
  21.400	     -9.033	   2351.267	    2351.267	      0.479	      0.000	      0.000
  21.600	     -9.031	   2351.269	    2351.269	      0.212	      0.000	      0.000
  21.800	     -9.031	   2351.269	    2351.269	     -0.064	      0.000	     -0.000
  22.000	     -9.033	   2351.267	    2351.267	     -0.568	      0.000	     -0.000
  22.200	     -9.036	   2351.264	    2351.264	     -1.041	      0.000	     -0.000
  22.400	     -9.042	   2351.259	    2351.259	     -2.133	      0.000	     -0.001
  22.600	     -9.052	   2351.249	    2351.249	     -3.141	      0.000	     -0.001
  22.800	     -9.066	   2351.236	    2351.236	     -3.755	      0.000	     -0.002
  23.000	     -9.083	   2351.220	    2351.220	     -4.605	      0.000	     -0.003
  23.200	     -9.103	   2351.202	    2351.202	     -5.298	      0.000	     -0.004
  23.400	     -9.127	   2351.179	    2351.179	     -6.357	      0.000	     -0.006
  23.600	     -9.157	   2351.153	    2351.153	     -8.175	      0.000	     -0.010
  23.800	     -9.201	   2351.117	    2351.117	    -10.856	      0.000	     -0.018
  24.000	     -9.254	   2351.071	    2351.071	    -13.091	      0.000	     -0.025
  24.200	     -9.310	   2351.020	    2351.020	    -14.162	      0.000	     -0.030
  24.400	     -9.373	   2350.963	    2350.963	    -15.467	      0.000	     -0.036
  24.600	     -9.440	   2350.902	    2350.902	    -16.792	      0.000	     -0.042
  24.800	     -9.512	   2350.836	    2350.836	    -17.926	      0.000	     -0.048
  25.000	     -9.582	   2350.767	    2350.767	    -18.282	      0.000	     -0.050
  25.200	     -9.647	   2350.699	    2350.699	    -17.595	      0.000	     -0.046
  25.400	     -9.708	   2350.633	    2350.633	    -16.666	      0.000	     -0.042
  25.600	     -9.757	   2350.574	    2350.574	    -14.446	      0.000	     -0.031
  25.800	     -9.798	   2350.524	    2350.524	    -12.002	      0.000	     -0.022
  26.000	     -9.832	   2350.482	    2350.482	     -9.660	      0.000	     -0.014
  26.200	     -9.855	   2350.452	    2350.452	     -6.725	      0.000	     -0.007
  26.400	     -9.872	   2350.431	    2350.431	     -4.391	      0.000	     -0.003
  26.600	     -9.883	   2350.418	    2350.418	     -2.675	      0.000	     -0.001
  26.800	     -9.890	   2350.410	    2350.410	     -1.310	      0.000	     -0.000
  27.000	     -9.894	   2350.406	    2350.406	     -1.077	      0.000	     -0.000
  27.200	     -9.897	   2350.403	    2350.403	     -0.400	      0.000	     -0.000
  27.400	     -9.898	   2350.402	    2350.402	     -0.559	      0.000	     -0.000
  27.600	     -9.900	   2350.400	    2350.400	     -0.276	      0.000	     -0.000
  27.800	     -9.899	   2350.401	    2350.401	      0.718	      0.000	      0.000
  28.000	     -9.895	   2350.404	    2350.404	      1.304	      0.000	      0.000
  28.200	     -9.890	   2350.410	    2350.410	      1.849	      0.000	      0.000
  28.400	     -9.880	   2350.419	    2350.419	      2.954	      0.000	      0.001
  28.600	     -9.865	   2350.433	    2350.433	      4.388	      0.000	      0.003
  28.800	     -9.841	   2350.453	    2350.453	      6.295	      0.000	      0.006
  29.000	     -9.812	   2350.479	    2350.479	      7.642	      0.000	      0.009
  29.200	     -9.778	   2350.510	    2350.510	      8.782	      0.000	      0.011
  29.400	     -9.740	   2350.546	    2350.546	      9.772	      0.000	      0.014
  29.600	     -9.703	   2350.583	    2350.583	      9.923	      0.000	      0.015
  29.800	     -9.664	   2350.621	    2350.621	     10.118	      0.000	      0.015
  30.000	     -9.625	   2350.659	    2350.659	     10.340	      0.000	      0.016
  30.200	     -9.587	   2350.698	    2350.698	      9.949	      0.000	      0.015
  30.400	     -9.552	   2350.735	    2350.735	      9.433	      0.000	      0.013
  30.600	     -9.517	   2350.770	    2350.770	      9.201	      0.000	      0.013
  30.800	     -9.482	   2350.805	    2350.805	      9.219	      0.000	      0.013
  31.000	     -9.445	   2350.841	    2350.841	      9.592	      0.000	      0.014
  31.200	     -9.404	   2350.879	    2350.879	     10.594	      0.000	      0.017
  31.400	     -9.356	   2350.922	    2350.922	     12.245	      0.000	      0.022
  31.600	     -9.303	   2350.971	    2350.971	     13.299	      0.000	      0.026
  31.800	     -9.250	   2351.022	    2351.022	     13.723	      0.000	      0.028
  32.000	     -9.192	   2351.076	    2351.076	     14.708	      0.000	      0.032
  32.200	     -9.129	   2351.134	    2351.134	     15.796	      0.000	      0.037
  32.400	     -9.062	   2351.196	    2351.196	     16.837	      0.000	      0.042
  32.600	     -8.993	   2351.261	    2351.261	     17.576	      0.000	      0.046
  32.800	     -8.922	   2351.329	    2351.329	     18.128	      0.000	      0.049
  33.000	     -8.854	   2351.397	    2351.397	     18.063	      0.000	      0.049
  33.200	     -8.790	   2351.465	    2351.465	     17.516	      0.000	      0.046
  33.400	     -8.723	   2351.531	    2351.531	     17.548	      0.000	      0.046
  33.600	     -8.655	   2351.598	    2351.598	     17.764	      0.000	      0.047
  33.800	     -8.588	   2351.665	    2351.665	     17.821	      0.000	      0.048
  34.000	     -8.519	   2351.733	    2351.733	     17.982	      0.000	      0.048
  34.200	     -8.452	   2351.800	    2351.800	     17.800	      0.000	      0.047
  34.400	     -8.384	   2351.868	    2351.868	     17.770	      0.000	      0.047
  34.600	     -8.320	   2351.935	    2351.935	     17.278	      0.000	      0.045
  34.800	     -8.255	   2352.000	    2352.000	     17.386	      0.000	      0.045
  35.000	     -8.187	   2352.066	    2352.066	     17.659	      0.000	      0.047
  35.200	     -8.126	   2352.131	    2352.131	     16.776	      0.000	      0.042
  35.400	     -8.072	   2352.193	    2352.193	     15.269	      0.000	      0.035
  35.600	     -8.027	   2352.247	    2352.247	     13.189	      0.000	      0.026
  35.800	     -7.989	   2352.293	    2352.293	     10.777	      0.000	      0.018
  36.000	     -7.958	   2352.330	    2352.330	      8.916	      0.000	      0.012
  36.200	     -7.936	   2352.358	    2352.358	      6.118	      0.000	      0.006
  36.400	     -7.920	   2352.377	    2352.377	      3.996	      0.000	      0.002
  36.600	     -7.911	   2352.389	    2352.389	      2.128	      0.000	      0.001
  36.800	     -7.906	   2352.394	    2352.394	      1.006	      0.000	      0.000
  37.000	     -7.900	   2352.400	    2352.400	      1.982	      0.000	      0.001
  37.200	     -7.887	   2352.411	    2352.411	      4.008	      0.000	      0.002
  37.400	     -7.863	   2352.431	    2352.431	      6.419	      0.000	      0.006
  37.600	     -7.830	   2352.459	    2352.459	      8.613	      0.000	      0.011
  37.800	     -7.792	   2352.494	    2352.494	      9.743	      0.000	      0.014
  38.000	     -7.748	   2352.534	    2352.534	     10.892	      0.000	      0.018
  38.200	     -7.704	   2352.577	    2352.577	     11.607	      0.000	      0.020
  38.400	     -7.654	   2352.622	    2352.622	     12.587	      0.000	      0.024
  38.600	     -7.594	   2352.674	    2352.674	     14.626	      0.000	      0.032
  38.800	     -7.530	   2352.732	    2352.732	     15.939	      0.000	      0.038
  39.000	     -7.462	   2352.795	    2352.795	     17.098	      0.000	      0.043
  39.200	     -7.385	   2352.863	    2352.863	     18.821	      0.000	      0.053
  39.400	     -7.298	   2352.938	    2352.938	     20.822	      0.000	      0.064
  39.600	     -7.199	   2353.021	    2353.021	     23.183	      0.000	      0.080
  39.800	     -7.090	   2353.113	    2353.113	     25.589	      0.000	      0.097
  40.000	     -6.966	   2353.215	    2353.215	     28.248	      0.000	      0.119
  40.200	     -6.830	   2353.327	    2353.327	     30.998	      0.000	      0.143
  40.400	     -6.686	   2353.449	    2353.449	     33.331	      0.000	      0.165
  40.600	     -6.528	   2353.580	    2353.580	     35.936	      0.000	      0.192
  40.800	     -6.356	   2353.722	    2353.722	     38.737	      0.000	      0.223
  41.000	     -6.178	   2353.873	    2353.873	     40.948	      0.000	      0.249
  41.200	     -5.991	   2354.032	    2354.032	     43.093	      0.000	      0.277
  41.400	     -5.802	   2354.199	    2354.199	     44.747	      0.000	      0.299
  41.600	     -5.621	   2354.371	    2354.371	     45.469	      0.000	      0.308
  41.800	     -5.444	   2354.543	    2354.543	     45.841	      0.000	      0.313
  42.000	     -5.257	   2354.719	    2354.719	     46.669	      0.000	      0.324
  42.200	     -5.059	   2354.898	    2354.898	     47.946	      0.000	      0.343
  42.400	     -4.854	   2355.082	    2355.082	     49.415	      0.000	      0.363
  42.600	     -4.648	   2355.272	    2355.272	     50.450	      0.000	      0.380
  42.800	     -4.438	   2355.465	    2355.465	     51.594	      0.000	      0.397
  43.000	     -4.223	   2355.663	    2355.663	     52.673	      0.000	      0.414
  43.200	     -4.014	   2355.864	    2355.864	     53.248	      0.000	      0.423
  43.400	     -3.804	   2356.066	    2356.066	     53.713	      0.000	      0.430
  43.600	     -3.588	   2356.271	    2356.271	     54.405	      0.000	      0.441
  43.800	     -3.376	   2356.478	    2356.478	     54.701	      0.000	      0.446
  44.000	     -3.170	   2356.685	    2356.685	     54.653	      0.000	      0.445
  44.200	     -2.970	   2356.892	    2356.892	     54.186	      0.000	      0.438
  44.400	     -2.775	   2357.096	    2357.096	     53.682	      0.000	      0.430
  44.600	     -2.584	   2357.298	    2357.298	     52.939	      0.000	      0.418
  44.800	     -2.400	   2357.497	    2357.497	     51.992	      0.000	      0.404
  45.000	     -2.220	   2357.692	    2357.692	     51.009	      0.000	      0.388
  45.200	     -2.038	   2357.884	    2357.884	     50.243	      0.000	      0.377
  45.400	     -1.867	   2358.072	    2358.072	     49.185	      0.000	      0.361
  45.600	     -1.696	   2358.257	    2358.257	     48.257	      0.000	      0.347
  45.800	     -1.524	   2358.438	    2358.438	     47.628	      0.000	      0.338
  46.000	     -1.349	   2358.618	    2358.618	     47.219	      0.000	      0.333
  46.200	     -1.182	   2358.796	    2358.796	     46.435	      0.000	      0.322
  46.400	     -1.013	   2358.971	    2358.971	     46.009	      0.000	      0.316
  46.600	     -0.846	   2359.145	    2359.145	     45.544	      0.000	      0.309
  46.800	     -0.686	   2359.316	    2359.316	     44.678	      0.000	      0.299
  47.000	     -0.525	   2359.484	    2359.484	     44.213	      0.000	      0.291
  47.200	     -0.363	   2359.650	    2359.650	     43.851	      0.000	      0.287
  47.400	     -0.201	   2359.816	    2359.816	     43.566	      0.000	      0.283
  47.600	     -0.048	   2359.980	    2359.980	     42.719	      0.000	      0.273
  47.800	      0.096	   2360.139	    2360.139	     41.473	      0.000	      0.257
  48.000	      0.237	   2360.294	    2360.294	     40.300	      0.000	      0.243
  48.200	      0.367	   2360.444	    2360.444	     38.587	      0.000	      0.223
  48.400	      0.483	   2360.585	    2360.585	     36.367	      0.000	      0.198
  48.600	      0.603	   2360.721	    2360.721	     34.974	      0.000	      0.183
  48.800	      0.716	   2360.850	    2360.850	     33.354	      0.000	      0.166
  49.000	      0.824	   2360.974	    2360.974	     31.716	      0.000	      0.150
  49.200	      0.926	   2361.091	    2361.091	     30.070	      0.000	      0.135
  49.400	      1.014	   2361.200	    2361.200	     27.516	      0.000	      0.114
  49.600	      1.094	   2361.299	    2361.299	     25.094	      0.000	      0.095
  49.800	      1.175	   2361.391	    2361.391	     23.699	      0.000	      0.084
  50.000	      1.268	   2361.481	    2361.481	     24.198	      0.000	      0.087
  50.200	      1.376	   2361.576	    2361.576	     25.899	      0.000	      0.100
  50.400	      1.483	   2361.677	    2361.677	     26.758	      0.000	      0.106
  50.600	      1.584	   2361.778	    2361.778	     26.589	      0.000	      0.106
  50.800	      1.676	   2361.877	    2361.877	     25.740	      0.000	      0.099
  51.000	      1.758	   2361.971	    2361.971	     24.007	      0.000	      0.086
  51.200	      1.839	   2362.060	    2362.060	     23.099	      0.000	      0.079
  51.400	      1.930	   2362.148	    2362.148	     23.460	      0.000	      0.082
  51.600	      2.033	   2362.239	    2362.239	     25.106	      0.000	      0.094
  51.800	      2.150	   2362.339	    2362.339	     27.336	      0.000	      0.111
  52.000	      2.268	   2362.445	    2362.445	     28.791	      0.000	      0.123
  52.200	      2.387	   2362.556	    2362.556	     29.607	      0.000	      0.131
  52.400	      2.500	   2362.669	    2362.669	     29.632	      0.000	      0.131
  52.600	      2.603	   2362.780	    2362.780	     28.674	      0.000	      0.123
  52.800	      2.702	   2362.887	    2362.887	     27.765	      0.000	      0.115
  53.000	      2.801	   2362.991	    2362.991	     27.138	      0.000	      0.110
  53.200	      2.898	   2363.092	    2363.092	     26.594	      0.000	      0.106
  53.400	      2.994	   2363.192	    2363.192	     26.164	      0.000	      0.102
  53.600	      3.095	   2363.291	    2363.291	     26.368	      0.000	      0.104
  53.800	      3.200	   2363.393	    2363.393	     26.886	      0.000	      0.108
  54.000	      3.305	   2363.495	    2363.495	     27.169	      0.000	      0.110
  54.200	      3.409	   2363.598	    2363.598	     27.345	      0.000	      0.111
  54.400	      3.512	   2363.702	    2363.702	     27.227	      0.000	      0.111
  54.600	      3.609	   2363.804	    2363.804	     26.625	      0.000	      0.106
  54.800	      3.704	   2363.903	    2363.903	     25.965	      0.000	      0.101
  55.000	      3.799	   2364.001	    2364.001	     25.578	      0.000	      0.098
  55.200	      3.898	   2364.098	    2364.098	     25.837	      0.000	      0.099
  55.400	      3.999	   2364.197	    2364.197	     26.219	      0.000	      0.102
  55.600	      4.101	   2364.296	    2364.296	     26.499	      0.000	      0.105
  55.800	      4.206	   2364.398	    2364.398	     26.912	      0.000	      0.108
  56.000	      4.307	   2364.500	    2364.500	     26.817	      0.000	      0.107
  56.200	      4.402	   2364.600	    2364.600	     26.146	      0.000	      0.102
  56.400	      4.497	   2364.699	    2364.699	     25.690	      0.000	      0.099
  56.600	      4.591	   2364.795	    2364.795	     25.374	      0.000	      0.096
  56.800	      4.688	   2364.891	    2364.891	     25.431	      0.000	      0.096
  57.000	      4.786	   2364.988	    2364.988	     25.696	      0.000	      0.098
  57.200	      4.888	   2365.086	    2365.086	     26.111	      0.000	      0.102
  57.400	      4.992	   2365.186	    2365.186	     26.583	      0.000	      0.105
  57.600	      5.090	   2365.287	    2365.287	     26.327	      0.000	      0.103
  57.800	      5.184	   2365.385	    2365.385	     25.677	      0.000	      0.098
  58.000	      5.277	   2365.481	    2365.481	     25.286	      0.000	      0.095
  58.200	      5.367	   2365.576	    2365.576	     24.706	      0.000	      0.091
  58.400	      5.459	   2365.669	    2365.669	     24.556	      0.000	      0.090
  58.600	      5.555	   2365.763	    2365.763	     24.894	      0.000	      0.092
  58.800	      5.654	   2365.858	    2365.858	     25.314	      0.000	      0.096
  59.000	      5.751	   2365.954	    2365.954	     25.516	      0.000	      0.097
  59.200	      5.844	   2366.050	    2366.050	     25.078	      0.000	      0.094
  59.400	      5.933	   2366.144	    2366.144	     24.436	      0.000	      0.089
  59.600	      6.021	   2366.236	    2366.236	     23.847	      0.000	      0.085
  59.800	      6.104	   2366.325	    2366.325	     23.002	      0.000	      0.079
  60.000	      6.189	   2366.411	    2366.411	     22.856	      0.000	      0.078
  60.200	      6.278	   2366.499	    2366.499	     23.144	      0.000	      0.080
  60.400	      6.367	   2366.586	    2366.586	     23.215	      0.000	      0.080
  60.600	      6.454	   2366.674	    2366.674	     23.139	      0.000	      0.080
  60.800	      6.538	   2366.761	    2366.761	     22.683	      0.000	      0.077
  61.000	      6.618	   2366.846	    2366.846	     21.926	      0.000	      0.072
  61.200	      6.693	   2366.927	    2366.927	     21.000	      0.000	      0.066
  61.400	      6.765	   2367.005	    2367.005	     20.017	      0.000	      0.060
  61.600	      6.838	   2367.080	    2367.080	     19.766	      0.000	      0.058
  61.800	      6.912	   2367.154	    2367.154	     19.652	      0.000	      0.058
  62.000	      6.985	   2367.228	    2367.228	     19.402	      0.000	      0.056
  62.200	      7.057	   2367.302	    2367.302	     19.265	      0.000	      0.055
  62.400	      7.126	   2367.374	    2367.374	     18.699	      0.000	      0.052
  62.600	      7.189	   2367.443	    2367.443	     17.566	      0.000	      0.046
  62.800	      7.247	   2367.507	    2367.507	     16.341	      0.000	      0.040
  63.000	      7.302	   2367.567	    2367.567	     15.268	      0.000	      0.035
  63.200	      7.356	   2367.623	    2367.623	     14.720	      0.000	      0.032
  63.400	      7.409	   2367.678	    2367.678	     14.271	      0.000	      0.030
  63.600	      7.461	   2367.732	    2367.732	     13.977	      0.000	      0.029
  63.800	      7.513	   2367.784	    2367.784	     13.729	      0.000	      0.028
  64.000	      7.560	   2367.835	    2367.835	     12.796	      0.000	      0.025
  64.200	      7.600	   2367.881	    2367.881	     11.368	      0.000	      0.019
  64.400	      7.637	   2367.921	    2367.921	     10.086	      0.000	      0.015
  64.600	      7.669	   2367.958	    2367.958	      8.894	      0.000	      0.012
  64.800	      7.699	   2367.989	    2367.989	      8.005	      0.000	      0.010
  65.000	      7.727	   2368.018	    2368.018	      7.438	      0.000	      0.008
  65.200	      7.753	   2368.046	    2368.046	      7.083	      0.000	      0.008
  65.400	      7.778	   2368.071	    2368.071	      6.479	      0.000	      0.006
  65.600	      7.798	   2368.094	    2368.094	      5.304	      0.000	      0.004
  65.800	      7.814	   2368.111	    2368.111	      3.878	      0.000	      0.002
  66.000	      7.825	   2368.124	    2368.124	      2.545	      0.000	      0.001
  66.200	      7.831	   2368.130	    2368.130	      1.072	      0.000	      0.000
  66.400	      7.832	   2368.132	    2368.132	     -0.030	      0.000	     -0.000
  66.600	      7.831	   2368.131	    2368.131	     -0.581	      0.000	     -0.000
  66.800	      7.828	   2368.128	    2368.128	     -1.098	      0.000	     -0.000
  67.000	      7.822	   2368.122	    2368.122	     -1.906	      0.000	     -0.001
  67.200	      7.812	   2368.113	    2368.113	     -2.969	      0.000	     -0.001
  67.400	      7.797	   2368.100	    2368.100	     -4.361	      0.000	     -0.003
  67.600	      7.775	   2368.080	    2368.080	     -5.916	      0.000	     -0.005
  67.800	      7.746	   2368.055	    2368.055	     -7.512	      0.000	     -0.008
  68.000	      7.713	   2368.024	    2368.024	     -8.518	      0.000	     -0.011
  68.200	      7.679	   2367.991	    2367.991	     -9.009	      0.000	     -0.012
  68.400	      7.642	   2367.955	    2367.955	     -9.659	      0.000	     -0.014
  68.600	      7.601	   2367.917	    2367.917	    -10.393	      0.000	     -0.016
  68.800	      7.557	   2367.876	    2367.876	    -11.301	      0.000	     -0.019
  69.000	      7.506	   2367.831	    2367.831	    -12.841	      0.000	     -0.024
  69.200	      7.448	   2367.779	    2367.779	    -14.436	      0.000	     -0.031
  69.400	      7.384	   2367.722	    2367.722	    -15.807	      0.000	     -0.037
  69.600	      7.319	   2367.660	    2367.660	    -16.662	      0.000	     -0.041
  69.800	      7.252	   2367.596	    2367.596	    -17.204	      0.000	     -0.044
  70.000	      7.182	   2367.529	    2367.529	    -17.818	      0.000	     -0.047
  70.200	      7.111	   2367.461	    2367.461	    -18.311	      0.000	     -0.050
  70.400	      7.036	   2367.390	    2367.390	    -19.135	      0.000	     -0.054
  70.600	      6.952	   2367.315	    2367.315	    -20.634	      0.000	     -0.063
  70.800	      6.863	   2367.234	    2367.234	    -21.903	      0.000	     -0.071
  71.000	      6.771	   2367.149	    2367.149	    -23.005	      0.000	     -0.079
  71.200	      6.675	   2367.060	    2367.060	    -23.864	      0.000	     -0.085
  71.400	      6.581	   2366.969	    2366.969	    -24.302	      0.000	     -0.088
  71.600	      6.486	   2366.876	    2366.876	    -24.574	      0.000	     -0.090
  71.800	      6.391	   2366.783	    2366.783	    -24.797	      0.000	     -0.092
  72.000	      6.291	   2366.688	    2366.688	    -25.519	      0.000	     -0.097
  72.200	      6.182	   2366.589	    2366.589	    -26.721	      0.000	     -0.106
  72.400	      6.072	   2366.486	    2366.486	    -27.654	      0.000	     -0.114
  72.600	      5.956	   2366.379	    2366.379	    -28.702	      0.000	     -0.123
  72.800	      5.839	   2366.268	    2366.268	    -29.423	      0.000	     -0.129
  73.000	      5.727	   2366.157	    2366.157	    -29.468	      0.000	     -0.130
  73.200	      5.616	   2366.045	    2366.045	    -29.408	      0.000	     -0.129
  73.400	      5.504	   2365.934	    2365.934	    -29.522	      0.000	     -0.130
  73.600	      5.387	   2365.821	    2365.821	    -30.038	      0.000	     -0.134
  73.800	      5.264	   2365.706	    2365.706	    -30.858	      0.000	     -0.142
  74.000	      5.139	   2365.587	    2365.587	    -31.595	      0.000	     -0.149
  74.200	      5.009	   2365.466	    2365.466	    -32.487	      0.000	     -0.157
  74.400	      4.882	   2365.342	    2365.342	    -32.793	      0.000	     -0.160
  74.600	      4.761	   2365.218	    2365.218	    -32.494	      0.000	     -0.158
  74.800	      4.640	   2365.096	    2365.096	    -32.343	      0.000	     -0.156
  75.000	      4.518	   2364.973	    2364.973	    -32.276	      0.000	     -0.155
  75.200	      4.395	   2364.851	    2364.851	    -32.393	      0.000	     -0.156
  75.400	      4.266	   2364.727	    2364.727	    -32.902	      0.000	     -0.161
  75.600	      4.134	   2364.602	    2364.602	    -33.517	      0.000	     -0.167
  75.800	      4.000	   2364.473	    2364.473	    -34.101	      0.000	     -0.173
  76.000	      3.870	   2364.344	    2364.344	    -34.084	      0.000	     -0.173
  76.200	      3.745	   2364.215	    2364.215	    -33.739	      0.000	     -0.170
  76.400	      3.621	   2364.088	    2364.088	    -33.454	      0.000	     -0.167
  76.600	      3.499	   2363.962	    2363.962	    -33.028	      0.000	     -0.163
  76.800	      3.376	   2363.837	    2363.837	    -32.850	      0.000	     -0.161
  77.000	      3.247	   2363.712	    2363.712	    -33.297	      0.000	     -0.165
  77.200	      3.115	   2363.585	    2363.585	    -33.778	      0.000	     -0.170
  77.400	      2.983	   2363.456	    2363.456	    -34.061	      0.000	     -0.173
  77.600	      2.855	   2363.327	    2363.327	    -33.951	      0.000	     -0.172
  77.800	      2.732	   2363.200	    2363.200	    -33.542	      0.000	     -0.168
  78.000	      2.612	   2363.074	    2363.074	    -32.940	      0.000	     -0.162
  78.200	      2.494	   2362.950	    2362.950	    -32.286	      0.000	     -0.156
  78.400	      2.374	   2362.828	    2362.828	    -32.118	      0.000	     -0.154
  78.600	      2.248	   2362.706	    2362.706	    -32.507	      0.000	     -0.158
  78.800	      2.122	   2362.582	    2362.582	    -32.742	      0.000	     -0.160
  79.000	      1.997	   2362.458	    2362.458	    -32.864	      0.000	     -0.161
  79.200	      1.873	   2362.333	    2362.333	    -32.790	      0.000	     -0.160
  79.400	      1.755	   2362.210	    2362.210	    -32.238	      0.000	     -0.155
  79.600	      1.641	   2362.089	    2362.089	    -31.472	      0.000	     -0.148
  79.800	      1.528	   2361.971	    2361.971	    -30.936	      0.000	     -0.143
  80.000	      1.413	   2361.854	    2361.854	    -30.786	      0.000	     -0.141
  80.200	      1.294	   2361.737	    2361.737	    -30.991	      0.000	     -0.143
  80.400	      1.175	   2361.620	    2361.620	    -31.125	      0.000	     -0.144
  80.600	      1.055	   2361.501	    2361.501	    -31.360	      0.000	     -0.147
  80.800	      0.935	   2361.382	    2361.382	    -31.345	      0.000	     -0.147
  81.000	      0.824	   2361.264	    2361.264	    -30.687	      0.000	     -0.141
  81.200	      0.715	   2361.150	    2361.150	    -30.000	      0.000	     -0.134
  81.400	      0.606	   2361.037	    2361.037	    -29.579	      0.000	     -0.131
  81.600	      0.498	   2360.926	    2360.926	    -29.284	      0.000	     -0.128
  81.800	      0.385	   2360.814	    2360.814	    -29.439	      0.000	     -0.129
  82.000	      0.270	   2360.702	    2360.702	    -29.763	      0.000	     -0.132
  82.200	      0.154	   2360.589	    2360.589	    -30.106	      0.000	     -0.135
  82.400	      0.040	   2360.475	    2360.475	    -30.031	      0.000	     -0.135
  82.600	     -0.067	   2360.362	    2360.362	    -29.386	      0.000	     -0.129
  82.800	     -0.173	   2360.252	    2360.252	    -28.878	      0.000	     -0.124
  83.000	     -0.278	   2360.143	    2360.143	    -28.460	      0.000	     -0.121
  83.200	     -0.382	   2360.036	    2360.036	    -28.136	      0.000	     -0.118
  83.400	     -0.493	   2359.929	    2359.929	    -28.531	      0.000	     -0.121
  83.600	     -0.606	   2359.820	    2359.820	    -29.002	      0.000	     -0.125
  83.800	     -0.719	   2359.709	    2359.709	    -29.282	      0.000	     -0.128
  84.000	     -0.829	   2359.598	    2359.598	    -29.233	      0.000	     -0.128
  84.200	     -0.936	   2359.488	    2359.488	    -28.800	      0.000	     -0.124
  84.400	     -1.041	   2359.380	    2359.380	    -28.425	      0.000	     -0.121
  84.600	     -1.144	   2359.273	    2359.273	    -27.988	      0.000	     -0.117
  84.800	     -1.248	   2359.167	    2359.167	    -27.800	      0.000	     -0.115
  85.000	     -1.359	   2359.061	    2359.061	    -28.355	      0.000	     -0.120
  85.200	     -1.470	   2358.953	    2358.953	    -28.742	      0.000	     -0.123
  85.400	     -1.582	   2358.844	    2358.844	    -29.017	      0.000	     -0.126
  85.600	     -1.694	   2358.733	    2358.733	    -29.190	      0.000	     -0.127
  85.800	     -1.802	   2358.623	    2358.623	    -28.884	      0.000	     -0.125
  86.000	     -1.906	   2358.514	    2358.514	    -28.455	      0.000	     -0.121
  86.200	     -2.010	   2358.408	    2358.408	    -28.032	      0.000	     -0.117
  86.400	     -2.115	   2358.302	    2358.302	    -27.992	      0.000	     -0.117
  86.600	     -2.227	   2358.194	    2358.194	    -28.520	      0.000	     -0.121
  86.800	     -2.339	   2358.086	    2358.086	    -28.857	      0.000	     -0.124
  87.000	     -2.453	   2357.975	    2357.975	    -29.323	      0.000	     -0.128
  87.200	     -2.567	   2357.863	    2357.863	    -29.596	      0.000	     -0.131
  87.400	     -2.675	   2357.752	    2357.752	    -29.181	      0.000	     -0.127
  87.600	     -2.780	   2357.643	    2357.643	    -28.707	      0.000	     -0.123
  87.800	     -2.886	   2357.534	    2357.534	    -28.410	      0.000	     -0.120
  88.000	     -2.994	   2357.427	    2357.427	    -28.401	      0.000	     -0.120
  88.200	     -3.105	   2357.318	    2357.318	    -28.814	      0.000	     -0.124
  88.400	     -3.218	   2357.209	    2357.209	    -29.191	      0.000	     -0.127
  88.600	     -3.334	   2357.097	    2357.097	    -29.707	      0.000	     -0.132
  88.800	     -3.448	   2356.984	    2356.984	    -29.800	      0.000	     -0.133
  89.000	     -3.556	   2356.872	    2356.872	    -29.273	      0.000	     -0.128
  89.200	     -3.662	   2356.762	    2356.762	    -28.885	      0.000	     -0.125
  89.400	     -3.769	   2356.653	    2356.653	    -28.580	      0.000	     -0.122
  89.600	     -3.875	   2356.545	    2356.545	    -28.379	      0.000	     -0.120
  89.800	     -3.985	   2356.438	    2356.438	    -28.663	      0.000	     -0.122
  90.000	     -4.098	   2356.328	    2356.328	    -29.049	      0.000	     -0.126
  90.200	     -4.212	   2356.217	    2356.217	    -29.397	      0.000	     -0.129
  90.400	     -4.322	   2356.106	    2356.106	    -29.307	      0.000	     -0.128
  90.600	     -4.429	   2355.996	    2355.996	    -28.827	      0.000	     -0.124
  90.800	     -4.533	   2355.887	    2355.887	    -28.381	      0.000	     -0.120
  91.000	     -4.635	   2355.781	    2355.781	    -27.818	      0.000	     -0.116
  91.200	     -4.736	   2355.676	    2355.676	    -27.415	      0.000	     -0.112
  91.400	     -4.842	   2355.572	    2355.572	    -27.663	      0.000	     -0.114
  91.600	     -4.950	   2355.467	    2355.467	    -27.931	      0.000	     -0.116
  91.800	     -5.057	   2355.360	    2355.360	    -28.021	      0.000	     -0.117
  92.000	     -5.161	   2355.255	    2355.255	    -27.832	      0.000	     -0.116
  92.200	     -5.261	   2355.150	    2355.150	    -27.259	      0.000	     -0.111
  92.400	     -5.356	   2355.049	    2355.049	    -26.488	      0.000	     -0.105
  92.600	     -5.449	   2354.950	    2354.950	    -25.673	      0.000	     -0.098
  92.800	     -5.541	   2354.853	    2354.853	    -25.207	      0.000	     -0.095
  93.000	     -5.638	   2354.758	    2354.758	    -25.302	      0.000	     -0.095
  93.200	     -5.733	   2354.662	    2354.662	    -25.258	      0.000	     -0.095
  93.400	     -5.827	   2354.567	    2354.567	    -25.105	      0.000	     -0.094
  93.600	     -5.920	   2354.472	    2354.472	    -24.812	      0.000	     -0.092
  93.800	     -6.007	   2354.379	    2354.379	    -23.969	      0.000	     -0.086
  94.000	     -6.088	   2354.290	    2354.290	    -22.912	      0.000	     -0.078
  94.200	     -6.167	   2354.205	    2354.205	    -22.041	      0.000	     -0.073
  94.400	     -6.246	   2354.123	    2354.123	    -21.417	      0.000	     -0.069
  94.600	     -6.325	   2354.042	    2354.042	    -21.169	      0.000	     -0.067
  94.800	     -6.402	   2353.963	    2353.963	    -20.861	      0.000	     -0.065
  95.000	     -6.479	   2353.884	    2353.884	    -20.609	      0.000	     -0.063
  95.200	     -6.554	   2353.807	    2353.807	    -20.151	      0.000	     -0.061
  95.400	     -6.622	   2353.732	    2353.732	    -19.021	      0.000	     -0.054
  95.600	     -6.685	   2353.663	    2353.663	    -17.829	      0.000	     -0.048
  95.800	     -6.745	   2353.597	    2353.597	    -16.835	      0.000	     -0.042
  96.000	     -6.802	   2353.535	    2353.535	    -15.869	      0.000	     -0.038
  96.200	     -6.859	   2353.476	    2353.476	    -15.364	      0.000	     -0.035
  96.400	     -6.915	   2353.419	    2353.419	    -15.004	      0.000	     -0.034
  96.600	     -6.969	   2353.362	    2353.362	    -14.619	      0.000	     -0.032
  96.800	     -7.021	   2353.308	    2353.308	    -13.891	      0.000	     -0.029
  97.000	     -7.065	   2353.258	    2353.258	    -12.568	      0.000	     -0.024
  97.200	     -7.106	   2353.213	    2353.213	    -11.311	      0.000	     -0.019
  97.400	     -7.143	   2353.172	    2353.172	    -10.103	      0.000	     -0.015
  97.600	     -7.176	   2353.136	    2353.136	     -8.915	      0.000	     -0.012
  97.800	     -7.207	   2353.104	    2353.104	     -8.420	      0.000	     -0.011
  98.000	     -7.237	   2353.072	    2353.072	     -7.992	      0.000	     -0.010
  98.200	     -7.265	   2353.043	    2353.043	     -7.370	      0.000	     -0.008
  98.400	     -7.289	   2353.017	    2353.017	     -6.493	      0.000	     -0.006
  98.600	     -7.309	   2352.995	    2352.995	     -5.189	      0.000	     -0.004
  98.800	     -7.325	   2352.977	    2352.977	     -3.879	      0.000	     -0.002
  99.000	     -7.336	   2352.965	    2352.965	     -2.509	      0.000	     -0.001
  99.200	     -7.342	   2352.958	    2352.958	     -1.314	      0.000	     -0.000
  99.400	     -7.346	   2352.955	    2352.955	     -0.830	      0.000	     -0.000
  99.600	     -7.347	   2352.953	    2352.953	     -0.216	      0.000	     -0.000
  99.800	     -7.347	   2352.953	    2352.953	      0.501	      0.000	      0.000
 100.000	     -7.343	   2352.956	    2352.956	      1.266	      0.000	      0.000
