    时间	    汇点水头	    大井水位	    升管水位	    大井流量	    升管流量	    底板压差
   0.000	      0.763	   2361.063	    2361.063	      0.000	      0.000	      0.000
   0.200	      0.763	   2361.063	    2361.063	     -0.238	      0.000	     -0.000
   0.400	      0.762	   2361.062	    2361.062	     -0.119	      0.000	     -0.000
   0.600	      0.761	   2361.061	    2361.061	     -0.309	      0.000	     -0.000
   0.800	      0.757	   2361.057	    2361.057	     -1.291	      0.000	     -0.000
   1.000	      0.751	   2361.051	    2361.051	     -2.055	      0.000	     -0.001
   1.200	      0.741	   2361.042	    2361.042	     -2.406	      0.000	     -0.001
   1.400	      0.730	   2361.032	    2361.032	     -3.076	      0.000	     -0.001
   1.600	      0.716	   2361.019	    2361.019	     -3.742	      0.000	     -0.002
   1.800	      0.701	   2361.004	    2361.004	     -4.081	      0.000	     -0.002
   2.000	      0.686	   2360.988	    2360.988	     -4.454	      0.000	     -0.003
   2.200	      0.667	   2360.971	    2360.971	     -5.355	      0.000	     -0.004
   2.400	      0.643	   2360.948	    2360.948	     -6.308	      0.000	     -0.006
   2.600	      0.615	   2360.923	    2360.923	     -7.274	      0.000	     -0.008
   2.800	      0.583	   2360.893	    2360.893	     -8.306	      0.000	     -0.010
   3.000	      0.544	   2360.859	    2360.859	    -10.333	      0.000	     -0.015
   3.200	      0.501	   2360.820	    2360.820	    -11.215	      0.000	     -0.019
   3.400	      0.452	   2360.775	    2360.775	    -12.571	      0.000	     -0.023
   3.600	      0.393	   2360.724	    2360.724	    -14.492	      0.000	     -0.031
   3.800	      0.322	   2360.664	    2360.664	    -16.867	      0.000	     -0.042
   4.000	      0.249	   2360.598	    2360.598	    -18.068	      0.000	     -0.049
   4.200	      0.166	   2360.525	    2360.525	    -19.991	      0.000	     -0.060
   4.400	      0.074	   2360.446	    2360.446	    -21.950	      0.000	     -0.072
   4.600	     -0.022	   2360.360	    2360.360	    -23.483	      0.000	     -0.082
   4.800	     -0.126	   2360.267	    2360.267	    -25.259	      0.000	     -0.093
   5.000	     -0.241	   2360.168	    2360.168	    -26.971	      0.000	     -0.108
   5.200	     -0.366	   2360.061	    2360.061	    -29.179	      0.000	     -0.127
   5.400	     -0.497	   2359.947	    2359.947	    -31.141	      0.000	     -0.144
   5.600	     -0.631	   2359.828	    2359.828	    -32.635	      0.000	     -0.159
   5.800	     -0.778	   2359.701	    2359.701	    -34.646	      0.000	     -0.178
   6.000	     -0.936	   2359.565	    2359.565	    -36.750	      0.000	     -0.201
   6.200	     -1.097	   2359.423	    2359.423	    -38.388	      0.000	     -0.219
   6.400	     -1.277	   2359.272	    2359.272	    -40.964	      0.000	     -0.249
   6.600	     -1.463	   2359.113	    2359.113	    -42.936	      0.000	     -0.277
   6.800	     -1.655	   2358.947	    2358.947	    -45.095	      0.000	     -0.302
   7.000	     -1.856	   2358.773	    2358.773	    -47.002	      0.000	     -0.329
   7.200	     -2.068	   2358.591	    2358.591	    -49.026	      0.000	     -0.359
   7.400	     -2.290	   2358.400	    2358.400	    -51.197	      0.000	     -0.390
   7.600	     -2.521	   2358.201	    2358.201	    -53.130	      0.000	     -0.422
   7.800	     -2.750	   2357.997	    2357.997	    -54.760	      0.000	     -0.447
   8.000	     -2.992	   2357.786	    2357.786	    -56.604	      0.000	     -0.478
   8.200	     -3.233	   2357.569	    2357.569	    -58.121	      0.000	     -0.502
   8.400	     -3.472	   2357.347	    2357.347	    -59.108	      0.000	     -0.519
   8.600	     -3.732	   2357.120	    2357.120	    -60.760	      0.000	     -0.552
   8.800	     -3.987	   2356.887	    2356.887	    -62.010	      0.000	     -0.574
   9.000	     -4.242	   2356.650	    2356.650	    -62.955	      0.000	     -0.591
   9.200	     -4.491	   2356.410	    2356.410	    -63.429	      0.000	     -0.601
   9.400	     -4.743	   2356.169	    2356.169	    -64.115	      0.000	     -0.612
   9.600	     -5.006	   2355.925	    2355.925	    -64.985	      0.000	     -0.630
   9.800	     -5.262	   2355.677	    2355.677	    -65.532	      0.000	     -0.639
  10.000	     -5.519	   2355.428	    2355.428	    -65.806	      0.000	     -0.647
  10.200	     -5.785	   2355.176	    2355.176	    -66.491	      0.000	     -0.661
  10.400	     -6.029	   2354.924	    2354.924	    -66.053	      0.000	     -0.653
  10.600	     -6.271	   2354.675	    2354.675	    -65.712	      0.000	     -0.645
  10.800	     -6.506	   2354.427	    2354.427	    -65.157	      0.000	     -0.633
  11.000	     -6.736	   2354.181	    2354.181	    -64.272	      0.000	     -0.617
  11.200	     -6.955	   2353.939	    2353.939	    -62.966	      0.000	     -0.594
  11.400	     -7.152	   2353.704	    2353.704	    -60.994	      0.000	     -0.556
  11.600	     -7.343	   2353.476	    2353.476	    -58.913	      0.000	     -0.519
  11.800	     -7.515	   2353.258	    2353.258	    -56.323	      0.000	     -0.473
  12.000	     -7.673	   2353.050	    2353.050	    -53.132	      0.000	     -0.423
  12.200	     -7.827	   2352.855	    2352.855	    -50.494	      0.000	     -0.382
  12.400	     -7.968	   2352.669	    2352.669	    -47.510	      0.000	     -0.337
  12.600	     -8.095	   2352.495	    2352.495	    -44.028	      0.000	     -0.290
  12.800	     -8.211	   2352.335	    2352.335	    -40.503	      0.000	     -0.246
  13.000	     -8.320	   2352.188	    2352.188	    -37.298	      0.000	     -0.208
  13.200	     -8.415	   2352.054	    2352.054	    -33.658	      0.000	     -0.169
  13.400	     -8.496	   2351.935	    2351.935	    -29.595	      0.000	     -0.132
  13.600	     -8.565	   2351.831	    2351.831	    -25.231	      0.000	     -0.097
  13.800	     -8.623	   2351.743	    2351.743	    -20.934	      0.000	     -0.066
  14.000	     -8.667	   2351.672	    2351.672	    -16.248	      0.000	     -0.039
  14.200	     -8.699	   2351.620	    2351.620	    -11.219	      0.000	     -0.019
  14.400	     -8.722	   2351.586	    2351.586	     -7.004	      0.000	     -0.008
  14.600	     -8.737	   2351.566	    2351.566	     -3.523	      0.000	     -0.002
  14.800	     -8.741	   2351.559	    2351.559	      0.028	      0.000	      0.000
  15.000	     -8.735	   2351.564	    2351.564	      2.422	      0.000	      0.001
  15.200	     -8.723	   2351.575	    2351.575	      3.421	      0.000	      0.002
  15.400	     -8.710	   2351.588	    2351.588	      3.298	      0.000	      0.002
  15.600	     -8.700	   2351.599	    2351.599	      2.263	      0.000	      0.001
  15.800	     -8.695	   2351.605	    2351.605	      0.977	      0.000	      0.000
  16.000	     -8.695	   2351.605	    2351.605	     -1.039	      0.000	     -0.000
  16.200	     -8.704	   2351.597	    2351.597	     -3.127	      0.000	     -0.001
  16.400	     -8.722	   2351.582	    2351.582	     -5.448	      0.000	     -0.004
  16.600	     -8.754	   2351.556	    2351.556	     -8.432	      0.000	     -0.010
  16.800	     -8.798	   2351.519	    2351.519	    -10.844	      0.000	     -0.018
  17.000	     -8.851	   2351.474	    2351.474	    -13.029	      0.000	     -0.025
  17.200	     -8.915	   2351.420	    2351.420	    -15.355	      0.000	     -0.035
  17.400	     -8.986	   2351.358	    2351.358	    -17.253	      0.000	     -0.044
  17.600	     -9.059	   2351.291	    2351.291	    -18.421	      0.000	     -0.050
  17.800	     -9.137	   2351.219	    2351.219	    -19.453	      0.000	     -0.056
  18.000	     -9.224	   2351.142	    2351.142	    -21.171	      0.000	     -0.066
  18.200	     -9.333	   2351.056	    2351.056	    -24.372	      0.000	     -0.088
  18.400	     -9.457	   2350.957	    2350.957	    -27.599	      0.000	     -0.114
  18.600	     -9.599	   2350.846	    2350.846	    -31.375	      0.000	     -0.144
  18.800	     -9.772	   2350.719	    2350.719	    -35.907	      0.000	     -0.191
  19.000	     -9.978	   2350.574	    2350.574	    -41.243	      0.000	     -0.252
  19.200	    -10.229	   2350.406	    2350.406	    -47.609	      0.000	     -0.335
  19.400	    -10.517	   2350.213	    2350.213	    -53.811	      0.000	     -0.430
  19.600	    -10.773	   2350.002	    2350.002	    -56.502	      0.000	     -0.476
  19.800	    -10.976	   2349.789	    2349.789	    -55.673	      0.000	     -0.464
  20.000	    -11.122	   2349.585	    2349.585	    -52.165	      0.000	     -0.407
  20.200	    -11.244	   2349.396	    2349.396	    -47.735	      0.000	     -0.340
  20.400	    -11.374	   2349.222	    2349.222	    -44.419	      0.000	     -0.296
  20.600	    -11.508	   2349.058	    2349.058	    -42.232	      0.000	     -0.266
  20.800	    -11.652	   2348.900	    2348.900	    -41.026	      0.000	     -0.252
  21.000	    -11.790	   2348.747	    2348.747	    -39.774	      0.000	     -0.237
  21.200	    -11.896	   2348.602	    2348.602	    -36.366	      0.000	     -0.198
  21.400	    -11.983	   2348.473	    2348.473	    -32.194	      0.000	     -0.156
  21.600	    -12.067	   2348.358	    2348.358	    -28.897	      0.000	     -0.125
  21.800	    -12.155	   2348.252	    2348.252	    -26.742	      0.000	     -0.107
  22.000	    -12.242	   2348.153	    2348.153	    -25.213	      0.000	     -0.095
  22.200	    -12.316	   2348.061	    2348.061	    -22.673	      0.000	     -0.077
  22.400	    -12.369	   2347.983	    2347.983	    -18.536	      0.000	     -0.052
  22.600	    -12.403	   2347.923	    2347.923	    -13.181	      0.000	     -0.026
  22.800	    -12.423	   2347.885	    2347.885	     -7.172	      0.000	     -0.008
  23.000	    -12.434	   2347.867	    2347.867	     -2.375	      0.000	     -0.001
  23.200	    -12.433	   2347.866	    2347.866	      1.769	      0.000	      0.000
  23.400	    -12.412	   2347.882	    2347.882	      6.671	      0.000	      0.006
  23.600	    -12.360	   2347.918	    2347.918	     12.308	      0.000	      0.022
  23.800	    -12.276	   2347.976	    2347.976	     18.214	      0.000	      0.048
  24.000	    -12.164	   2348.055	    2348.055	     23.340	      0.000	      0.081
  24.200	    -12.042	   2348.151	    2348.151	     26.816	      0.000	      0.107
  24.400	    -11.926	   2348.256	    2348.256	     28.225	      0.000	      0.118
  24.600	    -11.811	   2348.364	    2348.364	     28.940	      0.000	      0.125
  24.800	    -11.684	   2348.476	    2348.476	     30.704	      0.000	      0.140
  25.000	    -11.534	   2348.598	    2348.598	     33.639	      0.000	      0.168
  25.200	    -11.373	   2348.731	    2348.731	     36.372	      0.000	      0.196
  25.400	    -11.214	   2348.871	    2348.871	     37.987	      0.000	      0.215
  25.600	    -11.054	   2349.018	    2349.018	     39.075	      0.000	      0.228
  25.800	    -10.897	   2349.167	    2349.167	     39.709	      0.000	      0.235
  26.000	    -10.739	   2349.319	    2349.319	     40.380	      0.000	      0.242
  26.200	    -10.571	   2349.474	    2349.474	     41.383	      0.000	      0.255
  26.400	    -10.406	   2349.632	    2349.632	     41.982	      0.000	      0.262
  26.600	    -10.248	   2349.791	    2349.791	     41.788	      0.000	      0.261
  26.800	    -10.101	   2349.948	    2349.948	     40.993	      0.000	      0.251
  27.000	     -9.965	   2350.101	    2350.101	     39.498	      0.000	      0.234
  27.200	     -9.827	   2350.249	    2350.249	     38.764	      0.000	      0.224
  27.400	     -9.692	   2350.394	    2350.394	     37.867	      0.000	      0.214
  27.600	     -9.552	   2350.537	    2350.537	     37.623	      0.000	      0.211
  27.800	     -9.406	   2350.680	    2350.680	     37.875	      0.000	      0.214
  28.000	     -9.263	   2350.823	    2350.823	     37.864	      0.000	      0.214
  28.200	     -9.122	   2350.966	    2350.966	     37.682	      0.000	      0.211
  28.400	     -8.975	   2351.110	    2351.110	     37.982	      0.000	      0.216
  28.600	     -8.821	   2351.255	    2351.255	     38.768	      0.000	      0.224
  28.800	     -8.659	   2351.404	    2351.404	     39.878	      0.000	      0.237
  29.000	     -8.499	   2351.556	    2351.556	     40.532	      0.000	      0.245
  29.200	     -8.337	   2351.711	    2351.711	     41.142	      0.000	      0.252
  29.400	     -8.176	   2351.868	    2351.868	     41.482	      0.000	      0.257
  29.600	     -8.022	   2352.024	    2352.024	     41.177	      0.000	      0.253
  29.800	     -7.871	   2352.180	    2352.180	     40.900	      0.000	      0.249
  30.000	     -7.717	   2352.335	    2352.335	     40.814	      0.000	      0.249
  30.200	     -7.569	   2352.488	    2352.488	     40.348	      0.000	      0.243
  30.400	     -7.426	   2352.640	    2352.640	     39.613	      0.000	      0.234
  30.600	     -7.283	   2352.789	    2352.789	     39.090	      0.000	      0.228
  30.800	     -7.144	   2352.936	    2352.936	     38.320	      0.000	      0.220
  31.000	     -7.013	   2353.079	    2353.079	     37.264	      0.000	      0.208
  31.200	     -6.884	   2353.219	    2353.219	     36.369	      0.000	      0.198
  31.400	     -6.749	   2353.356	    2353.356	     36.217	      0.000	      0.195
  31.600	     -6.612	   2353.493	    2353.493	     36.247	      0.000	      0.196
  31.800	     -6.477	   2353.630	    2353.630	     35.925	      0.000	      0.193
  32.000	     -6.338	   2353.766	    2353.766	     36.226	      0.000	      0.196
  32.200	     -6.200	   2353.904	    2353.904	     36.171	      0.000	      0.196
  32.400	     -6.072	   2354.040	    2354.040	     35.442	      0.000	      0.188
  32.600	     -5.951	   2354.172	    2354.172	     34.523	      0.000	      0.178
  32.800	     -5.831	   2354.301	    2354.301	     33.561	      0.000	      0.168
  33.000	     -5.718	   2354.425	    2354.425	     32.384	      0.000	      0.157
  33.200	     -5.613	   2354.545	    2354.545	     30.851	      0.000	      0.142
  33.400	     -5.511	   2354.660	    2354.660	     29.292	      0.000	      0.129
  33.600	     -5.418	   2354.767	    2354.767	     27.683	      0.000	      0.115
  33.800	     -5.330	   2354.869	    2354.869	     25.975	      0.000	      0.101
  34.000	     -5.238	   2354.966	    2354.966	     25.369	      0.000	      0.096
  34.200	     -5.138	   2355.062	    2355.062	     25.870	      0.000	      0.100
  34.400	     -5.026	   2355.164	    2355.164	     27.249	      0.000	      0.110
  34.600	     -4.910	   2355.270	    2355.270	     28.464	      0.000	      0.121
  34.800	     -4.789	   2355.380	    2355.380	     29.713	      0.000	      0.131
  35.000	     -4.664	   2355.494	    2355.494	     30.837	      0.000	      0.142
  35.200	     -4.539	   2355.612	    2355.612	     31.600	      0.000	      0.149
  35.400	     -4.408	   2355.734	    2355.734	     32.545	      0.000	      0.158
  35.600	     -4.270	   2355.860	    2355.860	     33.817	      0.000	      0.170
  35.800	     -4.123	   2355.991	    2355.991	     35.230	      0.000	      0.185
  36.000	     -3.973	   2356.128	    2356.128	     36.658	      0.000	      0.200
  36.200	     -3.829	   2356.267	    2356.267	     37.038	      0.000	      0.204
  36.400	     -3.675	   2356.409	    2356.409	     38.120	      0.000	      0.216
  36.600	     -3.515	   2356.555	    2356.555	     39.255	      0.000	      0.229
  36.800	     -3.352	   2356.706	    2356.706	     40.250	      0.000	      0.242
  37.000	     -3.182	   2356.861	    2356.861	     41.566	      0.000	      0.257
  37.200	     -3.010	   2357.021	    2357.021	     42.498	      0.000	      0.269
  37.400	     -2.836	   2357.183	    2357.183	     43.421	      0.000	      0.280
  37.600	     -2.658	   2357.349	    2357.349	     44.338	      0.000	      0.292
  37.800	     -2.483	   2357.518	    2357.518	     44.774	      0.000	      0.299
  38.000	     -2.310	   2357.689	    2357.689	     44.929	      0.000	      0.302
  38.200	     -2.158	   2357.857	    2357.857	     43.706	      0.000	      0.285
  38.400	     -2.017	   2358.019	    2358.019	     41.988	      0.000	      0.264
  38.600	     -1.876	   2358.176	    2358.176	     40.728	      0.000	      0.248
  38.800	     -1.744	   2358.328	    2358.328	     39.000	      0.000	      0.228
  39.000	     -1.617	   2358.473	    2358.473	     37.530	      0.000	      0.210
  39.200	     -1.484	   2358.613	    2358.613	     36.859	      0.000	      0.203
  39.400	     -1.345	   2358.753	    2358.753	     36.823	      0.000	      0.202
  39.600	     -1.202	   2358.893	    2358.893	     37.125	      0.000	      0.205
  39.800	     -1.055	   2359.034	    2359.034	     37.578	      0.000	      0.211
  40.000	     -0.902	   2359.178	    2359.178	     38.360	      0.000	      0.220
  40.200	     -0.748	   2359.325	    2359.325	     39.060	      0.000	      0.228
  40.400	     -0.598	   2359.473	    2359.473	     39.226	      0.000	      0.229
  40.600	     -0.452	   2359.622	    2359.622	     38.947	      0.000	      0.226
  40.800	     -0.313	   2359.768	    2359.768	     38.295	      0.000	      0.219
  41.000	     -0.184	   2359.911	    2359.911	     37.032	      0.000	      0.204
  41.200	     -0.059	   2360.049	    2360.049	     35.882	      0.000	      0.192
  41.400	      0.068	   2360.183	    2360.183	     35.162	      0.000	      0.185
  41.600	      0.197	   2360.316	    2360.316	     34.813	      0.000	      0.181
  41.800	      0.327	   2360.448	    2360.448	     34.702	      0.000	      0.180
  42.000	      0.462	   2360.580	    2360.580	     34.957	      0.000	      0.182
  42.200	      0.596	   2360.713	    2360.713	     35.038	      0.000	      0.183
  42.400	      0.728	   2360.845	    2360.845	     35.010	      0.000	      0.183
  42.600	      0.858	   2360.978	    2360.978	     34.801	      0.000	      0.181
  42.800	      0.992	   2361.110	    2361.110	     34.935	      0.000	      0.182
  43.000	      1.131	   2361.243	    2361.243	     35.464	      0.000	      0.188
  43.200	      1.269	   2361.378	    2361.378	     35.808	      0.000	      0.191
  43.400	      1.405	   2361.514	    2361.514	     35.859	      0.000	      0.192
  43.600	      1.545	   2361.650	    2361.650	     36.128	      0.000	      0.195
  43.800	      1.680	   2361.787	    2361.787	     35.985	      0.000	      0.193
  44.000	      1.812	   2361.923	    2361.923	     35.678	      0.000	      0.190
  44.200	      1.946	   2362.057	    2362.057	     35.569	      0.000	      0.189
  44.400	      2.085	   2362.193	    2362.193	     35.921	      0.000	      0.192
  44.600	      2.227	   2362.330	    2362.330	     36.430	      0.000	      0.198
  44.800	      2.372	   2362.468	    2362.468	     36.983	      0.000	      0.204
  45.000	      2.522	   2362.610	    2362.610	     37.706	      0.000	      0.212
  45.200	      2.675	   2362.755	    2362.755	     38.410	      0.000	      0.220
  45.400	      2.822	   2362.901	    2362.901	     38.548	      0.000	      0.221
  45.600	      2.971	   2363.047	    2363.047	     38.741	      0.000	      0.224
  45.800	      3.107	   2363.192	    2363.192	     37.881	      0.000	      0.214
  46.000	      3.237	   2363.334	    2363.334	     36.869	      0.000	      0.203
  46.200	      3.363	   2363.471	    2363.471	     35.795	      0.000	      0.191
  46.400	      3.487	   2363.605	    2363.605	     34.917	      0.000	      0.182
  46.600	      3.615	   2363.737	    2363.737	     34.479	      0.000	      0.178
  46.800	      3.745	   2363.868	    2363.868	     34.453	      0.000	      0.177
  47.000	      3.874	   2363.998	    2363.998	     34.357	      0.000	      0.176
  47.200	      4.006	   2364.128	    2364.128	     34.534	      0.000	      0.178
  47.400	      4.135	   2364.259	    2364.259	     34.419	      0.000	      0.177
  47.600	      4.254	   2364.387	    2364.387	     33.439	      0.000	      0.167
  47.800	      4.370	   2364.512	    2364.512	     32.528	      0.000	      0.158
  48.000	      4.485	   2364.634	    2364.634	     31.748	      0.000	      0.151
  48.200	      4.595	   2364.753	    2364.753	     30.892	      0.000	      0.143
  48.400	      4.709	   2364.869	    2364.869	     30.595	      0.000	      0.140
  48.600	      4.825	   2364.985	    2364.985	     30.589	      0.000	      0.140
  48.800	      4.942	   2365.101	    2365.101	     30.661	      0.000	      0.140
  49.000	      5.055	   2365.217	    2365.217	     30.421	      0.000	      0.138
  49.200	      5.162	   2365.331	    2365.331	     29.632	      0.000	      0.131
  49.400	      5.266	   2365.442	    2365.442	     28.816	      0.000	      0.124
  49.600	      5.365	   2365.549	    2365.549	     27.832	      0.000	      0.116
  49.800	      5.460	   2365.653	    2365.653	     26.770	      0.000	      0.107
  50.000	      5.559	   2365.753	    2365.753	     26.567	      0.000	      0.105
  50.200	      5.660	   2365.854	    2365.854	     26.624	      0.000	      0.106
  50.400	      5.760	   2365.955	    2365.955	     26.517	      0.000	      0.105
  50.600	      5.858	   2366.055	    2366.055	     26.281	      0.000	      0.103
  50.800	      5.951	   2366.153	    2366.153	     25.629	      0.000	      0.098
  51.000	      6.039	   2366.248	    2366.248	     24.613	      0.000	      0.091
  51.200	      6.122	   2366.340	    2366.340	     23.484	      0.000	      0.082
  51.400	      6.203	   2366.427	    2366.427	     22.564	      0.000	      0.076
  51.600	      6.287	   2366.512	    2366.512	     22.419	      0.000	      0.075
  51.800	      6.371	   2366.596	    2366.596	     22.295	      0.000	      0.074
  52.000	      6.453	   2366.680	    2366.680	     22.067	      0.000	      0.073
  52.200	      6.536	   2366.764	    2366.764	     21.952	      0.000	      0.072
  52.400	      6.614	   2366.846	    2366.846	     21.256	      0.000	      0.068
  52.600	      6.685	   2366.925	    2366.925	     20.092	      0.000	      0.060
  52.800	      6.754	   2366.999	    2366.999	     19.115	      0.000	      0.055
  53.000	      6.820	   2367.070	    2367.070	     18.293	      0.000	      0.050
  53.200	      6.886	   2367.138	    2367.138	     17.941	      0.000	      0.048
  53.400	      6.952	   2367.206	    2367.206	     17.700	      0.000	      0.047
  53.600	      7.019	   2367.272	    2367.272	     17.608	      0.000	      0.046
  53.800	      7.085	   2367.339	    2367.339	     17.566	      0.000	      0.046
  54.000	      7.146	   2367.405	    2367.405	     16.728	      0.000	      0.042
  54.200	      7.202	   2367.465	    2367.465	     15.580	      0.000	      0.036
  54.400	      7.255	   2367.523	    2367.523	     14.715	      0.000	      0.032
  54.600	      7.305	   2367.577	    2367.577	     13.702	      0.000	      0.028
  54.800	      7.353	   2367.627	    2367.627	     13.201	      0.000	      0.026
  55.000	      7.403	   2367.677	    2367.677	     13.105	      0.000	      0.026
  55.200	      7.452	   2367.727	    2367.727	     13.089	      0.000	      0.026
  55.400	      7.501	   2367.776	    2367.776	     12.863	      0.000	      0.025
  55.600	      7.544	   2367.823	    2367.823	     11.925	      0.000	      0.021
  55.800	      7.584	   2367.866	    2367.866	     10.895	      0.000	      0.018
  56.000	      7.621	   2367.906	    2367.906	      9.957	      0.000	      0.015
  56.200	      7.653	   2367.942	    2367.942	      8.798	      0.000	      0.012
  56.400	      7.685	   2367.974	    2367.974	      8.421	      0.000	      0.011
  56.600	      7.716	   2368.006	    2368.006	      8.409	      0.000	      0.011
  56.800	      7.747	   2368.037	    2368.037	      8.201	      0.000	      0.010
  57.000	      7.777	   2368.068	    2368.068	      7.844	      0.000	      0.009
  57.200	      7.804	   2368.096	    2368.096	      7.048	      0.000	      0.007
  57.400	      7.827	   2368.121	    2368.121	      6.073	      0.000	      0.006
  57.600	      7.846	   2368.142	    2368.142	      4.964	      0.000	      0.004
  57.800	      7.861	   2368.159	    2368.159	      3.816	      0.000	      0.002
  58.000	      7.874	   2368.172	    2368.172	      3.515	      0.000	      0.002
  58.200	      7.887	   2368.185	    2368.185	      3.301	      0.000	      0.002
  58.400	      7.898	   2368.197	    2368.197	      2.950	      0.000	      0.001
  58.600	      7.909	   2368.208	    2368.208	      2.719	      0.000	      0.001
  58.800	      7.917	   2368.217	    2368.217	      2.005	      0.000	      0.001
  59.000	      7.922	   2368.222	    2368.222	      0.833	      0.000	      0.000
  59.200	      7.923	   2368.223	    2368.223	     -0.402	      0.000	     -0.000
  59.400	      7.919	   2368.219	    2368.219	     -1.442	      0.000	     -0.000
  59.600	      7.913	   2368.213	    2368.213	     -1.848	      0.000	     -0.001
  59.800	      7.905	   2368.206	    2368.206	     -2.212	      0.000	     -0.001
  60.000	      7.896	   2368.197	    2368.197	     -2.428	      0.000	     -0.001
  60.200	      7.886	   2368.187	    2368.187	     -2.588	      0.000	     -0.001
  60.400	      7.874	   2368.176	    2368.176	     -3.478	      0.000	     -0.002
  60.600	      7.857	   2368.160	    2368.160	     -4.781	      0.000	     -0.003
  60.800	      7.835	   2368.140	    2368.140	     -5.896	      0.000	     -0.005
  61.000	      7.809	   2368.116	    2368.116	     -6.877	      0.000	     -0.007
  61.200	      7.780	   2368.089	    2368.089	     -7.468	      0.000	     -0.008
  61.400	      7.750	   2368.059	    2368.059	     -7.812	      0.000	     -0.009
  61.600	      7.720	   2368.029	    2368.029	     -7.924	      0.000	     -0.009
  61.800	      7.689	   2367.999	    2367.999	     -8.281	      0.000	     -0.010
  62.000	      7.653	   2367.966	    2367.966	     -9.277	      0.000	     -0.013
  62.200	      7.612	   2367.928	    2367.928	    -10.430	      0.000	     -0.016
  62.400	      7.567	   2367.887	    2367.887	    -11.474	      0.000	     -0.020
  62.600	      7.518	   2367.841	    2367.841	    -12.619	      0.000	     -0.024
  62.800	      7.465	   2367.792	    2367.792	    -13.322	      0.000	     -0.026
  63.000	      7.414	   2367.741	    2367.741	    -13.538	      0.000	     -0.027
  63.200	      7.362	   2367.689	    2367.689	    -13.697	      0.000	     -0.028
  63.400	      7.307	   2367.637	    2367.637	    -14.175	      0.000	     -0.030
  63.600	      7.249	   2367.582	    2367.582	    -14.977	      0.000	     -0.033
  63.800	      7.185	   2367.523	    2367.523	    -16.014	      0.000	     -0.038
  64.000	      7.116	   2367.460	    2367.460	    -17.215	      0.000	     -0.044
  64.200	      7.042	   2367.393	    2367.393	    -18.438	      0.000	     -0.051
  64.400	      6.968	   2367.321	    2367.321	    -18.989	      0.000	     -0.054
  64.600	      6.895	   2367.249	    2367.249	    -19.106	      0.000	     -0.054
  64.800	      6.821	   2367.176	    2367.176	    -19.372	      0.000	     -0.056
  65.000	      6.744	   2367.102	    2367.102	    -19.768	      0.000	     -0.058
  65.200	      6.664	   2367.026	    2367.026	    -20.395	      0.000	     -0.062
  65.400	      6.578	   2366.947	    2366.947	    -21.563	      0.000	     -0.069
  65.600	      6.485	   2366.863	    2366.863	    -22.819	      0.000	     -0.077
  65.800	      6.390	   2366.774	    2366.774	    -23.840	      0.000	     -0.085
  66.000	      6.295	   2366.683	    2366.683	    -24.269	      0.000	     -0.088
  66.200	      6.201	   2366.590	    2366.590	    -24.487	      0.000	     -0.089
  66.400	      6.105	   2366.497	    2366.497	    -24.777	      0.000	     -0.092
  66.600	      6.010	   2366.403	    2366.403	    -24.965	      0.000	     -0.093
  66.800	      5.910	   2366.308	    2366.308	    -25.564	      0.000	     -0.097
  67.000	      5.802	   2366.208	    2366.208	    -26.767	      0.000	     -0.107
  67.200	      5.690	   2366.105	    2366.105	    -27.772	      0.000	     -0.115
  67.400	      5.576	   2365.998	    2365.998	    -28.621	      0.000	     -0.122
  67.600	      5.462	   2365.889	    2365.889	    -29.142	      0.000	     -0.127
  67.800	      5.349	   2365.778	    2365.778	    -29.363	      0.000	     -0.129
  68.000	      5.237	   2365.666	    2365.666	    -29.417	      0.000	     -0.129
  68.200	      5.126	   2365.555	    2365.555	    -29.429	      0.000	     -0.129
  68.400	      5.008	   2365.443	    2365.443	    -30.042	      0.000	     -0.134
  68.600	      4.883	   2365.327	    2365.327	    -31.087	      0.000	     -0.144
  68.800	      4.756	   2365.207	    2365.207	    -31.864	      0.000	     -0.151
  69.000	      4.625	   2365.085	    2365.085	    -32.776	      0.000	     -0.160
  69.200	      4.494	   2364.959	    2364.959	    -33.297	      0.000	     -0.165
  69.400	      4.368	   2364.833	    2364.833	    -33.246	      0.000	     -0.165
  69.600	      4.244	   2364.707	    2364.707	    -33.102	      0.000	     -0.163
  69.800	      4.118	   2364.582	    2364.582	    -33.134	      0.000	     -0.164
  70.000	      3.986	   2364.456	    2364.456	    -33.684	      0.000	     -0.169
  70.200	      3.849	   2364.326	    2364.326	    -34.466	      0.000	     -0.177
  70.400	      3.710	   2364.195	    2364.195	    -35.169	      0.000	     -0.184
  70.600	      3.566	   2364.060	    2364.060	    -36.060	      0.000	     -0.194
  70.800	      3.426	   2363.922	    2363.922	    -36.295	      0.000	     -0.197
  71.000	      3.292	   2363.785	    2363.785	    -36.021	      0.000	     -0.194
  71.200	      3.157	   2363.649	    2363.649	    -35.900	      0.000	     -0.192
  71.400	      3.021	   2363.513	    2363.513	    -35.873	      0.000	     -0.192
  71.600	      2.883	   2363.377	    2363.377	    -36.124	      0.000	     -0.194
  71.800	      2.739	   2363.239	    2363.239	    -36.692	      0.000	     -0.201
  72.000	      2.591	   2363.099	    2363.099	    -37.380	      0.000	     -0.208
  72.200	      2.440	   2362.956	    2362.956	    -38.079	      0.000	     -0.216
  72.400	      2.295	   2362.811	    2362.811	    -38.076	      0.000	     -0.216
  72.600	      2.154	   2362.667	    2362.667	    -37.832	      0.000	     -0.214
  72.800	      2.013	   2362.524	    2362.524	    -37.662	      0.000	     -0.212
  73.000	      1.874	   2362.382	    2362.382	    -37.338	      0.000	     -0.208
  73.200	      1.733	   2362.241	    2362.241	    -37.358	      0.000	     -0.208
  73.400	      1.584	   2362.098	    2362.098	    -37.926	      0.000	     -0.214
  73.600	      1.432	   2361.953	    2361.953	    -38.538	      0.000	     -0.221
  73.800	      1.280	   2361.806	    2361.806	    -38.968	      0.000	     -0.226
  74.000	      1.133	   2361.659	    2361.659	    -38.899	      0.000	     -0.226
  74.200	      0.989	   2361.512	    2361.512	    -38.623	      0.000	     -0.223
  74.400	      0.849	   2361.367	    2361.367	    -38.159	      0.000	     -0.217
  74.600	      0.712	   2361.223	    2361.223	    -37.619	      0.000	     -0.211
  74.800	      0.569	   2361.081	    2361.081	    -37.644	      0.000	     -0.211
  75.000	      0.420	   2360.937	    2360.937	    -38.155	      0.000	     -0.217
  75.200	      0.271	   2360.792	    2360.792	    -38.495	      0.000	     -0.221
  75.400	      0.122	   2360.646	    2360.646	    -38.730	      0.000	     -0.224
  75.600	     -0.024	   2360.499	    2360.499	    -38.672	      0.000	     -0.223
  75.800	     -0.165	   2360.353	    2360.353	    -38.223	      0.000	     -0.218
  76.000	     -0.301	   2360.209	    2360.209	    -37.539	      0.000	     -0.210
  76.200	     -0.437	   2360.068	    2360.068	    -37.048	      0.000	     -0.205
  76.400	     -0.577	   2359.928	    2359.928	    -37.029	      0.000	     -0.204
  76.600	     -0.720	   2359.787	    2359.787	    -37.277	      0.000	     -0.207
  76.800	     -0.863	   2359.646	    2359.646	    -37.431	      0.000	     -0.209
  77.000	     -1.009	   2359.503	    2359.503	    -37.692	      0.000	     -0.212
  77.200	     -1.151	   2359.360	    2359.360	    -37.607	      0.000	     -0.211
  77.400	     -1.285	   2359.219	    2359.219	    -36.937	      0.000	     -0.204
  77.600	     -1.415	   2359.081	    2359.081	    -36.219	      0.000	     -0.196
  77.800	     -1.546	   2358.944	    2358.944	    -35.733	      0.000	     -0.191
  78.000	     -1.678	   2358.810	    2358.810	    -35.449	      0.000	     -0.187
  78.200	     -1.813	   2358.675	    2358.675	    -35.526	      0.000	     -0.188
  78.400	     -1.950	   2358.540	    2358.540	    -35.735	      0.000	     -0.190
  78.600	     -2.089	   2358.404	    2358.404	    -35.976	      0.000	     -0.193
  78.800	     -2.222	   2358.268	    2358.268	    -35.690	      0.000	     -0.190
  79.000	     -2.347	   2358.135	    2358.135	    -34.883	      0.000	     -0.182
  79.200	     -2.471	   2358.004	    2358.004	    -34.208	      0.000	     -0.175
  79.400	     -2.593	   2357.875	    2357.875	    -33.600	      0.000	     -0.169
  79.600	     -2.715	   2357.749	    2357.749	    -33.132	      0.000	     -0.164
  79.800	     -2.842	   2357.623	    2357.623	    -33.297	      0.000	     -0.165
  80.000	     -2.971	   2357.496	    2357.496	    -33.514	      0.000	     -0.168
  80.200	     -3.099	   2357.369	    2357.369	    -33.543	      0.000	     -0.168
  80.400	     -3.221	   2357.243	    2357.243	    -33.141	      0.000	     -0.164
  80.600	     -3.338	   2357.119	    2357.119	    -32.406	      0.000	     -0.157
  80.800	     -3.453	   2356.997	    2356.997	    -31.736	      0.000	     -0.150
  81.000	     -3.565	   2356.878	    2356.878	    -30.962	      0.000	     -0.143
  81.200	     -3.676	   2356.762	    2356.762	    -30.487	      0.000	     -0.139
  81.400	     -3.794	   2356.646	    2356.646	    -30.690	      0.000	     -0.141
  81.600	     -3.911	   2356.530	    2356.530	    -30.700	      0.000	     -0.141
  81.800	     -4.026	   2356.414	    2356.414	    -30.601	      0.000	     -0.140
  82.000	     -4.139	   2356.298	    2356.298	    -30.304	      0.000	     -0.137
  82.200	     -4.246	   2356.185	    2356.185	    -29.590	      0.000	     -0.131
  82.400	     -4.349	   2356.074	    2356.074	    -28.751	      0.000	     -0.123
  82.600	     -4.449	   2355.967	    2355.967	    -27.882	      0.000	     -0.116
  82.800	     -4.550	   2355.862	    2355.862	    -27.464	      0.000	     -0.113
  83.000	     -4.655	   2355.758	    2355.758	    -27.571	      0.000	     -0.113
  83.200	     -4.759	   2355.654	    2355.654	    -27.441	      0.000	     -0.112
  83.400	     -4.863	   2355.550	    2355.550	    -27.452	      0.000	     -0.112
  83.600	     -4.965	   2355.446	    2355.446	    -27.200	      0.000	     -0.111
  83.800	     -5.059	   2355.345	    2355.345	    -26.308	      0.000	     -0.103
  84.000	     -5.150	   2355.247	    2355.247	    -25.373	      0.000	     -0.096
  84.200	     -5.238	   2355.152	    2355.152	    -24.593	      0.000	     -0.090
  84.400	     -5.328	   2355.060	    2355.060	    -24.180	      0.000	     -0.087
  84.600	     -5.419	   2354.968	    2354.968	    -24.136	      0.000	     -0.087
  84.800	     -5.509	   2354.877	    2354.877	    -24.024	      0.000	     -0.086
  85.000	     -5.600	   2354.786	    2354.786	    -24.080	      0.000	     -0.087
  85.200	     -5.688	   2354.695	    2354.695	    -23.650	      0.000	     -0.084
  85.400	     -5.769	   2354.608	    2354.608	    -22.651	      0.000	     -0.077
  85.600	     -5.848	   2354.523	    2354.523	    -21.815	      0.000	     -0.071
  85.800	     -5.924	   2354.442	    2354.442	    -21.057	      0.000	     -0.066
  86.000	     -5.999	   2354.364	    2354.364	    -20.471	      0.000	     -0.063
  86.200	     -6.075	   2354.287	    2354.287	    -20.333	      0.000	     -0.062
  86.400	     -6.152	   2354.210	    2354.210	    -20.283	      0.000	     -0.061
  86.600	     -6.229	   2354.133	    2354.133	    -20.242	      0.000	     -0.061
  86.800	     -6.301	   2354.057	    2354.057	    -19.687	      0.000	     -0.058
  87.000	     -6.369	   2353.984	    2353.984	    -18.799	      0.000	     -0.053
  87.200	     -6.434	   2353.914	    2353.914	    -17.991	      0.000	     -0.048
  87.400	     -6.496	   2353.848	    2353.848	    -17.055	      0.000	     -0.044
  87.600	     -6.555	   2353.785	    2353.785	    -16.356	      0.000	     -0.040
  87.800	     -6.617	   2353.723	    2353.723	    -16.290	      0.000	     -0.040
  88.000	     -6.678	   2353.661	    2353.661	    -16.242	      0.000	     -0.039
  88.200	     -6.739	   2353.600	    2353.600	    -16.045	      0.000	     -0.038
  88.400	     -6.796	   2353.540	    2353.540	    -15.511	      0.000	     -0.036
  88.600	     -6.849	   2353.483	    2353.483	    -14.661	      0.000	     -0.032
  88.800	     -6.899	   2353.429	    2353.429	    -13.659	      0.000	     -0.028
  89.000	     -6.944	   2353.379	    2353.379	    -12.607	      0.000	     -0.024
  89.200	     -6.988	   2353.333	    2353.333	    -11.983	      0.000	     -0.021
  89.400	     -7.033	   2353.288	    2353.288	    -11.919	      0.000	     -0.021
  89.600	     -7.077	   2353.243	    2353.243	    -11.699	      0.000	     -0.020
  89.800	     -7.120	   2353.199	    2353.199	    -11.401	      0.000	     -0.019
  90.000	     -7.161	   2353.157	    2353.157	    -10.927	      0.000	     -0.018
  90.200	     -7.198	   2353.117	    2353.117	     -9.975	      0.000	     -0.015
  90.400	     -7.230	   2353.081	    2353.081	     -8.833	      0.000	     -0.012
  90.600	     -7.260	   2353.050	    2353.050	     -7.880	      0.000	     -0.009
  90.800	     -7.287	   2353.021	    2353.021	     -7.264	      0.000	     -0.008
  91.000	     -7.313	   2352.994	    2352.994	     -7.011	      0.000	     -0.007
  91.200	     -7.338	   2352.968	    2352.968	     -6.683	      0.000	     -0.007
  91.400	     -7.363	   2352.943	    2352.943	     -6.453	      0.000	     -0.006
  91.600	     -7.386	   2352.919	    2352.919	     -5.984	      0.000	     -0.005
  91.800	     -7.405	   2352.899	    2352.899	     -4.881	      0.000	     -0.004
  92.000	     -7.419	   2352.883	    2352.883	     -3.752	      0.000	     -0.002
  92.200	     -7.431	   2352.870	    2352.870	     -2.834	      0.000	     -0.001
  92.400	     -7.439	   2352.861	    2352.861	     -2.015	      0.000	     -0.001
  92.600	     -7.446	   2352.854	    2352.854	     -1.648	      0.000	     -0.000
  92.800	     -7.452	   2352.849	    2352.849	     -1.408	      0.000	     -0.000
  93.000	     -7.457	   2352.844	    2352.844	     -1.187	      0.000	     -0.000
  93.200	     -7.460	   2352.840	    2352.840	     -0.566	      0.000	     -0.000
  93.400	     -7.460	   2352.840	    2352.840	      0.619	      0.000	      0.000
  93.600	     -7.455	   2352.845	    2352.845	      1.684	      0.000	      0.000
  93.800	     -7.446	   2352.853	    2352.853	      2.693	      0.000	      0.001
  94.000	     -7.433	   2352.865	    2352.865	      3.639	      0.000	      0.002
  94.200	     -7.419	   2352.879	    2352.879	      3.892	      0.000	      0.002
  94.400	     -7.403	   2352.894	    2352.894	      4.095	      0.000	      0.002
  94.600	     -7.387	   2352.910	    2352.910	      4.476	      0.000	      0.003
  94.800	     -7.367	   2352.929	    2352.929	      5.166	      0.000	      0.004
  95.000	     -7.344	   2352.950	    2352.950	      6.249	      0.000	      0.006
  95.200	     -7.316	   2352.976	    2352.976	      7.287	      0.000	      0.008
  95.400	     -7.284	   2353.005	    2353.005	      8.410	      0.000	      0.010
  95.600	     -7.248	   2353.039	    2353.039	      9.310	      0.000	      0.013
  95.800	     -7.211	   2353.075	    2353.075	      9.493	      0.000	      0.013
  96.000	     -7.174	   2353.112	    2353.112	      9.845	      0.000	      0.014
  96.200	     -7.134	   2353.150	    2353.150	     10.289	      0.000	      0.016
  96.400	     -7.093	   2353.190	    2353.190	     10.834	      0.000	      0.017
  96.600	     -7.047	   2353.233	    2353.233	     11.851	      0.000	      0.021
  96.800	     -6.995	   2353.280	    2353.280	     12.997	      0.000	      0.025
  97.000	     -6.939	   2353.331	    2353.331	     14.142	      0.000	      0.030
  97.200	     -6.880	   2353.387	    2353.387	     14.928	      0.000	      0.033
  97.400	     -6.822	   2353.443	    2353.443	     15.151	      0.000	      0.034
  97.600	     -6.762	   2353.501	    2353.501	     15.555	      0.000	      0.036
  97.800	     -6.702	   2353.561	    2353.561	     15.819	      0.000	      0.037
  98.000	     -6.639	   2353.621	    2353.621	     16.258	      0.000	      0.039
  98.200	     -6.570	   2353.685	    2353.685	     17.359	      0.000	      0.045
  98.400	     -6.496	   2353.753	    2353.753	     18.511	      0.000	      0.051
  98.600	     -6.418	   2353.825	    2353.825	     19.489	      0.000	      0.057
  98.800	     -6.339	   2353.900	    2353.900	     20.187	      0.000	      0.061
  99.000	     -6.260	   2353.977	    2353.977	     20.461	      0.000	      0.062
  99.200	     -6.180	   2354.056	    2354.056	     20.737	      0.000	      0.064
  99.400	     -6.101	   2354.135	    2354.135	     20.862	      0.000	      0.065
  99.600	     -6.018	   2354.214	    2354.214	     21.371	      0.000	      0.068
  99.800	     -5.928	   2354.297	    2354.297	     22.451	      0.000	      0.075
 100.000	     -5.834	   2354.384	    2354.384	     23.399	      0.000	      0.082
