    时间	    开度值	      蜗壳压力	      尾水管压力	    流量	      转速	      出力	  单位转速	  单位流量	  单位力矩	球阀前压力	球阀后压力	蜗壳进口压力	尾水管出口压力
   0.000	   0.732	       513.722	        52.228	    74.634	   428.600	   306.160	    84.775	     0.199	    20.815	452.023297	451.516968	513.721800	2324.567598
   0.400	   0.726	       528.249	        50.425	    74.055	   445.116	   308.183	    87.130	     0.196	    19.760	457.821814	457.821814	527.626341	2323.215873
   0.800	   0.716	       534.934	        48.121	    73.137	   461.136	   308.189	    89.356	     0.191	    18.691	464.139254	464.139254	533.988459	2321.633520
   1.200	   0.706	       542.989	        49.133	    72.247	   476.614	   308.304	    91.632	     0.187	    17.808	472.379262	472.379262	542.233688	2320.587485
   1.600	   0.696	       550.980	        50.391	    71.249	   491.587	   306.772	    93.806	     0.184	    16.925	480.938896	480.938896	550.739445	2321.059576
   2.000	   0.686	       558.853	        50.426	    70.008	   505.965	   301.027	    95.724	     0.179	    15.861	487.543179	487.543179	557.743494	2321.031986
   2.400	   0.676	       567.136	        48.414	    68.520	   519.602	   291.079	    97.230	     0.173	    14.610	494.840211	494.840211	565.487455	2318.668002
   2.800	   0.666	       576.754	        45.269	    66.395	   532.332	   272.465	    98.287	     0.165	    12.996	504.195104	504.195104	574.744263	2315.105256
   3.200	   0.656	       586.904	        41.060	    63.014	   543.505	   239.004	    98.856	     0.155	    10.836	513.543079	513.543079	584.214246	2309.539181
   3.600	   0.646	       598.176	        41.733	    59.889	   553.068	   209.346	    99.499	     0.145	     9.125	523.708571	523.708571	594.888152	2308.835527
   4.000	   0.636	       610.365	        47.883	    56.497	   561.218	   177.873	   100.296	     0.136	     7.539	537.359290	537.359290	608.346815	2313.974893
   4.400	   0.626	       617.753	        49.869	    53.560	   568.087	   152.857	   100.938	     0.128	     6.327	545.796968	545.796968	616.285182	2315.307672
   4.800	   0.615	       623.894	        49.516	    51.059	   573.982	   133.212	   101.323	     0.122	     5.387	551.082678	551.082678	621.755528	2313.239663
   5.200	   0.605	       629.340	        49.573	    48.274	   578.997	   112.369	   101.647	     0.114	     4.455	554.702682	554.702682	625.903106	2312.173935
   5.600	   0.595	       628.126	        45.542	    44.332	   582.984	    84.260	   101.993	     0.105	     3.295	553.635631	553.635631	624.851240	2308.075317
   6.000	   0.585	       626.809	        41.190	    40.312	   585.845	    57.936	   102.129	     0.095	     2.239	552.395353	552.395353	623.563791	2303.868742
   6.400	   0.575	       633.770	        45.151	    35.982	   587.648	    31.580	   102.088	     0.084	     1.208	559.014734	559.014734	630.539801	2305.621670
   6.800	   0.565	       639.887	        47.971	    31.347	   588.409	     5.332	   101.847	     0.073	     0.202	564.140908	564.140908	635.613209	2307.252276
   7.200	   0.555	       643.874	        48.392	    27.635	   588.269	   -13.273	   101.456	     0.064	    -0.500	569.507228	569.507228	640.722595	2306.644073
   7.600	   0.545	       648.918	        50.190	    23.811	   587.389	   -32.015	   100.975	     0.055	    -1.200	575.075136	575.075136	646.263014	2307.615336
   8.000	   0.535	       649.323	        46.890	    19.544	   585.705	   -54.647	   100.326	     0.045	    -2.039	574.300990	574.300990	645.936381	2305.102273
   8.400	   0.525	       649.108	        41.026	    14.629	   582.865	   -87.745	    99.330	     0.034	    -3.256	575.246807	575.246807	646.850265	2298.033815
   8.800	   0.515	       653.361	        38.533	     8.988	   578.765	  -113.667	    98.054	     0.021	    -4.199	575.612109	575.612109	648.044614	2295.160488
   9.200	   0.504	       657.117	        36.091	     2.335	   573.539	  -146.302	    96.664	     0.005	    -5.397	578.888432	578.888432	651.705122	2293.287469
   9.600	   0.494	       658.531	        35.017	    -3.895	   566.705	  -187.509	    95.324	    -0.009	    -6.973	582.517123	582.517123	654.565940	2292.905216
  10.000	   0.484	       653.281	        44.432	    -8.844	   558.022	  -227.835	    95.002	    -0.020	    -8.814	578.480159	578.480159	649.520713	2301.391083
  10.400	   0.474	       641.066	        58.727	   -11.755	   547.800	  -252.093	    95.378	    -0.028	   -10.391	567.273282	567.273282	638.064094	2314.290167
  10.800	   0.464	       619.137	        63.535	   -13.008	   536.724	  -255.680	    95.682	    -0.031	   -11.276	547.170232	547.170232	617.869335	2319.092927
  11.200	   0.454	       595.037	        61.441	   -12.963	   525.619	  -242.895	    95.616	    -0.032	   -11.390	526.704693	526.704693	596.039893	2316.873458
  11.600	   0.444	       579.060	        64.041	   -12.494	   515.001	  -225.815	    95.358	    -0.031	   -11.197	509.818214	509.818214	579.538123	2318.904356
  12.000	   0.434	       566.525	        67.604	   -11.788	   504.969	  -207.313	    94.993	    -0.030	   -10.821	497.866231	497.866231	567.283990	2322.269427
  12.400	   0.424	       562.803	        73.205	    -9.304	   495.964	  -171.826	    94.168	    -0.024	    -9.302	497.474582	497.474582	566.225470	2326.609400
  12.800	   0.414	       562.462	        80.806	    -5.971	   488.638	  -135.058	    93.523	    -0.015	    -7.541	496.523225	496.523225	565.192695	2334.472500
  13.200	   0.404	       553.655	        81.963	    -1.835	   482.989	   -99.138	    93.403	    -0.005	    -5.718	488.055141	488.055141	556.734894	2335.785704
  13.600	   0.393	       535.410	        76.879	     2.245	   478.810	   -74.688	    93.915	     0.006	    -4.470	469.236393	469.236393	537.715170	2330.748672
  14.000	   0.383	       518.906	        68.743	     4.804	   475.584	   -59.701	    94.151	     0.013	    -3.664	448.009978	448.009978	518.181834	2322.706258
  14.400	   0.373	       502.172	        54.281	     4.504	   472.682	   -58.972	    93.813	     0.012	    -3.660	430.967842	430.967842	501.612266	2308.414783
  14.800	   0.363	       489.512	        40.881	     2.573	   469.597	   -67.320	    93.119	     0.007	    -4.199	418.344402	418.344402	488.721060	2297.872211
  15.200	   0.353	       495.587	        47.187	     0.284	   465.976	   -77.262	    92.423	     0.001	    -4.858	424.280795	424.280795	495.193045	2303.028963
  15.600	   0.343	       504.863	        58.618	    -1.729	   461.838	   -84.798	    91.824	    -0.005	    -5.406	432.408481	432.408481	503.086208	2313.150161
  16.000	   0.333	       505.067	        64.338	    -1.219	   457.638	   -80.036	    91.556	    -0.003	    -5.214	435.924883	435.924883	505.691629	2318.317507
  16.400	   0.323	       499.885	        64.717	    -0.623	   453.714	   -73.868	    91.349	    -0.002	    -4.916	431.009265	431.009265	500.581568	2318.937548
  16.800	   0.313	       483.863	        52.777	    -1.069	   449.979	   -72.699	    91.025	    -0.003	    -4.924	411.720949	411.720949	482.267035	2308.949479
  17.200	   0.303	       466.562	        38.616	    -3.593	   445.934	   -83.938	    90.541	    -0.010	    -5.780	394.092708	394.092708	465.000503	2294.614011
  17.600	   0.293	       450.778	        35.703	    -7.425	   440.816	  -110.419	    90.894	    -0.021	    -7.932	374.341168	374.341168	446.172889	2292.138838
  18.000	   0.282	       442.228	        48.721	   -10.190	   434.279	  -129.452	    91.987	    -0.029	    -9.961	370.204911	370.204911	440.767852	2303.883741
  18.400	   0.272	       445.350	        65.955	   -10.414	   427.157	  -126.435	    92.149	    -0.030	   -10.260	376.798586	376.798586	446.203998	2321.017813
  18.800	   0.262	       455.097	        75.938	    -7.796	   420.723	  -101.406	    90.771	    -0.023	    -8.356	388.925888	388.925888	458.082484	2330.332087
  19.200	   0.252	       459.489	        81.035	    -3.027	   415.979	   -66.648	    89.811	    -0.009	    -5.563	396.153492	396.153492	464.274820	2333.105477
  19.600	   0.242	       456.197	        85.210	     2.774	   413.081	   -38.111	    90.078	     0.008	    -3.268	392.194050	392.194050	460.326751	2337.088355
  20.000	   0.232	       447.657	        82.568	     8.287	   411.613	   -15.267	    90.504	     0.025	    -1.336	384.520708	384.520708	452.101166	2336.263976
  20.400	   0.222	       442.738	        73.303	    12.953	   411.312	     3.804	    89.943	     0.038	     0.329	380.532614	380.532614	448.303227	2326.705101
  20.800	   0.212	       452.351	        68.620	    16.850	   412.121	    23.469	    88.465	     0.049	     1.954	383.954293	383.954293	453.412575	2322.946338
  21.200	   0.202	       479.575	        67.885	    19.321	   413.933	    40.285	    85.807	     0.054	     3.115	410.916137	410.916137	480.666681	2322.538100
  21.600	   0.192	       508.219	        62.243	    21.120	   416.701	    57.961	    83.006	     0.057	     4.111	440.957886	440.957886	510.045346	2318.057318
  22.000	   0.182	       542.943	        58.899	    22.585	   420.457	    75.059	    80.400	     0.058	     4.862	474.714276	474.714276	543.827541	2314.937504
  22.400	   0.171	       567.503	        55.387	    22.547	   424.843	    80.573	    78.973	     0.057	     4.881	496.767800	496.767800	566.972474	2312.124806
  22.800	   0.161	       577.360	        48.553	    21.708	   429.240	    78.384	    78.509	     0.054	     4.550	505.777180	505.777180	576.611243	2305.152604
  23.200	   0.151	       579.513	        46.494	    20.119	   433.269	    68.488	    78.915	     0.049	     3.906	506.790080	506.790080	577.478383	2302.941154
  23.600	   0.141	       577.155	        48.490	    17.982	   436.607	    53.397	    79.831	     0.044	     3.045	504.818239	504.818239	575.284433	2305.132135
  24.000	   0.131	       575.905	        49.190	    16.052	   439.118	    40.539	    80.423	     0.040	     2.306	504.930565	504.930565	575.151752	2305.813808
  24.400	   0.121	       582.855	        51.322	    14.734	   441.076	    33.099	    80.404	     0.036	     1.857	510.874293	510.874293	581.665047	2307.234220
  24.800	   0.111	       593.692	        55.092	    13.618	   442.664	    27.252	    80.155	     0.033	     1.503	521.367767	521.367767	592.223263	2310.224480
  25.200	   0.101	       599.985	        54.273	    12.514	   443.951	    21.361	    79.855	     0.030	     1.160	529.255776	529.255776	599.436288	2310.206995
  25.600	   0.091	       609.113	        48.298	    10.781	   444.841	    10.539	    78.920	     0.026	     0.555	537.180179	537.180179	607.864697	2304.780639
  26.000	   0.081	       613.322	        44.675	     8.520	   445.003	    -4.491	    78.393	     0.020	    -0.233	539.866467	539.866467	610.958467	2300.212577
  26.400	   0.071	       615.764	        45.580	     5.549	   444.284	   -22.891	    78.152	     0.013	    -1.187	541.769363	541.769363	612.872479	2301.248057
  26.800	   0.060	       624.020	        41.771	     1.508	   442.494	   -46.230	    77.020	     0.004	    -2.358	548.906801	548.906801	620.555807	2298.595500
  27.200	   0.050	       632.609	        31.153	    -3.808	   439.261	   -76.489	    75.229	    -0.009	    -3.804	557.956480	557.956480	629.383110	2287.866691
  27.600	   0.040	       611.528	        49.263	    -4.851	   434.577	   -92.266	    76.979	    -0.012	    -4.962	541.521808	541.521808	611.679863	2304.028563
  28.000	   0.030	       608.333	        79.876	    -5.587	   429.427	   -95.389	    78.465	    -0.014	    -5.524	538.207408	538.207408	608.254001	2334.227955
  28.400	   0.020	       583.553	        72.248	    -4.102	   424.483	   -81.633	    78.848	    -0.010	    -4.942	515.179144	515.179144	584.606149	2326.303645
  28.800	   0.010	       569.538	        53.920	    -2.161	   420.463	   -62.257	    77.771	    -0.005	    -3.773	502.812032	502.812032	571.633759	2308.321079
  29.200	   0.000	       561.762	        66.304	     0.000	   417.576	   -39.008	    78.735	    -0.000	    -2.603	494.457507	494.457507	563.582436	2320.719331
  29.600	   0.000	       558.083	        68.304	     0.000	   415.388	   -38.398	    78.707	     0.000	    -2.472	488.627325	488.627325	558.743478	2327.585739
  30.000	   0.000	       590.455	        67.904	     0.000	   413.223	   -37.801	    76.057	     0.000	    -2.308	519.637635	519.637635	590.141824	2313.776117
  30.400	   0.000	       595.059	        65.904	     0.000	   411.081	   -37.216	    75.190	     0.000	    -2.256	525.441929	525.441929	595.059320	2311.494214
  30.800	   0.000	       622.185	        63.904	     0.000	   408.960	   -36.643	    72.760	     0.000	    -2.112	551.900005	551.900005	621.908545	2314.956287
  31.200	   0.000	       606.717	        61.904	     0.000	   406.861	   -36.082	    73.199	     0.000	    -2.138	537.083453	537.083453	606.998791	2315.864914
  31.600	   0.000	       589.963	        60.771	     0.000	   404.784	   -35.532	    73.792	     0.000	    -2.173	520.126648	520.126648	590.289158	2315.515255
  32.000	   0.000	       568.739	        62.191	     0.000	   402.728	   -34.993	    75.014	     0.000	    -2.245	498.688853	498.688853	568.706471	2316.941383
  32.400	   0.000	       538.807	        63.576	     0.000	   400.692	   -34.465	    77.107	     0.000	    -2.372	468.251469	468.251469	538.232660	2318.323397
  32.800	   0.000	       543.299	        62.842	     0.000	   398.677	   -33.948	    76.607	     0.000	    -2.342	471.705454	471.705454	542.134921	2317.591709
  33.200	   0.000	       530.998	        62.320	     0.000	   396.683	   -33.441	    77.220	     0.000	    -2.379	460.519150	460.519150	530.246613	2317.076779
  33.600	   0.000	       568.717	        63.837	     0.000	   394.708	   -32.944	    73.900	     0.000	    -2.179	498.049707	498.049707	568.312974	2318.600494
  34.000	   0.000	       575.570	        65.058	     0.000	   392.752	   -32.457	    72.997	     0.000	    -2.126	505.422791	505.422791	575.707580	2319.794271
  34.400	   0.000	       567.134	        64.319	     0.000	   390.816	   -31.979	    73.122	     0.000	    -2.134	497.283030	497.283030	567.186278	2319.071709
  34.800	   0.000	       552.807	        64.063	     0.000	   388.899	   -31.511	    73.855	     0.000	    -2.177	481.395289	481.395289	551.979200	2318.831232
  35.200	   0.000	       514.853	        65.675	     0.000	   387.000	   -31.051	    76.552	     0.000	    -2.338	443.804821	443.804821	514.108763	2320.431031
  35.600	   0.000	       504.758	        66.704	     0.000	   385.121	   -30.601	    77.254	     0.000	    -2.381	434.831516	434.831516	504.709030	2321.435462
  36.000	   0.000	       466.834	        65.949	     0.000	   383.259	   -30.159	    80.490	     0.000	    -2.585	398.587664	398.587664	467.624501	2320.700698
  36.400	   0.000	       492.114	        65.942	     0.000	   381.415	   -29.726	    77.646	     0.000	    -2.406	422.981176	422.981176	492.803324	2320.706305
  36.800	   0.000	       519.617	        67.614	     0.000	   379.589	   -29.301	    75.044	     0.000	    -2.247	449.626234	449.626234	519.979081	2322.370493
  37.200	   0.000	       540.373	        68.427	     0.000	   377.780	   -28.884	    73.083	     0.000	    -2.131	470.347714	470.347714	540.479624	2323.165746
  37.600	   0.000	       553.145	        67.656	     0.000	   375.988	   -28.475	    71.639	     0.000	    -2.048	483.317698	483.317698	553.185798	2322.407643
  38.000	   0.000	       528.236	        67.875	     0.000	   374.213	   -28.074	    73.128	     0.000	    -2.134	459.871959	459.871959	529.039160	2322.632391
  38.400	   0.000	       528.222	        69.582	     0.000	   372.455	   -27.680	    72.976	     0.000	    -2.125	458.982995	458.982995	528.691487	2324.332939
  38.800	   0.000	       490.731	        70.161	     0.000	   370.714	   -27.294	    75.875	     0.000	    -2.297	421.825424	421.825424	491.313848	2324.908121
  39.200	   0.000	       493.178	        69.355	     0.000	   368.988	   -26.914	    75.121	     0.000	    -2.252	424.026650	424.026650	493.958019	2324.105493
  39.600	   0.000	       512.313	        69.788	     0.000	   367.279	   -26.542	    73.397	     0.000	    -2.150	441.782487	441.782487	512.291033	2324.537895
  40.000	   0.000	       537.112	        71.505	     0.000	   365.585	   -26.177	    71.413	     0.000	    -2.035	466.256421	466.256421	536.416146	2326.251376
  40.400	   0.000	       571.348	        71.846	     0.000	   363.907	   -25.818	    68.539	     0.000	    -1.874	500.243163	500.243163	570.776713	2326.594563
  40.800	   0.000	       569.663	        70.982	     0.000	   362.244	   -25.465	    68.094	     0.000	    -1.850	499.941483	499.941483	569.866304	2325.733862
  41.200	   0.000	       581.118	        71.605	     0.000	   360.596	   -25.120	    67.094	     0.000	    -1.796	510.926113	510.926113	581.001608	2326.357016
  41.600	   0.000	       561.866	        73.317	     0.000	   358.964	   -24.780	    68.245	     0.000	    -1.858	491.063280	491.063280	561.415745	2328.066582
  42.000	   0.000	       553.995	        73.423	     0.000	   357.346	   -24.446	    68.415	     0.000	    -1.868	483.055955	483.055955	553.472554	2328.169504
  42.400	   0.000	       551.069	        72.501	     0.000	   355.742	   -24.119	    68.360	     0.000	    -1.865	479.677143	479.677143	550.166894	2327.250895
  42.800	   0.000	       543.291	        73.286	     0.000	   354.153	   -23.797	    68.724	     0.000	    -1.885	473.197859	473.197859	543.043320	2328.041850
  43.200	   0.000	       558.884	        74.986	     0.000	   352.578	   -23.481	    67.398	     0.000	    -1.813	489.455611	489.455611	559.149866	2329.736253
  43.600	   0.000	       563.886	        74.857	     0.000	   351.017	   -23.170	    66.729	     0.000	    -1.777	493.619323	493.619323	563.709158	2329.598389
  44.000	   0.000	       577.759	        73.883	     0.000	   349.469	   -22.865	    65.414	     0.000	    -1.707	506.446054	506.446054	577.135816	2328.630715
  44.400	   0.000	       568.638	        74.814	     0.000	   347.936	   -22.565	    65.752	     0.000	    -1.725	498.849865	498.849865	568.871259	2329.571946
  44.800	   0.000	       568.192	        76.478	     0.000	   346.415	   -22.271	    65.524	     0.000	    -1.713	498.935829	498.935829	568.676369	2331.227599
  45.200	   0.000	       572.613	        76.113	     0.000	   344.908	   -21.981	    65.048	     0.000	    -1.688	502.805730	502.805730	572.548724	2330.857648
  45.600	   0.000	       556.185	        75.116	     0.000	   343.414	   -21.697	    65.828	     0.000	    -1.729	486.852414	486.852414	556.305310	2329.868748
  46.000	   0.000	       551.468	        76.195	     0.000	   341.933	   -21.418	    65.888	     0.000	    -1.732	482.121017	482.121017	552.041826	2330.947365
  46.400	   0.000	       549.131	        77.769	     0.000	   340.464	   -21.143	    65.798	     0.000	    -1.728	480.135365	480.135365	549.866453	2332.512007
  46.800	   0.000	       563.609	        77.186	     0.000	   339.008	   -20.873	    64.545	     0.000	    -1.662	493.690018	493.690018	563.845693	2331.936689
  47.200	   0.000	       559.648	        76.226	     0.000	   337.565	   -20.607	    64.486	     0.000	    -1.659	490.064434	490.064434	560.043997	2330.985067
  47.600	   0.000	       555.354	        77.422	     0.000	   336.134	   -20.346	    64.492	     0.000	    -1.660	486.100560	486.100560	555.815229	2332.168272
  48.000	   0.000	       562.708	        78.834	     0.000	   334.714	   -20.090	    63.909	     0.000	    -1.630	493.224029	493.224029	562.828514	2333.571530
  48.400	   0.000	       556.729	        78.085	     0.000	   333.307	   -19.837	    63.995	     0.000	    -1.634	487.625733	487.625733	557.067692	2332.839654
  48.800	   0.000	       553.356	        77.236	     0.000	   331.912	   -19.589	    63.908	     0.000	    -1.630	483.239241	483.239241	553.339645	2331.999716
  49.200	   0.000	       546.310	        78.484	     0.000	   330.528	   -19.345	    64.178	     0.000	    -1.644	475.513950	475.513950	545.955747	2333.231062
  49.600	   0.000	       555.236	        79.671	     0.000	   329.155	   -19.105	    63.382	     0.000	    -1.603	484.264235	484.264235	554.832484	2334.408482
  50.000	   0.000	       555.753	        78.829	     0.000	   327.794	   -18.869	    63.127	     0.000	    -1.590	485.716365	485.716365	555.591718	2333.578834
  50.400	   0.000	       551.739	        78.155	     0.000	   326.445	   -18.637	    62.983	     0.000	    -1.583	481.165580	481.165580	551.324832	2332.913925
  50.800	   0.000	       553.361	        79.383	     0.000	   325.106	   -18.409	    62.762	     0.000	    -1.572	482.396756	482.396756	552.561287	2334.135824
  51.200	   0.000	       549.003	        80.300	     0.000	   323.778	   -18.184	    62.911	     0.000	    -1.579	478.209530	478.209530	548.415093	2335.044727
  51.600	   0.000	       551.419	        79.422	     0.000	   322.461	   -17.963	    62.380	     0.000	    -1.553	480.743199	480.743199	551.182957	2334.165928
  52.000	   0.000	       548.931	        78.955	     0.000	   321.155	   -17.746	    62.154	     0.000	    -1.541	479.533262	479.533262	549.271215	2333.704281
  52.400	   0.000	       553.061	        80.124	     0.000	   319.859	   -17.532	    61.839	     0.000	    -1.526	482.382507	482.382507	552.503074	2334.882970
  52.800	   0.000	       550.116	        80.759	     0.000	   318.574	   -17.321	    61.893	     0.000	    -1.529	479.499818	479.499818	549.664124	2335.514367
  53.200	   0.000	       549.076	        79.863	     0.000	   317.298	   -17.114	    61.514	     0.000	    -1.510	479.227064	479.227064	549.221091	2334.604145
  53.600	   0.000	       552.229	        79.592	     0.000	   316.034	   -16.910	    61.001	     0.000	    -1.485	482.754282	482.754282	552.440691	2334.333321
  54.000	   0.000	       546.184	        80.715	     0.000	   314.779	   -16.709	    61.243	     0.000	    -1.497	476.664008	476.664008	546.641231	2335.471759
  54.400	   0.000	       545.135	        81.087	     0.000	   313.534	   -16.512	    61.138	     0.000	    -1.491	475.794451	475.794451	545.676801	2335.846292
  54.800	   0.000	       549.565	        80.138	     0.000	   312.299	   -16.318	    60.483	     0.000	    -1.460	480.213888	480.213888	550.046577	2334.884058
  55.200	   0.000	       555.380	        80.029	     0.000	   311.073	   -16.126	    59.941	     0.000	    -1.434	485.817362	485.817362	555.355854	2334.770792
  55.600	   0.000	       546.965	        81.146	     0.000	   309.857	   -15.938	    60.352	     0.000	    -1.453	477.807566	477.807566	547.312587	2335.895855
  56.000	   0.000	       542.779	        81.286	     0.000	   308.651	   -15.752	    60.375	     0.000	    -1.455	473.000839	473.000839	543.082257	2336.040736
  56.400	   0.000	       549.861	        80.235	     0.000	   307.454	   -15.570	    59.550	     0.000	    -1.415	480.266165	480.266165	550.176297	2334.989744
  56.800	   0.000	       553.984	        80.256	     0.000	   306.266	   -15.390	    59.090	     0.000	    -1.393	483.499858	483.499858	553.976320	2335.005523
  57.200	   0.000	       547.664	        81.397	     0.000	   305.087	   -15.213	    59.288	     0.000	    -1.403	478.654011	478.654011	548.099456	2336.139725
  57.600	   0.000	       549.267	        81.321	     0.000	   303.918	   -15.039	    58.952	     0.000	    -1.387	479.642021	479.642021	549.462847	2336.067193
  58.000	   0.000	       558.538	        80.146	     0.000	   302.757	   -14.867	    58.297	     0.000	    -1.356	487.416968	487.416968	557.411601	2334.904705
  58.400	   0.000	       555.128	        80.278	     0.000	   301.605	   -14.698	    58.119	     0.000	    -1.348	484.877669	484.877669	555.251253	2335.035577
  58.800	   0.000	       547.399	        81.426	     0.000	   300.462	   -14.532	    58.490	     0.000	    -1.365	477.292287	477.292287	547.377725	2336.168654
  59.200	   0.000	       546.305	        81.120	     0.000	   299.328	   -14.368	    58.208	     0.000	    -1.352	476.124777	476.124777	546.427956	2335.860801
  59.600	   0.000	       551.956	        79.830	     0.000	   298.202	   -14.206	    57.703	     0.000	    -1.329	480.196040	480.196040	551.321926	2334.585320
  60.000	   0.000	       544.118	        80.072	     0.000	   297.084	   -14.047	    57.930	     0.000	    -1.339	474.039164	474.039164	544.031034	2334.831417
