    时间	    汇点水头	    大井水位	    升管水位	    大井流量	    升管流量	    底板压差
   0.000	      0.643	   2345.643	    2345.643	      0.000	      0.000	      0.000
   0.400	      0.642	   2345.642	    2345.642	     -0.091	      0.000	     -0.000
   0.800	      0.636	   2345.636	    2345.636	     -1.330	      0.000	     -0.000
   1.200	      0.620	   2345.621	    2345.621	     -2.354	      0.000	     -0.001
   1.600	      0.595	   2345.597	    2345.597	     -3.637	      0.000	     -0.002
   2.000	      0.567	   2345.569	    2345.569	     -4.286	      0.000	     -0.003
   2.400	      0.528	   2345.533	    2345.533	     -5.741	      0.000	     -0.005
   2.800	      0.473	   2345.482	    2345.482	     -7.617	      0.000	     -0.009
   3.200	      0.396	   2345.413	    2345.413	    -10.725	      0.000	     -0.017
   3.600	      0.282	   2345.316	    2345.316	    -15.008	      0.000	     -0.033
   4.000	      0.137	   2345.186	    2345.186	    -18.113	      0.000	     -0.049
   4.400	     -0.022	   2345.040	    2345.040	    -20.385	      0.000	     -0.062
   4.800	     -0.197	   2344.878	    2344.878	    -22.601	      0.000	     -0.075
   5.200	     -0.399	   2344.697	    2344.697	    -25.415	      0.000	     -0.096
   5.600	     -0.621	   2344.494	    2344.494	    -27.807	      0.000	     -0.115
   6.000	     -0.892	   2344.265	    2344.265	    -32.561	      0.000	     -0.157
   6.400	     -1.199	   2344.003	    2344.003	    -37.021	      0.000	     -0.202
   6.800	     -1.532	   2343.710	    2343.710	    -40.381	      0.000	     -0.242
   7.200	     -1.893	   2343.391	    2343.391	    -43.731	      0.000	     -0.284
   7.600	     -2.278	   2343.046	    2343.046	    -46.626	      0.000	     -0.324
   8.000	     -2.683	   2342.683	    2342.683	    -49.461	      0.000	     -0.366
   8.400	     -3.128	   2342.294	    2342.294	    -53.391	      0.000	     -0.422
   8.800	     -3.646	   2341.868	    2341.868	    -58.863	      0.000	     -0.515
   9.200	     -4.200	   2341.404	    2341.404	    -63.637	      0.000	     -0.604
   9.600	     -4.820	   2340.901	    2340.901	    -69.699	      0.000	     -0.721
  10.000	     -5.463	   2340.355	    2340.355	    -74.290	      0.000	     -0.818
  10.400	     -6.064	   2339.785	    2339.785	    -75.489	      0.000	     -0.849
  10.800	     -6.581	   2339.221	    2339.221	    -73.229	      0.000	     -0.803
  11.200	     -7.091	   2338.673	    2338.673	    -71.573	      0.000	     -0.764
  11.600	     -7.600	   2338.135	    2338.135	    -70.153	      0.000	     -0.735
  12.000	     -8.056	   2337.614	    2337.614	    -66.793	      0.000	     -0.669
  12.400	     -8.484	   2337.120	    2337.120	    -63.502	      0.000	     -0.603
  12.800	     -8.836	   2336.661	    2336.661	    -57.509	      0.000	     -0.497
  13.200	     -9.131	   2336.251	    2336.251	    -50.475	      0.000	     -0.382
  13.600	     -9.393	   2335.894	    2335.894	    -43.870	      0.000	     -0.287
  14.000	     -9.646	   2335.581	    2335.581	    -38.995	      0.000	     -0.227
  14.400	     -9.894	   2335.301	    2335.301	    -35.951	      0.000	     -0.195
  14.800	    -10.192	   2335.020	    2335.020	    -37.540	      0.000	     -0.211
  15.200	    -10.517	   2334.724	    2334.724	    -40.329	      0.000	     -0.241
  15.600	    -10.802	   2334.424	    2334.424	    -38.913	      0.000	     -0.226
  16.000	    -11.064	   2334.137	    2334.137	    -36.639	      0.000	     -0.201
  16.400	    -11.286	   2333.873	    2333.873	    -32.476	      0.000	     -0.159
  16.800	    -11.496	   2333.638	    2333.638	    -29.872	      0.000	     -0.134
  17.200	    -11.728	   2333.412	    2333.412	    -30.876	      0.000	     -0.140
  17.600	    -12.014	   2333.164	    2333.164	    -34.723	      0.000	     -0.179
  18.000	    -12.312	   2332.891	    2332.891	    -36.818	      0.000	     -0.202
  18.400	    -12.564	   2332.616	    2332.616	    -34.523	      0.000	     -0.179
  18.800	    -12.751	   2332.375	    2332.375	    -28.841	      0.000	     -0.125
  19.200	    -12.890	   2332.182	    2332.182	    -21.854	      0.000	     -0.072
  19.600	    -12.988	   2332.043	    2332.043	    -14.217	      0.000	     -0.031
  20.000	    -13.034	   2331.970	    2331.970	     -5.203	      0.000	     -0.005
  20.400	    -13.041	   2331.959	    2331.959	      1.539	      0.000	      0.000
  20.800	    -13.006	   2331.988	    2331.988	      6.152	      0.000	      0.005
  21.200	    -12.931	   2332.052	    2332.052	     10.898	      0.000	      0.017
  21.600	    -12.813	   2332.153	    2332.153	     15.189	      0.000	      0.034
  22.000	    -12.677	   2332.277	    2332.277	     17.739	      0.000	      0.047
  22.400	    -12.521	   2332.419	    2332.419	     20.150	      0.000	      0.060
  22.800	    -12.357	   2332.577	    2332.577	     21.114	      0.000	      0.067
  23.200	    -12.204	   2332.735	    2332.735	     20.153	      0.000	      0.061
  23.600	    -12.053	   2332.887	    2332.887	     20.032	      0.000	      0.060
  24.000	    -11.903	   2333.038	    2333.038	     19.926	      0.000	      0.059
  24.400	    -11.752	   2333.188	    2333.188	     19.936	      0.000	      0.060
  24.800	    -11.595	   2333.342	    2333.342	     20.580	      0.000	      0.063
  25.200	    -11.424	   2333.504	    2333.504	     22.105	      0.000	      0.072
  25.600	    -11.251	   2333.672	    2333.672	     22.646	      0.000	      0.077
  26.000	    -11.093	   2333.840	    2333.840	     21.165	      0.000	      0.067
  26.400	    -10.946	   2333.995	    2333.995	     19.911	      0.000	      0.059
  26.800	    -10.805	   2334.142	    2334.142	     18.825	      0.000	      0.053
  27.200	    -10.685	   2334.276	    2334.276	     16.040	      0.000	      0.039
  27.600	    -10.610	   2334.374	    2334.374	     10.059	      0.000	      0.015
  28.000	    -10.500	   2334.466	    2334.466	     15.327	      0.000	      0.034
  28.400	    -10.307	   2334.612	    2334.612	     23.521	      0.000	      0.081
  28.800	    -10.105	   2334.800	    2334.800	     25.212	      0.000	      0.095
  29.200	     -9.917	   2334.989	    2334.989	     25.091	      0.000	      0.094
  29.600	     -9.644	   2335.204	    2335.204	     32.117	      0.000	      0.152
  30.000	     -9.357	   2335.459	    2335.459	     35.162	      0.000	      0.184
  30.400	     -9.083	   2335.728	    2335.728	     35.626	      0.000	      0.189
  30.800	     -8.788	   2336.005	    2336.005	     37.326	      0.000	      0.207
  31.200	     -8.476	   2336.295	    2336.295	     39.265	      0.000	      0.229
  31.600	     -8.148	   2336.600	    2336.600	     41.158	      0.000	      0.252
  32.000	     -7.811	   2336.917	    2336.917	     42.754	      0.000	      0.272
  32.400	     -7.449	   2337.250	    2337.250	     45.016	      0.000	      0.302
  32.800	     -7.071	   2337.598	    2337.598	     47.091	      0.000	      0.330
  33.200	     -6.690	   2337.961	    2337.961	     48.411	      0.000	      0.349
  33.600	     -6.294	   2338.333	    2338.333	     50.031	      0.000	      0.373
  34.000	     -5.884	   2338.719	    2338.719	     51.687	      0.000	      0.398
  34.400	     -5.457	   2339.118	    2339.118	     53.451	      0.000	      0.426
  34.800	     -5.033	   2339.526	    2339.526	     54.367	      0.000	      0.441
  35.200	     -4.598	   2339.942	    2339.942	     55.538	      0.000	      0.460
  35.600	     -4.152	   2340.367	    2340.367	     56.774	      0.000	      0.480
  36.000	     -3.697	   2340.803	    2340.803	     57.925	      0.000	      0.500
  36.400	     -3.247	   2341.243	    2341.243	     58.460	      0.000	      0.510
  36.800	     -2.796	   2341.688	    2341.688	     58.858	      0.000	      0.516
  37.200	     -2.330	   2342.137	    2342.137	     59.799	      0.000	      0.533
  37.600	     -1.870	   2342.592	    2342.592	     60.070	      0.000	      0.538
  38.000	     -1.413	   2343.048	    2343.048	     60.133	      0.000	      0.539
  38.400	     -0.960	   2343.502	    2343.502	     60.025	      0.000	      0.537
  38.800	     -0.498	   2343.959	    2343.959	     60.346	      0.000	      0.543
  39.200	     -0.047	   2344.415	    2344.415	     60.045	      0.000	      0.538
  39.600	      0.397	   2344.869	    2344.869	     59.487	      0.000	      0.528
  40.000	      0.837	   2345.317	    2345.317	     59.039	      0.000	      0.520
  40.400	      1.275	   2345.763	    2345.763	     58.580	      0.000	      0.512
  40.800	      1.706	   2346.205	    2346.205	     57.971	      0.000	      0.502
  41.200	      2.119	   2346.639	    2346.639	     56.693	      0.000	      0.480
  41.600	      2.533	   2347.066	    2347.066	     55.951	      0.000	      0.467
  42.000	      2.940	   2347.486	    2347.486	     55.109	      0.000	      0.453
  42.400	      3.336	   2347.900	    2347.900	     54.019	      0.000	      0.436
  42.800	      3.714	   2348.304	    2348.304	     52.438	      0.000	      0.411
  43.200	      4.091	   2348.697	    2348.697	     51.375	      0.000	      0.394
  43.600	      4.462	   2349.082	    2349.082	     50.406	      0.000	      0.380
  44.000	      4.814	   2349.458	    2349.458	     48.784	      0.000	      0.356
  44.400	      5.155	   2349.822	    2349.822	     47.227	      0.000	      0.333
  44.800	      5.488	   2350.174	    2350.174	     45.820	      0.000	      0.314
  45.200	      5.818	   2350.518	    2350.518	     44.809	      0.000	      0.300
  45.600	      6.128	   2350.851	    2350.851	     43.068	      0.000	      0.277
  46.000	      6.427	   2351.171	    2351.171	     41.396	      0.000	      0.256
  46.400	      6.719	   2351.479	    2351.479	     40.034	      0.000	      0.239
  46.800	      7.005	   2351.779	    2351.779	     38.933	      0.000	      0.227
  47.200	      7.275	   2352.067	    2352.067	     37.292	      0.000	      0.208
  47.600	      7.530	   2352.343	    2352.343	     35.427	      0.000	      0.188
  48.000	      7.783	   2352.607	    2352.607	     34.347	      0.000	      0.176
  48.400	      8.026	   2352.862	    2352.862	     33.055	      0.000	      0.163
  48.800	      8.256	   2353.107	    2353.107	     31.533	      0.000	      0.149
  49.200	      8.472	   2353.339	    2353.339	     29.795	      0.000	      0.133
  49.600	      8.685	   2353.561	    2353.561	     28.745	      0.000	      0.123
  50.000	      8.888	   2353.774	    2353.774	     27.516	      0.000	      0.113
  50.400	      9.079	   2353.978	    2353.978	     25.990	      0.000	      0.101
  50.800	      9.258	   2354.168	    2354.168	     24.488	      0.000	      0.090
  51.200	      9.430	   2354.349	    2354.349	     23.260	      0.000	      0.081
  51.600	      9.595	   2354.521	    2354.521	     22.213	      0.000	      0.074
  52.000	      9.746	   2354.683	    2354.683	     20.512	      0.000	      0.063
  52.400	      9.888	   2354.833	    2354.833	     19.154	      0.000	      0.055
  52.800	     10.022	   2354.974	    2354.974	     17.938	      0.000	      0.048
  53.200	     10.148	   2355.106	    2355.106	     16.758	      0.000	      0.042
  53.600	     10.260	   2355.226	    2355.226	     15.060	      0.000	      0.034
  54.000	     10.363	   2355.335	    2355.335	     13.637	      0.000	      0.028
  54.400	     10.456	   2355.433	    2355.433	     12.469	      0.000	      0.023
  54.800	     10.540	   2355.522	    2355.522	     10.919	      0.000	      0.018
  55.200	     10.612	   2355.599	    2355.599	      9.295	      0.000	      0.013
  55.600	     10.671	   2355.662	    2355.662	      7.590	      0.000	      0.009
  56.000	     10.721	   2355.715	    2355.715	      6.355	      0.000	      0.006
  56.400	     10.760	   2355.757	    2355.757	      4.622	      0.000	      0.003
  56.800	     10.787	   2355.786	    2355.786	      2.749	      0.000	      0.001
  57.200	     10.799	   2355.799	    2355.799	      0.939	      0.000	      0.000
  57.600	     10.801	   2355.801	    2355.801	     -0.536	      0.000	     -0.000
  58.000	     10.789	   2355.789	    2355.789	     -2.384	      0.000	     -0.001
  58.400	     10.760	   2355.763	    2355.763	     -4.693	      0.000	     -0.003
  58.800	     10.714	   2355.720	    2355.720	     -6.470	      0.000	     -0.006
  59.200	     10.654	   2355.664	    2355.664	     -8.310	      0.000	     -0.010
  59.600	     10.578	   2355.594	    2355.594	    -10.306	      0.000	     -0.016
  60.000	     10.482	   2355.506	    2355.506	    -12.757	      0.000	     -0.024
