    时间	    开度值	      蜗壳压力	      尾水管压力	    流量	      转速	      出力	  单位转速	  单位流量	  单位力矩	球阀前压力	球阀后压力	蜗壳进口压力	尾水管出口压力
   0.000	   0.883	       496.798	        64.200	    81.324	   428.600	   306.065	    87.838	     0.225	    22.340	421.354739	420.753579	496.798437	2339.833435
   0.200	   0.883	       508.637	        64.134	    81.157	   436.922	   307.178	    89.167	     0.224	    21.809	422.918808	422.918808	508.038119	2339.959498
   0.400	   0.879	       511.694	        62.927	    80.838	   445.134	   308.092	    90.372	     0.222	    21.249	426.258833	426.258833	511.197570	2339.118074
   0.600	   0.875	       515.130	        62.578	    80.485	   453.211	   308.250	    91.588	     0.220	    20.689	429.658783	429.658783	514.598162	2338.049469
   0.800	   0.871	       518.039	        61.441	    80.172	   461.154	   308.519	    92.743	     0.218	    20.154	432.588427	432.588427	517.535844	2337.036201
   1.000	   0.867	       522.770	        61.967	    79.905	   468.963	   309.088	    93.848	     0.216	    19.659	436.443022	436.443022	521.544524	2337.098231
   1.200	   0.863	       526.481	        62.620	    79.489	   476.643	   308.093	    95.033	     0.214	    19.138	440.891780	440.891780	525.979437	2337.651722
   1.400	   0.859	       531.921	        63.757	    79.196	   484.202	   308.317	    96.059	     0.212	    18.666	446.282184	446.282184	531.038516	2338.657183
   1.600	   0.856	       536.340	        64.601	    78.759	   491.627	   306.976	    97.122	     0.210	    18.150	450.689000	450.689000	535.731764	2338.757403
   1.800	   0.852	       540.640	        63.955	    78.447	   498.927	   306.782	    98.012	     0.208	    17.674	456.073046	456.073046	541.041843	2339.258171
   2.000	   0.848	       544.527	        63.757	    77.952	   506.085	   304.467	    98.951	     0.206	    17.130	458.479535	458.479535	543.565864	2338.109799
   2.200	   0.844	       547.657	        62.010	    77.433	   513.092	   301.860	    99.767	     0.203	    16.567	461.905125	461.905125	546.846102	2336.123286
   2.400	   0.840	       552.257	        61.379	    76.902	   519.944	   298.906	   100.510	     0.201	    16.001	465.962747	465.962747	551.254523	2335.383982
   2.600	   0.836	       554.350	        58.198	    76.280	   526.652	   294.735	   101.210	     0.198	    15.395	466.458713	466.458713	553.147069	2334.115306
   2.800	   0.832	       560.338	        59.560	    75.351	   533.113	   286.917	   101.912	     0.194	    14.649	473.404229	473.404229	559.054360	2333.097922
   3.000	   0.828	       563.849	        59.302	    74.225	   539.305	   276.503	   102.639	     0.191	    13.832	476.171721	476.171721	562.219539	2332.604901
   3.200	   0.824	       568.028	        58.293	    73.086	   545.193	   265.693	   103.156	     0.187	    12.995	480.436905	480.436905	566.249663	2330.718953
   3.400	   0.820	       571.930	        57.369	    71.797	   550.781	   252.924	   103.644	     0.182	    12.112	481.792243	481.792243	566.010747	2330.095263
   3.600	   0.816	       578.876	        58.192	    70.650	   556.053	   242.021	   103.946	     0.178	    11.329	489.488359	489.488359	575.883322	2329.052107
   3.800	   0.812	       583.203	        57.363	    69.226	   561.006	   227.905	   104.275	     0.174	    10.454	495.603273	495.603273	581.286587	2328.558404
   4.000	   0.808	       589.892	        58.652	    67.818	   565.633	   214.414	   104.522	     0.169	     9.641	501.553244	501.553244	587.376990	2329.131962
   4.200	   0.805	       596.090	        59.935	    66.365	   569.924	   200.431	   104.755	     0.165	     8.849	507.678134	507.678134	593.637270	2329.570935
   4.400	   0.801	       600.937	        59.948	    64.957	   573.910	   187.453	   104.944	     0.160	     8.135	513.046203	513.046203	598.347576	2329.302631
   4.600	   0.797	       606.191	        60.813	    63.522	   577.612	   174.538	   105.126	     0.156	     7.455	517.538558	517.538558	603.677464	2329.273440
   4.800	   0.793	       610.148	        60.531	    62.116	   581.040	   162.591	   105.277	     0.152	     6.842	521.989857	521.989857	607.634025	2328.513305
   5.000	   0.789	       613.817	        60.546	    60.650	   584.200	   150.104	   105.435	     0.148	     6.234	525.978685	525.978685	611.102889	2327.750789
   5.200	   0.785	       616.123	        59.219	    59.173	   587.112	   138.623	   105.553	     0.144	     5.684	528.563286	528.563286	615.074517	2327.673845
   5.400	   0.781	       620.022	        60.244	    57.546	   589.756	   125.790	   105.692	     0.139	     5.102	531.091073	531.091073	617.631026	2326.902033
   5.600	   0.777	       622.361	        59.868	    55.746	   592.137	   112.925	   105.795	     0.134	     4.534	532.997619	532.997619	619.433566	2325.755132
   5.800	   0.773	       624.495	        59.637	    53.980	   594.250	   100.271	   105.887	     0.130	     3.990	534.293887	534.293887	621.291072	2324.914610
   6.000	   0.769	       624.850	        58.089	    51.941	   596.102	    85.841	   105.970	     0.125	     3.390	535.610154	535.610154	622.288202	2323.048397
   6.200	   0.765	       626.599	        58.005	    50.082	   597.676	    72.877	   106.019	     0.120	     2.858	536.668431	536.668431	623.906894	2321.854928
   6.400	   0.761	       627.869	        58.070	    47.976	   598.966	    58.175	   106.072	     0.115	     2.269	538.106756	538.106756	624.816135	2321.885797
   6.600	   0.757	       628.641	        57.791	    45.865	   599.973	    44.000	   106.092	     0.109	     1.708	538.868900	538.868900	625.449336	2320.967159
   6.800	   0.753	       631.317	        59.546	    43.652	   600.717	    30.309	   106.078	     0.104	     1.172	541.220815	541.220815	627.860002	2321.825832
   7.000	   0.750	       634.042	        61.503	    41.687	   601.221	    18.839	   106.045	     0.099	     0.726	542.054469	542.054469	629.010010	2322.270478
   7.200	   0.746	       634.776	        61.155	    39.630	   601.509	     7.932	   105.945	     0.094	     0.305	545.085902	545.085902	631.703278	2322.059717
   7.400	   0.742	       637.210	        62.637	    37.683	   601.588	    -2.311	   105.826	     0.089	    -0.089	547.696692	547.696692	634.091632	2323.281316
   7.600	   0.738	       639.156	        63.404	    35.662	   601.464	   -12.857	   105.651	     0.085	    -0.491	548.202933	548.202933	634.924836	2323.114534
   7.800	   0.734	       638.878	        61.732	    33.701	   601.144	   -22.895	   105.426	     0.080	    -0.872	550.174096	550.174096	636.135527	2322.432364
   8.000	   0.730	       642.194	        63.641	    31.772	   600.630	   -32.533	   105.171	     0.075	    -1.237	552.569552	552.569552	638.898738	2322.793533
   8.200	   0.726	       641.830	        61.973	    29.776	   599.930	   -41.602	   104.894	     0.070	    -1.579	552.126845	552.126845	638.543230	2320.728869
   8.400	   0.722	       643.210	        62.436	    27.829	   599.053	   -50.276	   104.625	     0.066	    -1.907	553.756115	553.756115	640.017989	2320.452920
   8.600	   0.718	       644.134	        62.037	    25.700	   598.015	   -59.239	   104.292	     0.060	    -2.244	554.603835	554.603835	642.009190	2320.311318
   8.800	   0.714	       643.448	        60.472	    23.609	   596.790	   -67.962	   103.970	     0.056	    -2.574	554.171754	554.171754	641.385340	2318.918557
   9.000	   0.710	       646.547	        61.386	    21.231	   595.388	   -77.600	   103.501	     0.050	    -2.934	556.538339	556.538339	643.071563	2319.109902
   9.200	   0.706	       646.575	        59.682	    18.907	   593.794	   -87.213	   103.045	     0.044	    -3.294	554.024112	554.024112	641.233477	2317.144380
   9.400	   0.702	       647.842	        59.179	    16.522	   591.994	   -97.152	   102.554	     0.039	    -3.668	559.298316	559.298316	646.229550	2316.301151
   9.600	   0.699	       648.789	        60.237	    14.381	   589.976	  -107.651	   102.196	     0.034	    -4.078	557.496949	557.496949	644.955511	2316.442567
   9.800	   0.695	       647.755	        59.719	    12.187	   587.739	  -118.684	   101.837	     0.029	    -4.516	557.899979	557.899979	645.074034	2316.507155
  10.000	   0.691	       649.415	        62.475	    10.098	   585.284	  -130.103	   101.494	     0.024	    -4.979	558.483880	558.483880	645.487876	2318.803407
  10.200	   0.687	       649.154	        63.732	     7.956	   582.576	  -141.908	   101.145	     0.019	    -5.469	558.802423	558.802423	645.718120	2320.169936
  10.400	   0.683	       647.721	        64.543	     5.980	   579.631	  -152.195	   100.819	     0.014	    -5.917	557.942466	557.942466	643.898031	2320.456210
  10.600	   0.679	       646.587	        66.321	     4.197	   576.478	  -160.617	   100.517	     0.010	    -6.309	556.666291	556.666291	643.070165	2321.570783
  10.800	   0.675	       641.673	        64.725	     2.519	   573.163	  -167.871	   100.223	     0.006	    -6.670	552.096148	552.096148	638.731737	2319.847640
  11.000	   0.671	       638.776	        65.493	     0.917	   569.689	  -174.261	    99.932	     0.002	    -7.011	550.166875	550.166875	636.658794	2320.925909
  11.200	   0.667	       634.609	        64.820	    -0.859	   566.019	  -182.155	    99.592	    -0.002	    -7.421	545.923326	545.923326	631.908901	2320.668191
  11.400	   0.663	       629.262	        63.227	    -2.540	   562.151	  -189.421	    99.240	    -0.006	    -7.822	541.058751	541.058751	627.597852	2319.774635
  11.600	   0.659	       626.346	        64.147	    -4.431	   558.064	  -200.947	    98.858	    -0.011	    -8.416	536.321310	536.321310	622.604441	2319.079569
  11.800	   0.655	       618.576	        61.219	    -6.198	   553.709	  -211.446	    98.517	    -0.015	    -9.004	528.146959	528.146959	614.725909	2317.204318
  12.000	   0.651	       612.870	        62.049	    -7.796	   549.067	  -221.219	    98.276	    -0.019	    -9.614	524.985442	524.985442	611.974278	2317.809136
  12.200	   0.648	       604.870	        62.377	    -9.240	   544.185	  -229.924	    98.154	    -0.022	   -10.238	516.270993	516.270993	603.296988	2319.045781
  12.400	   0.644	       598.508	        65.293	   -10.626	   539.083	  -237.985	    98.084	    -0.026	   -10.885	511.363601	511.363601	597.822030	2320.707420
  12.600	   0.640	       590.061	        68.714	   -11.826	   533.796	  -245.597	    98.231	    -0.029	   -11.605	502.148461	502.148461	587.937898	2325.107858
  12.800	   0.636	       580.114	        70.784	   -12.656	   528.312	  -248.773	    98.369	    -0.032	   -12.159	494.049438	494.049438	580.089533	2326.965291
  13.000	   0.632	       570.503	        73.706	   -13.222	   522.718	  -249.318	    98.553	    -0.034	   -12.628	483.635351	483.635351	569.626546	2328.749524
  13.200	   0.628	       560.844	        75.727	   -13.493	   517.100	  -246.215	    98.664	    -0.035	   -12.911	473.838574	473.838574	559.691283	2330.255518
  13.400	   0.624	       549.657	        75.290	   -13.546	   511.524	  -240.593	    98.702	    -0.035	   -13.043	463.048167	463.048167	548.894800	2331.001493
  13.600	   0.620	       540.664	        76.478	   -13.515	   506.022	  -234.140	    98.706	    -0.036	   -13.113	455.619477	455.619477	540.906710	2332.069664
  13.800	   0.616	       531.013	        77.106	   -13.573	   500.596	  -228.906	    98.749	    -0.036	   -13.253	445.667350	445.667350	530.934720	2331.334281
  14.000	   0.612	       520.412	        76.285	   -13.572	   495.257	  -223.160	    98.767	    -0.037	   -13.348	434.821076	434.821076	519.996880	2330.808468
  14.200	   0.608	       509.449	        74.928	   -13.582	   489.984	  -217.704	    98.792	    -0.037	   -13.453	424.480124	424.480124	509.599115	2329.808266
  14.400	   0.604	       499.365	        73.588	   -13.455	   484.804	  -210.948	    98.746	    -0.037	   -13.445	414.107323	414.107323	499.514926	2328.774864
  14.600	   0.600	       491.826	        74.630	   -13.357	   479.713	  -204.714	    98.709	    -0.037	   -13.458	406.828827	406.828827	491.542947	2329.425861
  14.800	   0.597	       484.482	        74.846	   -13.080	   474.750	  -196.886	    98.584	    -0.037	   -13.319	400.522711	400.522711	485.672747	2330.647559
  15.000	   0.593	       481.151	        78.356	   -12.711	   469.939	  -188.463	    98.407	    -0.036	   -13.098	398.025142	398.025142	482.578516	2332.886056
  15.200	   0.589	       476.899	        80.263	   -12.274	   465.321	  -179.773	    98.190	    -0.035	   -12.813	392.971236	392.971236	477.515830	2334.656569
  15.400	   0.585	       473.725	        81.850	   -11.416	   460.898	  -167.644	    97.839	    -0.033	   -12.208	389.752230	389.752230	475.090850	2336.491977
  15.600	   0.581	       470.779	        83.196	   -10.473	   456.735	  -155.400	    97.482	    -0.030	   -11.544	388.007985	388.007985	472.439439	2337.958905
  15.800	   0.577	       468.007	        84.557	    -9.190	   452.887	  -141.640	    97.171	    -0.027	   -10.724	385.955904	385.955904	470.928927	2338.745195
  16.000	   0.573	       465.936	        86.582	    -7.841	   449.367	  -128.468	    96.926	    -0.023	    -9.907	384.663499	384.663499	468.828264	2340.456776
  16.200	   0.569	       462.442	        87.818	    -6.251	   446.167	  -115.384	    96.833	    -0.018	    -9.073	381.395747	381.395747	465.204723	2341.809770
  16.400	   0.565	       458.994	        89.533	    -4.661	   443.265	  -103.992	    96.866	    -0.014	    -8.345	376.926381	376.926381	461.802543	2342.332355
  16.600	   0.561	       453.641	        89.281	    -3.077	   440.634	   -93.892	    96.957	    -0.009	    -7.684	371.882311	371.882311	455.763188	2342.719636
  16.800	   0.557	       447.462	        87.938	    -1.495	   438.244	   -84.774	    97.075	    -0.004	    -7.069	365.015338	365.015338	449.115398	2341.345097
  17.000	   0.553	       440.961	        86.380	     0.274	   436.118	   -75.980	    97.274	     0.001	    -6.456	359.124812	359.124812	443.824826	2340.466199
  17.200	   0.549	       435.778	        86.439	     1.834	   434.197	   -68.630	    97.570	     0.006	    -5.945	353.812737	353.812737	437.895683	2339.520286
  17.400	   0.545	       429.300	        84.887	     3.325	   432.471	   -61.126	    97.879	     0.010	    -5.392	347.136681	347.136681	431.310737	2339.040331
  17.600	   0.542	       426.106	        86.254	     4.843	   430.945	   -53.739	    98.192	     0.015	    -4.822	344.140456	344.140456	427.671939	2339.805157
  17.800	   0.538	       421.643	        85.321	     6.212	   429.577	   -48.748	    98.399	     0.019	    -4.435	339.478225	339.478225	423.360441	2338.945075
  18.000	   0.534	       417.521	        85.395	     7.777	   428.342	   -44.635	    98.745	     0.024	    -4.125	335.106120	335.106120	419.037476	2339.099194
  18.200	   0.530	       414.288	        86.478	     9.495	   427.210	   -40.068	    99.145	     0.030	    -3.762	334.632838	334.632838	418.025091	2341.259876
  18.400	   0.526	       411.772	        87.954	    11.520	   426.251	   -31.106	    99.552	     0.036	    -2.965	332.146759	332.146759	415.984671	2341.715952
  18.600	   0.522	       411.789	        91.700	    13.579	   425.538	   -22.493	    99.989	     0.043	    -2.174	331.847851	331.847851	415.284367	2345.363844
  18.800	   0.518	       411.283	        94.189	    15.799	   425.061	   -14.565	   100.381	     0.050	    -1.423	330.585826	330.585826	414.502324	2348.012648
  19.000	   0.514	       408.892	        93.656	    18.085	   424.779	    -7.302	   100.650	     0.058	    -0.719	329.861907	329.861907	413.529155	2348.380713
  19.200	   0.510	       409.303	        94.435	    20.428	   424.703	    -0.122	   100.737	     0.065	    -0.012	328.497037	328.497037	412.013484	2348.721245
  19.400	   0.506	       407.936	        91.462	    22.747	   424.809	     7.344	   100.556	     0.073	     0.721	329.163136	329.163136	412.734404	2345.750436
  19.600	   0.502	       406.585	        87.927	    25.059	   425.141	    15.945	   100.343	     0.080	     1.556	327.098049	327.098049	410.346285	2344.057813
  19.800	   0.498	       410.304	        87.719	    27.211	   425.720	    24.586	    99.918	     0.086	     2.370	328.660313	328.660313	413.067955	2343.552288
  20.000	   0.494	       411.922	        84.245	    29.023	   426.510	    32.722	    99.366	     0.091	     3.102	330.040600	330.040600	413.830872	2340.269423
  20.200	   0.491	       417.633	        84.219	    30.597	   427.521	    40.662	    98.779	     0.095	     3.782	334.997804	334.997804	418.802002	2340.075148
  20.400	   0.487	       421.075	        81.360	    32.038	   428.750	    48.569	    98.173	     0.099	     4.424	338.540104	338.540104	423.140862	2338.632440
  20.600	   0.483	       424.894	        78.061	    33.382	   430.195	    56.730	    97.518	     0.102	     5.047	343.116455	343.116455	427.218994	2335.888098
  20.800	   0.479	       434.618	        79.960	    34.645	   431.858	    64.889	    96.836	     0.105	     5.627	352.201003	352.201003	435.935142	2336.779401
  21.000	   0.475	       442.339	        78.491	    36.053	   433.759	    74.364	    96.055	     0.108	     6.262	360.781602	360.781602	444.353663	2336.488093
  21.200	   0.471	       453.062	        79.343	    37.239	   435.891	    83.293	    95.265	     0.110	     6.798	371.408353	371.408353	455.226449	2337.526769
  21.400	   0.467	       465.725	        81.486	    38.415	   438.267	    92.551	    94.484	     0.112	     7.310	381.900090	381.900090	466.154595	2339.452332
  21.600	   0.463	       475.278	        79.452	    39.626	   440.887	   103.123	    93.666	     0.114	     7.863	394.072145	394.072145	478.215332	2338.288529
  21.800	   0.459	       486.304	        78.594	    40.762	   443.775	   113.560	    92.912	     0.115	     8.355	403.770125	403.770125	487.968866	2337.719171
  22.000	   0.455	       496.324	        77.223	    41.917	   446.931	   125.271	    92.310	     0.117	     8.906	414.544763	414.544763	498.679019	2336.970940
  22.200	   0.451	       505.176	        74.466	    42.918	   450.370	   135.994	    91.770	     0.118	     9.338	422.593265	422.593265	507.050293	2334.678336
  22.400	   0.447	       514.935	        73.391	    43.641	   454.029	   144.829	    91.379	     0.119	     9.624	431.335919	431.335919	516.007554	2333.925071
  22.600	   0.443	       522.411	        70.836	    44.045	   457.861	   150.898	    91.119	     0.118	     9.722	437.732117	437.732117	522.403591	2331.943216
  22.800	   0.440	       530.015	        68.547	    44.329	   461.789	   155.959	    90.904	     0.118	     9.748	445.120639	445.120639	530.361292	2329.256519
  23.000	   0.436	       535.981	        66.050	    44.248	   465.775	   157.460	    90.846	     0.116	     9.579	450.708489	450.708489	535.854000	2327.386034
  23.200	   0.432	       541.755	        63.616	    44.090	   469.760	   158.129	    90.819	     0.115	     9.371	455.821778	455.821778	541.410223	2325.153982
  23.400	   0.428	       548.660	        63.309	    43.736	   473.697	   156.647	    90.879	     0.113	     9.066	461.666532	461.666532	546.856610	2323.942870
  23.600	   0.424	       554.997	        63.161	    43.308	   477.563	   154.625	    90.996	     0.111	     8.756	468.021000	468.021000	553.342893	2324.262127
  23.800	   0.420	       560.723	        63.416	    42.747	   481.315	   151.242	    91.184	     0.109	     8.400	474.423912	474.423912	559.841274	2324.485362
  24.000	   0.416	       565.954	        63.939	    42.103	   484.948	   146.921	    91.420	     0.107	     8.019	479.223616	479.223616	564.831525	2324.710799
  24.200	   0.412	       571.965	        65.185	    41.524	   488.456	   143.251	    91.628	     0.105	     7.687	485.859199	485.859199	571.287573	2325.306783
  24.400	   0.408	       575.611	        64.219	    40.972	   491.859	   140.128	    91.832	     0.103	     7.397	489.505437	489.505437	574.978388	2324.782730
  24.600	   0.404	       580.899	        64.752	    40.459	   495.169	   137.325	    92.007	     0.101	     7.132	495.175325	495.175325	580.290271	2325.328353
  24.800	   0.400	       586.561	        65.949	    39.918	   498.393	   134.198	    92.191	     0.100	     6.862	499.237799	499.237799	584.502768	2325.619216
  25.000	   0.396	       589.016	        64.599	    39.292	   501.506	   130.024	    92.413	     0.098	     6.557	502.240818	502.240818	587.912743	2324.956267
  25.200	   0.392	       592.004	        64.822	    38.489	   504.488	   124.408	    92.698	     0.095	     6.201	505.304335	505.304335	591.005837	2324.917373
  25.400	   0.389	       593.816	        63.684	    37.766	   507.325	   119.441	    92.942	     0.093	     5.885	506.978373	506.978373	592.987685	2323.823169
  25.600	   0.385	       594.074	        62.467	    36.869	   510.012	   112.744	    93.284	     0.091	     5.508	506.743120	506.743120	592.866230	2321.971389
  25.800	   0.381	       594.564	        61.913	    35.889	   512.528	   105.375	    93.632	     0.088	     5.111	508.036143	508.036143	594.036490	2321.880898
  26.000	   0.377	       594.419	        61.545	    34.845	   514.857	    97.283	    94.016	     0.086	     4.693	506.664149	506.664149	592.501383	2320.885851
  26.200	   0.373	       594.286	        61.797	    33.762	   516.985	    88.799	    94.418	     0.083	     4.267	506.106622	506.106622	592.094872	2321.114847
  26.400	   0.369	       594.991	        63.122	    32.612	   518.901	    80.061	    94.802	     0.080	     3.836	507.048197	507.048197	593.057536	2321.747849
  26.600	   0.365	       593.732	        62.564	    31.435	   520.615	    71.367	    95.157	     0.078	     3.411	506.037651	506.037651	592.423788	2321.792890
  26.800	   0.361	       596.018	        64.382	    30.276	   522.139	    63.817	    95.373	     0.075	     3.037	507.745091	507.745091	593.713234	2322.250512
  27.000	   0.357	       596.508	        63.893	    29.145	   523.504	    56.999	    95.514	     0.072	     2.700	508.311818	508.311818	594.244740	2322.298790
  27.200	   0.353	       597.530	        63.812	    28.037	   524.710	    50.431	    95.617	     0.069	     2.377	510.106923	510.106923	595.719907	2321.850640
  27.400	   0.349	       599.600	        64.624	    26.951	   525.792	    44.103	    95.683	     0.066	     2.069	511.913558	511.913558	598.059481	2322.768889
  27.600	   0.345	       601.543	        65.155	    25.901	   526.734	    38.122	    95.712	     0.064	     1.780	512.929236	512.929236	599.072216	2322.439948
  27.800	   0.341	       602.924	        65.263	    24.710	   527.533	    31.430	    95.726	     0.061	     1.461	515.318363	515.318363	601.133030	2322.767623
  28.000	   0.338	       605.402	        65.798	    23.594	   528.191	    25.643	    95.657	     0.058	     1.186	518.080011	518.080011	603.915717	2323.452833
  28.200	   0.334	       607.085	        65.633	    22.477	   528.728	    19.894	    95.576	     0.055	     0.916	519.086739	519.086739	605.229673	2322.813580
  28.400	   0.330	       610.137	        65.266	    21.226	   529.129	    13.541	    95.331	     0.052	     0.619	522.333092	522.333092	607.944410	2322.170758
  28.600	   0.326	       613.262	        64.897	    19.937	   529.382	     6.988	    95.057	     0.048	     0.317	524.946876	524.946876	611.539335	2321.683609
  28.800	   0.322	       614.849	        63.040	    18.554	   529.491	    -0.099	    94.764	     0.045	    -0.004	526.253650	526.253650	612.585864	2320.381703
  29.000	   0.318	       618.256	        63.004	    17.134	   529.430	    -7.379	    94.445	     0.041	    -0.330	529.730176	529.730176	616.297163	2319.973885
  29.200	   0.314	       622.385	        62.459	    15.573	   529.209	   -15.423	    93.996	     0.037	    -0.685	533.492224	533.492224	620.262665	2319.281732
  29.400	   0.310	       626.593	        61.876	    13.880	   528.781	   -24.202	    93.507	     0.033	    -1.066	537.852565	537.852565	624.077521	2318.303354
  29.600	   0.306	       631.277	        62.228	    12.157	   528.144	   -33.115	    93.026	     0.029	    -1.449	541.707099	541.707099	628.541393	2318.744704
  29.800	   0.302	       634.507	        61.680	    10.461	   527.307	   -41.805	    92.562	     0.025	    -1.820	544.765622	544.765622	631.691937	2318.155847
  30.000	   0.298	       637.754	        62.287	     8.821	   526.275	   -50.361	    92.161	     0.021	    -2.186	549.148476	549.148476	635.592390	2318.571789
  30.200	   0.294	       640.978	        64.281	     7.256	   525.050	   -59.027	    91.842	     0.017	    -2.562	551.254840	551.254840	637.991742	2319.996391
  30.400	   0.290	       641.846	        64.423	     5.646	   523.625	   -67.864	    91.529	     0.013	    -2.950	552.881167	552.881167	639.041340	2320.657455
  30.600	   0.286	       643.180	        66.207	     4.157	   522.012	   -75.835	    91.279	     0.010	    -3.309	554.862880	554.862880	641.235274	2322.337641
  30.800	   0.283	       643.364	        66.927	     2.739	   520.212	   -83.658	    91.004	     0.006	    -3.666	554.556276	554.556276	640.953240	2322.769022
  31.000	   0.279	       641.928	        66.492	     1.298	   518.226	   -91.581	    90.734	     0.003	    -4.035	552.756199	552.756199	638.907664	2321.828737
  31.200	   0.275	       640.262	        66.185	    -0.211	   516.073	   -99.923	    90.464	    -0.000	    -4.431	551.570329	551.570329	638.161864	2321.938866
  31.400	   0.271	       635.638	        64.168	    -1.698	   513.728	  -108.940	    90.259	    -0.004	    -4.876	547.032739	547.032739	633.443368	2320.779802
  31.600	   0.267	       632.435	        64.711	    -3.036	   511.155	  -117.350	    90.104	    -0.007	    -5.313	543.879968	543.879968	630.292783	2320.480939
  31.800	   0.263	       627.871	        65.052	    -4.616	   508.344	  -128.784	    90.001	    -0.011	    -5.915	539.162663	539.162663	625.306244	2320.823693
  32.000	   0.259	       620.810	        65.658	    -6.015	   505.209	  -140.458	    90.066	    -0.014	    -6.581	532.475514	532.475514	619.010992	2321.592284
  32.200	   0.255	       613.143	        66.969	    -7.434	   501.783	  -152.123	    90.192	    -0.018	    -7.295	525.242676	525.242676	611.585818	2323.358180
  32.400	   0.251	       603.898	        68.268	    -8.603	   498.085	  -161.471	    90.410	    -0.021	    -7.956	516.399709	516.399709	602.283786	2324.092690
  32.600	   0.247	       595.652	        70.623	    -9.536	   494.171	  -167.927	    90.605	    -0.024	    -8.509	508.485578	508.485578	594.653809	2326.548553
  32.800	   0.243	       586.126	        72.614	   -10.281	   490.095	  -172.296	    90.865	    -0.026	    -9.001	499.478785	499.478785	585.523850	2328.512319
  33.000	   0.239	       577.297	        75.190	   -10.876	   485.899	  -174.869	    91.109	    -0.028	    -9.424	490.652684	490.652684	576.394831	2330.808736
  33.200	   0.235	       568.462	        77.391	   -11.336	   481.626	  -175.877	    91.320	    -0.029	    -9.778	481.677844	481.677844	567.219723	2332.671920
  33.400	   0.232	       558.351	        77.714	   -11.583	   477.314	  -174.682	    91.482	    -0.030	   -10.013	473.025979	473.025979	558.372708	2333.290321
  33.600	   0.228	       549.273	        78.943	   -11.717	   473.014	  -172.414	    91.648	    -0.031	   -10.192	462.762377	462.762377	548.532648	2333.835432
  33.800	   0.224	       538.733	        78.554	   -11.805	   468.734	  -169.759	    91.817	    -0.031	   -10.350	454.160791	454.160791	539.137928	2333.989484
  34.000	   0.220	       530.379	        79.055	   -11.781	   464.499	  -166.017	    91.876	    -0.031	   -10.415	445.570900	445.570900	530.486674	2334.168779
  34.200	   0.216	       523.014	        79.800	   -11.711	   460.335	  -161.918	    91.882	    -0.032	   -10.437	437.946996	437.946996	523.344648	2335.197596
  34.400	   0.212	       515.637	        80.549	   -11.645	   456.221	  -158.009	    91.908	    -0.032	   -10.469	430.153516	430.153516	515.469783	2335.204592
  34.600	   0.208	       510.118	        81.836	   -11.453	   452.183	  -153.087	    91.814	    -0.031	   -10.396	424.863812	424.863812	510.355445	2336.811866
  34.800	   0.204	       503.910	        82.128	   -11.275	   448.239	  -148.448	    91.712	    -0.031	   -10.326	419.752458	419.752458	504.646892	2337.190773
  35.000	   0.200	       500.773	        82.880	   -10.855	   444.409	  -141.856	    91.347	    -0.030	   -10.045	416.471757	416.471757	501.643175	2338.004525
  35.200	   0.196	       497.953	        85.072	   -10.414	   440.735	  -135.455	    91.137	    -0.029	    -9.788	413.971814	413.971814	498.732412	2339.346024
  35.400	   0.192	       495.151	        85.346	    -9.723	   437.245	  -127.156	    90.750	    -0.027	    -9.331	412.062292	412.062292	496.695105	2340.521529
  35.600	   0.188	       495.013	        88.128	    -8.975	   433.945	  -118.648	    90.383	    -0.025	    -8.834	411.527607	411.527607	496.375395	2342.477106
  35.800	   0.184	       493.015	        88.773	    -8.258	   430.847	  -110.930	    90.026	    -0.023	    -8.373	409.793386	409.793386	494.681948	2343.250334
  36.000	   0.181	       492.826	        89.798	    -7.316	   427.946	  -101.973	    89.549	    -0.021	    -7.771	409.776462	409.776462	494.520531	2343.956474
  36.200	   0.177	       492.873	        90.240	    -6.334	   425.291	   -92.952	    89.033	    -0.018	    -7.134	409.833499	409.833499	494.708588	2344.540355
  36.400	   0.173	       492.251	        89.379	    -5.387	   422.857	   -84.194	    88.493	    -0.015	    -6.495	409.474270	409.474270	493.848175	2343.733545
  36.600	   0.169	       493.354	        89.848	    -4.492	   420.644	   -76.539	    87.958	    -0.013	    -5.926	409.728287	409.728287	494.366464	2343.997051
  36.800	   0.165	       492.662	        88.863	    -3.640	   418.613	   -70.197	    87.499	    -0.010	    -5.457	409.429355	409.429355	493.963137	2343.143136
  37.000	   0.161	       491.547	        88.534	    -2.771	   416.749	   -64.309	    87.192	    -0.008	    -5.031	408.125192	408.125192	492.924310	2342.486838
  37.200	   0.157	       491.214	        89.161	    -1.885	   415.035	   -58.623	    86.936	    -0.005	    -4.616	407.888640	407.888640	492.346697	2343.321254
  37.400	   0.153	       488.740	        89.125	    -1.045	   413.468	   -53.614	    86.870	    -0.003	    -4.263	405.491494	405.491494	490.143286	2343.325731
  37.600	   0.149	       487.854	        90.285	    -0.201	   412.036	   -48.616	    86.792	    -0.001	    -3.899	404.602242	404.602242	489.337955	2344.577190
  37.800	   0.145	       487.164	        91.707	     0.698	   410.737	   -43.656	    86.749	     0.002	    -3.531	403.714959	403.714959	488.167549	2345.421366
  38.000	   0.141	       485.663	        91.394	     1.630	   409.588	   -38.653	    86.637	     0.005	    -3.145	402.564457	402.564457	487.178301	2345.513153
  38.200	   0.137	       485.944	        92.177	     2.603	   408.573	   -33.552	    86.479	     0.007	    -2.740	402.985258	402.985258	487.549704	2346.302291
  38.400	   0.133	       485.487	        91.481	     3.504	   407.701	   -28.955	    86.270	     0.010	    -2.368	402.615046	402.615046	487.363312	2345.844086
  38.600	   0.130	       486.447	        91.514	     4.440	   406.952	   -24.280	    86.013	     0.013	    -1.985	403.371117	403.371117	487.754223	2345.252558
  38.800	   0.126	       487.438	        91.309	     5.355	   406.340	   -19.846	    85.757	     0.015	    -1.620	404.631000	404.631000	489.200888	2345.777667
  39.000	   0.122	       489.317	        90.572	     6.183	   405.845	   -15.934	    85.375	     0.018	    -1.294	405.647891	405.647891	490.737393	2344.829090
  39.200	   0.118	       492.032	        90.369	     6.854	   405.460	   -12.562	    84.986	     0.019	    -1.014	407.796577	407.796577	492.871542	2344.819973
  39.400	   0.114	       495.509	        89.836	     7.441	   405.162	    -9.308	    84.505	     0.021	    -0.744	411.607557	411.607557	496.372888	2344.220271
  39.600	   0.110	       499.404	        88.231	     8.016	   404.945	    -5.884	    83.896	     0.022	    -0.465	415.464046	415.464046	500.603221	2343.005135
  39.800	   0.106	       504.932	        88.001	     8.483	   404.817	    -2.912	    83.290	     0.024	    -0.227	420.945019	420.945019	505.994535	2342.779330
  40.000	   0.102	       512.034	        87.693	     8.881	   404.776	    -0.065	    82.553	     0.024	    -0.005	427.366266	427.366266	512.626356	2342.256329
  40.200	   0.098	       519.563	        86.552	     9.069	   404.804	     1.568	    81.729	     0.025	     0.118	434.704372	434.704372	519.566367	2341.613333
  40.400	   0.094	       530.221	        85.989	     9.081	   404.862	     2.341	    80.701	     0.024	     0.171	444.545011	444.545011	529.941522	2341.001285
  40.600	   0.090	       539.647	        84.300	     8.982	   404.937	     2.548	    79.724	     0.024	     0.182	453.944383	453.944383	539.293971	2339.272640
  40.800	   0.086	       549.886	        82.982	     8.867	   405.015	     2.680	    78.745	     0.023	     0.186	464.008126	464.008126	549.518486	2338.140730
  41.000	   0.082	       559.756	        82.339	     8.633	   405.086	     2.035	    77.885	     0.022	     0.138	474.178808	474.178808	559.624715	2337.731446
  41.200	   0.078	       569.727	        82.259	     8.334	   405.131	     0.959	    77.085	     0.021	     0.064	483.318576	483.318576	569.043594	2337.290356
  41.400	   0.075	       579.503	        83.143	     7.936	   405.136	    -0.799	    76.390	     0.020	    -0.052	493.053782	493.053782	578.866824	2338.277890
  41.600	   0.071	       587.818	        83.099	     7.489	   405.085	    -2.893	    75.744	     0.019	    -0.186	501.626840	501.626840	587.118871	2338.450410
  41.800	   0.067	       593.872	        82.312	     6.946	   404.962	    -5.658	    75.211	     0.017	    -0.359	507.608406	507.608406	593.342406	2338.127487
  42.000	   0.063	       602.668	        81.562	     6.196	   404.738	    -9.802	    74.475	     0.015	    -0.611	515.113190	515.113190	601.078854	2336.794540
  42.200	   0.059	       608.137	        78.689	     5.328	   404.385	   -14.471	    73.819	     0.013	    -0.888	520.752730	520.752730	606.759908	2334.434263
  42.400	   0.055	       614.393	        76.784	     4.335	   403.890	   -19.433	    73.165	     0.011	    -1.176	526.476623	526.476623	612.783469	2332.493715
  42.600	   0.051	       619.525	        75.213	     3.258	   403.246	   -24.854	    72.595	     0.008	    -1.488	531.518330	531.518330	617.715892	2331.082405
  42.800	   0.047	       622.666	        74.543	     1.965	   402.427	   -31.462	    72.194	     0.005	    -1.874	533.891479	533.891479	620.270708	2330.170562
  43.000	   0.043	       626.676	        74.096	     0.387	   401.413	   -38.959	    71.720	     0.001	    -2.308	537.565370	537.565370	624.325238	2330.130696
  43.200	   0.039	       631.710	        72.938	    -1.355	   400.169	   -46.702	    71.101	    -0.003	    -2.744	542.462904	542.462904	628.935328	2329.291381
  43.400	   0.035	       631.072	        73.628	    -2.816	   398.692	   -54.009	    70.924	    -0.007	    -3.193	543.224197	543.224197	629.407928	2329.390420
  43.600	   0.031	       617.445	        78.670	    -3.336	   397.015	   -59.403	    71.840	    -0.008	    -3.649	532.235925	532.235925	617.529651	2333.178203
  43.800	   0.027	       603.260	        85.843	    -3.261	   395.209	   -61.528	    72.974	    -0.008	    -3.954	517.812497	517.812497	603.194829	2340.699250
  44.000	   0.024	       592.898	        93.595	    -3.447	   393.360	   -62.036	    73.939	    -0.009	    -4.150	507.118580	507.118580	592.506213	2348.392116
  44.200	   0.020	       577.855	        99.840	    -3.406	   391.517	   -60.481	    75.214	    -0.009	    -4.246	493.267221	493.267221	578.490735	2354.606520
  44.400	   0.016	       559.375	       100.835	    -2.925	   389.748	   -56.593	    76.446	    -0.008	    -4.161	475.478600	475.478600	560.572801	2354.789925
  44.600	   0.012	       538.504	        95.746	    -2.304	   388.111	   -51.421	    77.469	    -0.006	    -3.932	454.194748	454.194748	539.120360	2349.914209
  44.800	   0.008	       516.565	        92.009	    -1.628	   386.636	   -45.499	    78.811	    -0.004	    -3.642	433.218233	433.218233	517.838976	2346.267820
  45.000	   0.004	       492.742	        89.137	    -0.878	   385.348	   -38.798	    80.561	    -0.002	    -3.278	409.507547	409.507547	494.289434	2343.198708
  45.200	   0.000	       469.229	        90.297	     0.000	   384.276	   -30.400	    82.795	    -0.000	    -2.845	386.068406	386.068406	470.727426	2344.570599
  45.400	   0.000	       464.901	        92.101	     0.000	   383.347	   -30.180	    83.317	     0.000	    -2.770	378.743512	378.743512	464.247035	2347.174861
  45.600	   0.000	       447.758	        93.653	     0.000	   382.422	   -29.962	    85.259	     0.000	    -2.901	362.901546	362.901546	448.090763	2348.423564
  45.800	   0.000	       431.171	        94.072	     0.000	   381.502	   -29.747	    87.185	     0.000	    -3.033	346.114476	346.114476	431.499584	2348.719799
  46.000	   0.000	       429.572	        92.420	     0.000	   380.586	   -29.533	    87.128	     0.000	    -3.029	344.053755	344.053755	429.517469	2344.786086
  46.200	   0.000	       451.755	        90.420	     0.000	   379.675	   -29.321	    84.068	     0.000	    -2.820	366.643024	366.643024	451.723676	2343.034475
  46.400	   0.000	       470.552	        88.420	     0.000	   378.768	   -29.112	    81.507	     0.000	    -2.651	385.114588	385.114588	470.461898	2341.563085
  46.600	   0.000	       486.458	        86.420	     0.000	   377.865	   -28.904	    79.445	     0.000	    -2.518	401.733720	401.733720	486.821500	2340.843642
  46.800	   0.000	       510.356	        87.479	     0.000	   376.966	   -28.698	    77.094	     0.000	    -2.372	424.861203	424.861203	510.347482	2342.943451
  47.000	   0.000	       536.960	        89.479	     0.000	   376.072	   -28.494	    74.796	     0.000	    -2.232	451.328642	451.328642	536.656590	2345.031278
  47.200	   0.000	       560.736	        91.479	     0.000	   375.182	   -28.293	    72.853	     0.000	    -2.118	475.385018	475.385018	560.604411	2346.966322
  47.400	   0.000	       591.018	        93.479	     0.000	   374.296	   -28.093	    70.588	     0.000	    -1.988	505.863442	505.863442	591.346292	2348.670117
  47.600	   0.000	       618.734	        93.265	     0.000	   373.415	   -27.895	    68.527	     0.000	    -1.874	533.127134	533.127134	618.587612	2347.814693
  47.800	   0.000	       637.701	        91.265	     0.000	   372.537	   -27.698	    66.928	     0.000	    -1.787	551.572045	551.572045	637.508869	2345.920018
  48.000	   0.000	       635.281	        89.329	     0.000	   371.664	   -27.504	    66.886	     0.000	    -1.785	549.959389	549.959389	634.929426	2344.079102
  48.200	   0.000	       644.566	        87.661	     0.000	   370.795	   -27.312	    66.027	     0.000	    -1.740	559.496139	559.496139	644.948672	2342.412414
  48.400	   0.000	       647.627	        88.084	     0.000	   369.929	   -27.121	    65.659	     0.000	    -1.720	561.745198	561.745198	647.265638	2342.974989
  48.600	   0.000	       628.838	        90.084	     0.000	   369.068	   -26.932	    66.723	     0.000	    -1.776	543.220515	543.220515	628.540333	2345.048590
  48.800	   0.000	       597.302	        92.084	     0.000	   368.211	   -26.745	    68.699	     0.000	    -1.883	512.414164	512.414164	597.370313	2347.072300
  49.000	   0.000	       577.646	        94.084	     0.000	   367.358	   -26.559	    70.093	     0.000	    -1.960	491.963092	491.963092	577.566860	2348.954898
  49.200	   0.000	       552.113	        94.000	     0.000	   366.509	   -26.375	    71.836	     0.000	    -2.059	467.050781	467.050781	552.427971	2348.745354
  49.400	   0.000	       525.312	        92.107	     0.000	   365.663	   -26.193	    73.700	     0.000	    -2.167	440.278261	440.278261	525.397906	2346.857544
  49.600	   0.000	       502.518	        90.257	     0.000	   364.822	   -26.013	    75.401	     0.000	    -2.269	417.507468	417.507468	502.534788	2345.005262
  49.800	   0.000	       480.211	        88.468	     0.000	   363.984	   -25.834	    77.085	     0.000	    -2.371	395.056067	395.056067	480.374505	2343.221722
  50.000	   0.000	       451.888	        88.667	     0.000	   363.150	   -25.657	    79.887	     0.000	    -2.547	366.983074	366.983074	452.169710	2343.451190
  50.200	   0.000	       433.969	        90.667	     0.000	   362.321	   -25.482	    82.039	     0.000	    -2.686	348.398650	348.398650	433.753537	2345.466089
  50.400	   0.000	       438.866	        92.667	     0.000	   361.494	   -25.308	    81.767	     0.000	    -2.668	353.291571	353.291571	438.774013	2347.451452
  50.600	   0.000	       440.760	        94.637	     0.000	   360.672	   -25.135	    81.366	     0.000	    -2.642	355.865975	355.865975	440.957850	2349.389089
  50.800	   0.000	       443.313	        94.580	     0.000	   359.853	   -24.965	    80.994	     0.000	    -2.618	357.668214	357.668214	443.203112	2349.335552
  51.000	   0.000	       458.531	        92.706	     0.000	   359.038	   -24.795	    78.994	     0.000	    -2.490	373.490737	373.490737	458.521731	2347.456339
  51.200	   0.000	       488.577	        90.846	     0.000	   358.227	   -24.628	    75.614	     0.000	    -2.281	403.638473	403.638473	488.633751	2345.594532
  51.400	   0.000	       520.893	        89.013	     0.000	   357.419	   -24.461	    72.365	     0.000	    -2.090	435.076224	435.076224	520.694694	2343.768470
  51.600	   0.000	       543.724	        89.096	     0.000	   356.615	   -24.297	    70.357	     0.000	    -1.975	457.770855	457.770855	543.294312	2343.889704
  51.800	   0.000	       570.773	        91.096	     0.000	   355.815	   -24.133	    68.306	     0.000	    -1.862	486.016878	486.016878	571.205878	2345.882957
  52.000	   0.000	       592.503	        93.096	     0.000	   355.018	   -23.972	    66.775	     0.000	    -1.779	506.714537	506.714537	592.218470	2347.864566
  52.200	   0.000	       606.990	        95.066	     0.000	   354.225	   -23.811	    65.810	     0.000	    -1.728	521.601323	521.601323	607.055653	2349.812466
  52.400	   0.000	       629.109	        95.100	     0.000	   353.435	   -23.652	    64.337	     0.000	    -1.652	543.544187	543.544187	628.977771	2349.854981
  52.600	   0.000	       645.901	        93.215	     0.000	   352.649	   -23.495	    63.045	     0.000	    -1.586	560.610392	560.610392	645.929915	2347.965202
  52.800	   0.000	       646.521	        91.336	     0.000	   351.866	   -23.339	    62.688	     0.000	    -1.568	561.109955	561.109955	646.549533	2346.085478
  53.000	   0.000	       624.282	        89.484	     0.000	   351.087	   -23.184	    63.705	     0.000	    -1.619	539.746614	539.746614	624.708567	2344.236617
  53.200	   0.000	       621.712	        89.484	     0.000	   350.311	   -23.031	    63.745	     0.000	    -1.621	535.838961	535.838961	621.415153	2344.258187
  53.400	   0.000	       603.276	        91.484	     0.000	   349.539	   -22.879	    64.819	     0.000	    -1.677	517.858299	517.858299	603.025711	2346.249712
  53.600	   0.000	       574.080	        93.484	     0.000	   348.770	   -22.728	    66.690	     0.000	    -1.775	489.014792	489.014792	574.418150	2348.233274
  53.800	   0.000	       542.749	        95.429	     0.000	   348.005	   -22.579	    68.988	     0.000	    -1.899	457.001038	457.001038	542.501288	2350.174104
  54.000	   0.000	       513.534	        95.551	     0.000	   347.242	   -22.431	    71.268	     0.000	    -2.027	428.410683	428.410683	513.685392	2350.297947
  54.200	   0.000	       486.691	        93.641	     0.000	   346.483	   -22.284	    73.278	     0.000	    -2.143	401.652538	401.652538	486.699772	2348.390641
  54.400	   0.000	       466.546	        91.744	     0.000	   345.728	   -22.139	    74.942	     0.000	    -2.241	381.624346	381.624346	466.990326	2346.493760
  54.600	   0.000	       456.125	        89.894	     0.000	   344.976	   -21.994	    75.701	     0.000	    -2.287	370.069204	370.069204	455.582623	2344.647886
  54.800	   0.000	       446.593	        89.818	     0.000	   344.226	   -21.851	    76.476	     0.000	    -2.334	361.055063	361.055063	446.537510	2344.578668
  55.000	   0.000	       428.182	        91.818	     0.000	   343.481	   -21.710	    78.563	     0.000	    -2.463	343.258991	343.258991	428.089398	2346.575125
  55.200	   0.000	       428.606	        93.808	     0.000	   342.738	   -21.569	    78.717	     0.000	    -2.473	343.303009	343.303009	428.766925	2348.557637
  55.400	   0.000	       446.670	        95.736	     0.000	   341.999	   -21.430	    76.821	     0.000	    -2.355	361.788142	361.788142	447.062369	2350.481666
  55.600	   0.000	       472.533	        95.941	     0.000	   341.263	   -21.292	    73.937	     0.000	    -2.181	386.375696	386.375696	472.130733	2350.678883
  55.800	   0.000	       483.947	        94.001	     0.000	   340.530	   -21.155	    72.600	     0.000	    -2.103	399.152453	399.152453	483.955180	2348.750548
  56.000	   0.000	       513.904	        92.093	     0.000	   339.800	   -21.019	    69.624	     0.000	    -1.934	428.699245	428.699245	513.989946	2346.842445
  56.200	   0.000	       544.415	        90.245	     0.000	   339.073	   -20.885	    66.939	     0.000	    -1.788	459.660844	459.660844	544.882728	2344.999100
  56.400	   0.000	       572.534	        90.072	     0.000	   338.349	   -20.751	    64.805	     0.000	    -1.676	486.769562	486.769562	572.086120	2344.833836
  56.600	   0.000	       595.514	        92.072	     0.000	   337.629	   -20.619	    63.238	     0.000	    -1.596	510.434713	510.434713	595.695592	2346.836416
  56.800	   0.000	       620.627	        94.071	     0.000	   336.911	   -20.488	    61.732	     0.000	    -1.521	535.320546	535.320546	620.709043	2348.817917
  57.000	   0.000	       624.880	        95.977	     0.000	   336.197	   -20.358	    61.402	     0.000	    -1.504	539.499476	539.499476	624.946373	2350.724059
  57.200	   0.000	       624.235	        96.248	     0.000	   335.485	   -20.229	    61.303	     0.000	    -1.500	539.245135	539.245135	624.149474	2350.992952
  57.400	   0.000	       631.679	        94.295	     0.000	   334.777	   -20.101	    60.709	     0.000	    -1.471	546.221896	546.221896	631.596615	2349.045392
  57.600	   0.000	       635.927	        92.363	     0.000	   334.071	   -19.974	    60.155	     0.000	    -1.444	550.367236	550.367236	635.826592	2347.112856
  57.800	   0.000	       617.162	        90.512	     0.000	   333.369	   -19.848	    60.955	     0.000	    -1.483	531.423980	531.423980	616.977110	2345.266327
  58.000	   0.000	       586.478	        90.239	     0.000	   332.669	   -19.724	    62.612	     0.000	    -1.564	501.262328	501.262328	586.516191	2345.008610
  58.200	   0.000	       563.587	        92.239	     0.000	   331.973	   -19.600	    64.194	     0.000	    -1.644	478.121142	478.121142	563.309893	2347.004002
  58.400	   0.000	       537.805	        94.239	     0.000	   331.279	   -19.477	    65.932	     0.000	    -1.735	452.489821	452.489821	537.674491	2348.985994
  58.600	   0.000	       506.028	        96.124	     0.000	   330.588	   -19.356	    68.458	     0.000	    -1.870	420.734177	420.734177	506.131820	2350.870144
  58.800	   0.000	       482.154	        96.463	     0.000	   329.900	   -19.235	    70.480	     0.000	    -1.982	396.655141	396.655141	481.896735	2351.202364
  59.000	   0.000	       459.252	        94.484	     0.000	   329.215	   -19.116	    72.289	     0.000	    -2.085	373.884543	373.884543	458.978060	2349.233454
  59.200	   0.000	       441.764	        92.520	     0.000	   328.533	   -18.997	    73.808	     0.000	    -2.174	356.232781	356.232781	441.865193	2347.270120
  59.400	   0.000	       428.298	        90.658	     0.000	   327.854	   -18.879	    74.984	     0.000	    -2.244	343.201943	343.201943	428.281895	2345.412151
  59.600	   0.000	       438.533	        90.289	     0.000	   327.177	   -18.763	    73.652	     0.000	    -2.165	352.811956	352.811956	438.190666	2345.056950
  59.800	   0.000	       446.615	        92.289	     0.000	   326.503	   -18.647	    72.885	     0.000	    -2.120	361.087851	361.087851	446.513537	2347.045638
  60.000	   0.000	       441.747	        94.272	     0.000	   325.832	   -18.532	    73.430	     0.000	    -2.152	356.745330	356.745330	441.868806	2349.020788
  60.200	   0.000	       457.248	        96.132	     0.000	   325.164	   -18.418	    72.007	     0.000	    -2.069	372.491940	372.491940	457.708034	2350.879845
  60.400	   0.000	       487.089	        96.535	     0.000	   324.498	   -18.306	    69.127	     0.000	    -1.907	401.771896	401.771896	486.870156	2351.265683
  60.600	   0.000	       518.995	        94.535	     0.000	   323.835	   -18.194	    66.137	     0.000	    -1.745	434.233869	434.233869	519.421289	2349.270660
  60.800	   0.000	       541.764	        92.535	     0.000	   323.175	   -18.083	    64.149	     0.000	    -1.642	456.154346	456.154346	541.351020	2347.275019
  61.000	   0.000	       574.544	        90.636	     0.000	   322.518	   -17.972	    61.680	     0.000	    -1.518	488.760200	488.760200	574.411045	2345.388653
  61.200	   0.000	       595.747	        90.172	     0.000	   321.863	   -17.863	    60.159	     0.000	    -1.444	510.079950	510.079950	595.448665	2344.933771
  61.400	   0.000	       610.512	        92.147	     0.000	   321.211	   -17.755	    59.330	     0.000	    -1.405	524.808412	524.808412	610.128134	2346.897076
  61.600	   0.000	       626.036	        94.100	     0.000	   320.561	   -17.647	    58.399	     0.000	    -1.361	540.649851	540.649851	625.999302	2348.848766
  61.800	   0.000	       634.065	        95.939	     0.000	   319.915	   -17.541	    57.942	     0.000	    -1.340	548.744077	548.744077	634.082029	2350.685539
  62.000	   0.000	       627.275	        96.385	     0.000	   319.270	   -17.435	    58.141	     0.000	    -1.349	541.692723	541.692723	626.931070	2351.108571
  62.200	   0.000	       609.066	        94.387	     0.000	   318.629	   -17.330	    58.968	     0.000	    -1.388	523.624752	523.624752	608.962472	2349.098382
  62.400	   0.000	       596.419	        92.387	     0.000	   317.989	   -17.226	    59.500	     0.000	    -1.413	511.610633	511.610633	596.715300	2347.082494
  62.600	   0.000	       590.254	        90.387	     0.000	   317.353	   -17.123	    59.553	     0.000	    -1.415	504.241181	504.241181	589.804842	2345.144934
  62.800	   0.000	       558.554	        89.823	     0.000	   316.719	   -17.020	    61.319	     0.000	    -1.500	473.608732	473.608732	558.711557	2344.586146
  63.000	   0.000	       526.844	        91.737	     0.000	   316.087	   -16.919	    63.530	     0.000	    -1.610	441.641948	441.641948	526.860985	2346.486748
  63.200	   0.000	       497.343	        93.631	     0.000	   315.458	   -16.818	    65.823	     0.000	    -1.729	412.513311	412.513311	497.775457	2348.380736
  63.400	   0.000	       473.949	        95.475	     0.000	   314.832	   -16.718	    67.856	     0.000	    -1.837	387.804998	387.804998	473.040181	2350.224773
  63.600	   0.000	       445.873	        95.964	     0.000	   314.208	   -16.619	    70.489	     0.000	    -1.983	361.227767	361.227767	446.382139	2350.683795
  63.800	   0.000	       439.714	        93.971	     0.000	   313.587	   -16.520	    70.818	     0.000	    -2.001	354.332762	354.332762	439.571578	2348.675453
  64.000	   0.000	       430.760	        91.971	     0.000	   312.967	   -16.423	    71.354	     0.000	    -2.032	345.651991	345.651991	430.938120	2346.654947
  64.200	   0.000	       424.640	        89.971	     0.000	   312.351	   -16.326	    71.726	     0.000	    -2.053	339.315617	339.315617	424.705547	2344.669361
  64.400	   0.000	       428.809	        89.214	     0.000	   311.737	   -16.230	    71.107	     0.000	    -2.018	343.539520	343.539520	428.687084	2343.979516
  64.600	   0.000	       454.092	        91.051	     0.000	   311.125	   -16.134	    68.707	     0.000	    -1.884	369.070390	369.070390	454.338912	2345.800387
  64.800	   0.000	       472.429	        92.877	     0.000	   310.515	   -16.040	    66.970	     0.000	    -1.790	387.036155	387.036155	472.535156	2347.627013
  65.000	   0.000	       486.456	        94.676	     0.000	   309.908	   -15.946	    65.784	     0.000	    -1.727	401.392707	401.392707	486.491097	2349.424740
  65.200	   0.000	       509.790	        95.251	     0.000	   309.304	   -15.853	    63.973	     0.000	    -1.633	423.958570	423.958570	509.326352	2349.972181
  65.400	   0.000	       541.488	        93.263	     0.000	   308.702	   -15.760	    61.350	     0.000	    -1.502	456.043718	456.043718	541.457303	2347.974812
  65.600	   0.000	       569.674	        91.263	     0.000	   308.102	   -15.669	    59.256	     0.000	    -1.401	483.847236	483.847236	569.517139	2345.956643
  65.800	   0.000	       594.191	        89.263	     0.000	   307.504	   -15.578	    57.565	     0.000	    -1.322	508.237210	508.237210	593.755191	2343.954909
  66.000	   0.000	       614.359	        88.339	     0.000	   306.909	   -15.487	    56.270	     0.000	    -1.263	529.112093	529.112093	613.973832	2343.110605
  66.200	   0.000	       623.279	        90.108	     0.000	   306.316	   -15.398	    55.694	     0.000	    -1.238	537.995318	537.995318	623.524408	2344.857505
  66.400	   0.000	       617.493	        91.869	     0.000	   305.725	   -15.309	    56.007	     0.000	    -1.252	532.560974	532.560974	617.565450	2346.618794
  66.600	   0.000	       620.595	        93.608	     0.000	   305.137	   -15.221	    55.824	     0.000	    -1.243	535.019133	535.019133	620.438097	2348.357584
  66.800	   0.000	       613.486	        94.285	     0.000	   304.550	   -15.133	    56.118	     0.000	    -1.257	528.509029	528.509029	613.551156	2348.987824
  67.000	   0.000	       593.555	        92.314	     0.000	   303.966	   -15.046	    56.961	     0.000	    -1.295	508.087992	508.087992	593.438942	2347.020094
  67.200	   0.000	       559.534	        90.314	     0.000	   303.385	   -14.960	    58.725	     0.000	    -1.376	475.235329	475.235329	560.313523	2345.006122
  67.400	   0.000	       542.899	        88.314	     0.000	   302.805	   -14.874	    59.608	     0.000	    -1.418	456.961060	456.961060	542.511372	2343.003535
  67.600	   0.000	       524.870	        87.273	     0.000	   302.228	   -14.789	    60.642	     0.000	    -1.467	439.141412	439.141412	524.585011	2342.029495
  67.800	   0.000	       490.634	        88.936	     0.000	   301.653	   -14.705	    63.058	     0.000	    -1.587	406.280206	406.280206	490.961054	2343.686148
  68.000	   0.000	       468.480	        90.640	     0.000	   301.080	   -14.622	    64.987	     0.000	    -1.685	383.089612	383.089612	468.592196	2345.389554
  68.200	   0.000	       444.587	        92.326	     0.000	   300.509	   -14.539	    67.110	     0.000	    -1.797	359.358591	359.358591	444.451266	2347.075478
  68.400	   0.000	       425.403	        93.047	     0.000	   299.941	   -14.456	    69.039	     0.000	    -1.902	340.049900	340.049900	425.000592	2347.787703
  68.600	   0.000	       417.064	        91.147	     0.000	   299.374	   -14.374	    69.645	     0.000	    -1.935	332.029536	332.029536	417.270180	2345.864157
  68.800	   0.000	       427.552	        89.147	     0.000	   298.810	   -14.293	    68.338	     0.000	    -1.863	341.797251	341.797251	427.435715	2343.858477
  69.000	   0.000	       438.011	        87.147	     0.000	   298.248	   -14.213	    66.908	     0.000	    -1.786	352.368095	352.368095	437.734038	2341.865574
  69.200	   0.000	       442.679	        86.048	     0.000	   297.688	   -14.133	    66.280	     0.000	    -1.753	357.496348	357.496348	442.693896	2340.789208
  69.400	   0.000	       461.828	        87.621	     0.000	   297.130	   -14.054	    64.619	     0.000	    -1.666	376.745377	376.745377	461.911815	2342.370908
  69.600	   0.000	       494.210	        89.284	     0.000	   296.574	   -13.975	    62.043	     0.000	    -1.536	408.575233	408.575233	493.921712	2344.033760
  69.800	   0.000	       522.143	        90.938	     0.000	   296.020	   -13.897	    59.931	     0.000	    -1.433	436.924414	436.924414	522.256377	2345.687924
  70.000	   0.000	       540.506	        91.742	     0.000	   295.469	   -13.819	    58.671	     0.000	    -1.374	454.868524	454.868524	539.940208	2346.467667
  70.200	   0.000	       561.026	        89.839	     0.000	   294.919	   -13.742	    57.163	     0.000	    -1.304	476.179548	476.179548	561.313034	2344.575452
  70.400	   0.000	       589.735	        87.839	     0.000	   294.371	   -13.666	    55.233	     0.000	    -1.217	503.837303	503.837303	589.448429	2342.581565
  70.600	   0.000	       600.798	        85.850	     0.000	   293.826	   -13.590	    54.437	     0.000	    -1.182	515.656600	515.656600	600.831850	2340.601569
  70.800	   0.000	       618.593	        84.691	     0.000	   293.282	   -13.515	    53.347	     0.000	    -1.136	533.494907	533.494907	618.520023	2339.453585
  71.000	   0.000	       627.013	        86.250	     0.000	   292.741	   -13.440	    52.880	     0.000	    -1.116	541.172780	541.172780	626.626215	2341.001013
  71.200	   0.000	       616.109	        87.900	     0.000	   292.201	   -13.366	    53.357	     0.000	    -1.136	531.094699	531.094699	616.474825	2342.649866
  71.400	   0.000	       591.355	        89.537	     0.000	   291.663	   -13.292	    54.619	     0.000	    -1.190	506.224810	506.224810	591.265795	2344.286534
  71.600	   0.000	       580.476	        90.390	     0.000	   291.128	   -13.219	    55.212	     0.000	    -1.216	495.408623	495.408623	580.550867	2345.113401
  71.800	   0.000	       563.550	        88.489	     0.000	   290.594	   -13.146	    55.935	     0.000	    -1.248	477.824198	477.824198	563.340744	2343.238226
  72.000	   0.000	       535.254	        86.512	     0.000	   290.063	   -13.074	    57.432	     0.000	    -1.316	449.502737	449.502737	535.174737	2341.261725
  72.200	   0.000	       500.276	        84.555	     0.000	   289.533	   -13.003	    59.540	     0.000	    -1.415	415.123434	415.123434	500.103303	2339.305303
  72.400	   0.000	       480.513	        83.341	     0.000	   289.005	   -12.932	    60.864	     0.000	    -1.478	394.809204	394.809204	480.391856	2338.114975
  72.600	   0.000	       460.179	        84.904	     0.000	   288.479	   -12.861	    62.445	     0.000	    -1.556	374.743443	374.743443	459.880733	2339.654596
  72.800	   0.000	       440.420	        86.545	     0.000	   287.955	   -12.791	    64.178	     0.000	    -1.644	355.400217	355.400217	440.605519	2341.293994
  73.000	   0.000	       429.036	        88.160	     0.000	   287.433	   -12.722	    65.413	     0.000	    -1.707	343.358725	343.358725	428.599600	2342.908073
  73.200	   0.000	       421.509	        89.071	     0.000	   286.913	   -12.653	    66.038	     0.000	    -1.740	336.223445	336.223445	421.497109	2343.783905
  73.400	   0.000	       413.403	        87.183	     0.000	   286.394	   -12.585	    66.635	     0.000	    -1.772	328.229887	328.229887	413.431393	2341.933534
  73.600	   0.000	       421.235	        85.235	     0.000	   285.878	   -12.517	    65.631	     0.000	    -1.719	335.728193	335.728193	421.178709	2339.985417
  73.800	   0.000	       445.826	        83.313	     0.000	   285.363	   -12.449	    63.066	     0.000	    -1.587	361.176398	361.176398	446.193375	2338.063750
  74.000	   0.000	       475.923	        82.069	     0.000	   284.851	   -12.382	    60.356	     0.000	    -1.454	390.326044	390.326044	475.765755	2336.845612
  74.200	   0.000	       486.615	        83.631	     0.000	   284.340	   -12.316	    59.569	     0.000	    -1.416	402.355527	402.355527	487.289083	2338.381175
  74.400	   0.000	       514.106	        85.261	     0.000	   283.831	   -12.250	    57.644	     0.000	    -1.326	428.282833	428.282833	513.689332	2340.011633
  74.600	   0.000	       543.270	        86.862	     0.000	   283.324	   -12.184	    55.782	     0.000	    -1.242	458.307703	458.307703	543.430424	2341.611768
  74.800	   0.000	       569.343	        87.826	     0.000	   282.818	   -12.119	    54.171	     0.000	    -1.171	484.118882	484.118882	569.345185	2342.538483
  75.000	   0.000	       583.734	        85.971	     0.000	   282.314	   -12.054	    53.187	     0.000	    -1.129	498.184238	498.184238	583.789626	2340.724029
  75.200	   0.000	       600.627	        84.054	     0.000	   281.813	   -11.990	    52.128	     0.000	    -1.084	515.530521	515.530521	600.679392	2338.806077
  75.400	   0.000	       609.371	        82.171	     0.000	   281.313	   -11.927	    51.482	     0.000	    -1.058	523.516023	523.516023	609.021836	2336.922162
  75.600	   0.000	       603.414	        80.910	     0.000	   280.814	   -11.863	    51.573	     0.000	    -1.061	519.080111	519.080111	603.818592	2335.687744
  75.800	   0.000	       608.668	        82.467	     0.000	   280.318	   -11.800	    51.341	     0.000	    -1.052	523.009528	523.009528	608.633873	2337.213580
  76.000	   0.000	       601.097	        84.094	     0.000	   279.823	   -11.738	    51.631	     0.000	    -1.064	515.883992	515.883992	601.079290	2338.842017
  76.200	   0.000	       576.403	        85.689	     0.000	   279.330	   -11.676	    52.867	     0.000	    -1.115	490.333881	490.333881	575.836947	2340.437791
  76.400	   0.000	       543.825	        86.699	     0.000	   278.839	   -11.615	    54.689	     0.000	    -1.193	458.433539	458.433539	543.867088	2341.410783
  76.600	   0.000	       517.084	        84.892	     0.000	   278.349	   -11.554	    56.206	     0.000	    -1.261	431.972020	431.972020	517.192284	2339.638629
  76.800	   0.000	       500.254	        82.999	     0.000	   277.861	   -11.493	    57.051	     0.000	    -1.299	414.403031	414.403031	500.015591	2337.748228
  77.000	   0.000	       471.944	        81.153	     0.000	   277.375	   -11.433	    58.860	     0.000	    -1.382	386.549429	386.549429	471.721062	2335.902807
  77.200	   0.000	       447.557	        79.883	     0.000	   276.890	   -11.373	    60.581	     0.000	    -1.464	362.723872	362.723872	447.799550	2334.658612
  77.400	   0.000	       433.427	        81.414	     0.000	   276.408	   -11.314	    61.831	     0.000	    -1.525	348.237297	348.237297	433.668648	2336.166418
  77.600	   0.000	       420.549	        83.053	     0.000	   275.927	   -11.255	    63.007	     0.000	    -1.584	335.294165	335.294165	420.525485	2337.803256
  77.800	   0.000	       414.499	        84.647	     0.000	   275.447	   -11.196	    63.712	     0.000	    -1.620	329.855301	329.855301	414.666775	2339.396381
  78.000	   0.000	       421.042	        85.695	     0.000	   274.969	   -11.138	    63.150	     0.000	    -1.591	335.651729	335.651729	420.889271	2340.407409
  78.200	   0.000	       433.169	        83.938	     0.000	   274.493	   -11.080	    61.705	     0.000	    -1.519	347.854499	347.854499	433.452592	2338.684405
  78.400	   0.000	       434.588	        82.070	     0.000	   274.019	   -11.023	    61.335	     0.000	    -1.501	349.506679	349.506679	434.669824	2336.819602
  78.600	   0.000	       458.147	        80.259	     0.000	   273.546	   -10.966	    59.250	     0.000	    -1.401	372.938016	372.938016	458.299634	2335.009354
  78.800	   0.000	       493.264	        78.982	     0.000	   273.075	   -10.909	    56.491	     0.000	    -1.273	407.751912	407.751912	492.948573	2333.756810
  79.000	   0.000	       523.483	        80.489	     0.000	   272.605	   -10.853	    54.488	     0.000	    -1.185	438.755041	438.755041	524.029936	2335.246603
  79.200	   0.000	       542.318	        82.138	     0.000	   272.137	   -10.797	    53.288	     0.000	    -1.133	456.655722	456.655722	541.919077	2336.889722
  79.400	   0.000	       565.322	        83.728	     0.000	   271.671	   -10.742	    52.076	     0.000	    -1.082	479.724425	479.724425	565.102604	2338.478460
  79.600	   0.000	       582.873	        84.809	     0.000	   271.206	   -10.687	    51.082	     0.000	    -1.041	498.112131	498.112131	583.119971	2339.522828
  79.800	   0.000	       595.857	        83.104	     0.000	   270.743	   -10.632	    50.251	     0.000	    -1.008	510.336800	510.336800	595.769368	2337.846289
  80.000	   0.000	       601.362	        81.255	     0.000	   270.282	   -10.578	    49.790	     0.000	    -0.989	516.357260	516.357260	601.470252	2336.005860
  80.200	   0.000	       607.749	        79.473	     0.000	   269.821	   -10.524	    49.328	     0.000	    -0.971	521.975601	521.975601	607.406126	2334.224184
  80.400	   0.000	       596.453	        78.192	     0.000	   269.363	   -10.470	    49.664	     0.000	    -0.984	511.348169	511.348169	596.480106	2332.964844
  80.600	   0.000	       578.202	        79.684	     0.000	   268.906	   -10.417	    50.526	     0.000	    -1.019	492.512997	492.512997	577.935699	2334.437947
  80.800	   0.000	       565.099	        81.334	     0.000	   268.451	   -10.364	    51.268	     0.000	    -1.049	479.974043	479.974043	565.271955	2336.082681
  81.000	   0.000	       550.836	        82.917	     0.000	   267.997	   -10.312	    51.959	     0.000	    -1.077	465.228180	465.228180	550.506564	2337.666045
  81.200	   0.000	       515.615	        84.023	     0.000	   267.545	   -10.260	    53.988	     0.000	    -1.163	430.404944	430.404944	515.776708	2338.739255
  81.400	   0.000	       481.138	        82.355	     0.000	   267.094	   -10.208	    56.079	     0.000	    -1.255	395.998853	395.998853	481.127821	2337.102794
  81.600	   0.000	       455.824	        80.530	     0.000	   266.645	   -10.157	    57.717	     0.000	    -1.329	371.098124	371.098124	456.335395	2335.282977
  81.800	   0.000	       445.012	        78.774	     0.000	   266.197	   -10.105	    58.398	     0.000	    -1.361	359.205216	359.205216	444.493029	2333.526004
  82.000	   0.000	       421.717	        77.490	     0.000	   265.751	   -10.055	    60.081	     0.000	    -1.440	337.425688	337.425688	422.427071	2332.262020
  82.200	   0.000	       419.466	        78.964	     0.000	   265.306	   -10.004	    60.355	     0.000	    -1.454	333.924346	333.924346	419.384024	2333.718085
  82.400	   0.000	       417.080	        80.610	     0.000	   264.863	    -9.954	    60.657	     0.000	    -1.468	331.181076	331.181076	416.743926	2335.356130
  82.600	   0.000	       414.703	        82.185	     0.000	   264.421	    -9.905	    60.867	     0.000	    -1.478	329.694910	329.694910	414.866710	2336.933603
  82.800	   0.000	       423.530	        83.314	     0.000	   263.981	    -9.855	    60.202	     0.000	    -1.446	338.102282	338.102282	423.444010	2338.030781
  83.000	   0.000	       447.967	        81.678	     0.000	   263.542	    -9.806	    57.972	     0.000	    -1.341	362.560050	362.560050	447.915161	2336.429664
  83.200	   0.000	       470.073	        79.882	     0.000	   263.104	    -9.757	    56.011	     0.000	    -1.252	384.305866	384.305866	469.746103	2334.632208
  83.400	   0.000	       482.318	        78.147	     0.000	   262.669	    -9.709	    54.943	     0.000	    -1.205	397.636989	397.636989	482.599732	2332.896069
  83.600	   0.000	       509.702	        76.856	     0.000	   262.234	    -9.661	    53.043	     0.000	    -1.123	424.367271	424.367271	509.719067	2331.626090
  83.800	   0.000	       544.875	        78.312	     0.000	   261.801	    -9.613	    50.988	     0.000	    -1.037	459.399675	459.399675	544.792334	2333.059923
  84.000	   0.000	       570.614	        79.936	     0.000	   261.369	    -9.566	    49.613	     0.000	    -0.982	485.229956	485.229956	570.586331	2334.686582
  84.200	   0.000	       586.298	        81.511	     0.000	   260.939	    -9.518	    48.809	     0.000	    -0.951	500.651773	500.651773	586.159428	2336.260939
  84.400	   0.000	       592.316	        82.658	     0.000	   260.510	    -9.472	    48.499	     0.000	    -0.939	507.753938	507.753938	592.590277	2337.377899
  84.600	   0.000	       600.766	        81.056	     0.000	   260.083	    -9.425	    47.900	     0.000	    -0.916	514.877042	514.877042	600.748211	2335.811557
  84.800	   0.000	       591.726	        79.291	     0.000	   259.657	    -9.379	    48.198	     0.000	    -0.927	506.663921	506.663921	591.730103	2334.036548
  85.000	   0.000	       586.711	        77.567	     0.000	   259.232	    -9.333	    48.240	     0.000	    -0.929	501.579657	501.579657	586.754620	2332.316819
  85.200	   0.000	       581.501	        76.271	     0.000	   258.809	    -9.287	    48.336	     0.000	    -0.932	496.480722	496.480722	581.993305	2331.039882
  85.400	   0.000	       555.960	        77.701	     0.000	   258.387	    -9.242	    49.549	     0.000	    -0.980	470.202719	470.202719	555.505121	2332.447983
  85.600	   0.000	       525.363	        79.315	     0.000	   257.967	    -9.197	    51.209	     0.000	    -1.046	440.368678	440.368678	525.503205	2334.067149
  85.800	   0.000	       505.166	        80.887	     0.000	   257.548	    -9.152	    52.454	     0.000	    -1.098	420.214025	420.214025	505.425040	2335.640198
  86.000	   0.000	       488.801	        82.050	     0.000	   257.130	    -9.108	    53.466	     0.000	    -1.141	403.198860	403.198860	488.909419	2336.772829
  86.200	   0.000	       456.113	        80.485	     0.000	   256.714	    -9.063	    55.501	     0.000	    -1.229	370.889698	370.889698	456.183667	2335.243621
  86.400	   0.000	       430.543	        78.742	     0.000	   256.299	    -9.020	    57.350	     0.000	    -1.312	345.158772	345.158772	430.383742	2333.486826
  86.600	   0.000	       414.516	        77.030	     0.000	   255.885	    -8.976	    58.423	     0.000	    -1.362	330.243691	330.243691	415.187892	2331.781310
  86.800	   0.000	       409.452	        75.733	     0.000	   255.473	    -8.933	    58.758	     0.000	    -1.378	323.775182	323.775182	409.240250	2330.501923
  87.000	   0.000	       408.631	        77.140	     0.000	   255.062	    -8.890	    58.806	     0.000	    -1.380	323.354151	323.354151	408.796191	2331.882892
  87.200	   0.000	       421.158	        78.749	     0.000	   254.652	    -8.847	    57.913	     0.000	    -1.338	335.476364	335.476364	420.880851	2333.503335
  87.400	   0.000	       432.490	        80.327	     0.000	   254.243	    -8.804	    56.925	     0.000	    -1.293	347.462970	347.462970	432.551390	2335.073849
  87.600	   0.000	       442.092	        81.499	     0.000	   253.836	    -8.762	    56.151	     0.000	    -1.258	356.948772	356.948772	442.328113	2336.221123
  87.800	   0.000	       459.561	        79.980	     0.000	   253.431	    -8.720	    54.764	     0.000	    -1.197	374.815728	374.815728	459.996877	2334.736726
  88.000	   0.000	       494.741	        78.247	     0.000	   253.026	    -8.678	    52.184	     0.000	    -1.087	409.116253	409.116253	494.109152	2332.992426
  88.200	   0.000	       521.676	        76.552	     0.000	   252.623	    -8.637	    50.359	     0.000	    -1.012	436.459223	436.459223	521.888413	2331.305420
  88.400	   0.000	       538.429	        75.261	     0.000	   252.221	    -8.596	    49.274	     0.000	    -0.969	453.115084	453.115084	538.609147	2330.028483
  88.600	   0.000	       557.476	        76.637	     0.000	   251.820	    -8.555	    48.298	     0.000	    -0.931	472.597118	472.597118	557.963690	2331.380402
  88.800	   0.000	       584.252	        78.261	     0.000	   251.421	    -8.514	    46.987	     0.000	    -0.881	498.773230	498.773230	583.996166	2333.012180
  89.000	   0.000	       594.311	        79.833	     0.000	   251.023	    -8.474	    46.506	     0.000	    -0.863	509.004988	509.004988	594.387432	2334.580506
  89.200	   0.000	       600.107	        81.025	     0.000	   250.626	    -8.434	    46.200	     0.000	    -0.852	515.153034	515.153034	600.525494	2335.747167
  89.400	   0.000	       594.914	        79.563	     0.000	   250.230	    -8.394	    46.273	     0.000	    -0.854	509.210581	509.210581	594.578946	2334.315649
  89.600	   0.000	       583.664	        77.832	     0.000	   249.836	    -8.354	    46.628	     0.000	    -0.868	498.422049	498.422049	583.830856	2332.580014
  89.800	   0.000	       556.514	        76.167	     0.000	   249.443	    -8.315	    47.754	     0.000	    -0.910	471.412259	471.412259	556.391424	2330.919595
  90.000	   0.000	       546.692	        74.885	     0.000	   249.051	    -8.276	    48.135	     0.000	    -0.925	461.144306	461.144306	546.727517	2329.649478
  90.200	   0.000	       530.771	        76.229	     0.000	   248.660	    -8.237	    48.937	     0.000	    -0.956	445.117993	445.117993	530.707830	2330.972788
  90.400	   0.000	       500.075	        77.876	     0.000	   248.271	    -8.198	    50.639	     0.000	    -1.023	414.325999	414.325999	499.697978	2332.626563
  90.600	   0.000	       468.920	        79.448	     0.000	   247.883	    -8.160	    52.680	     0.000	    -1.107	383.822476	383.822476	468.875035	2334.195095
  90.800	   0.000	       447.537	        80.658	     0.000	   247.496	    -8.122	    54.241	     0.000	    -1.174	362.704401	362.704401	448.069733	2335.387678
  91.000	   0.000	       432.779	        79.261	     0.000	   247.110	    -8.084	    55.137	     0.000	    -1.213	347.717609	347.717609	432.849516	2334.014988
  91.200	   0.000	       416.348	        77.534	     0.000	   246.725	    -8.046	    56.212	     0.000	    -1.261	331.095502	331.095502	416.386074	2332.287838
  91.400	   0.000	       404.899	        75.912	     0.000	   246.342	    -8.009	    57.068	     0.000	    -1.300	319.823520	319.823520	404.904108	2330.660728
  91.600	   0.000	       406.991	        74.638	     0.000	   245.960	    -7.971	    56.673	     0.000	    -1.282	321.423736	321.423736	406.989799	2329.399695
  91.800	   0.000	       409.401	        75.955	     0.000	   245.579	    -7.935	    56.531	     0.000	    -1.275	324.445313	324.445313	409.550205	2330.700070
  92.000	   0.000	       426.731	        77.638	     0.000	   245.199	    -7.898	    55.189	     0.000	    -1.215	341.253208	341.253208	426.564930	2332.384009
  92.200	   0.000	       451.064	        79.207	     0.000	   244.820	    -7.861	    53.440	     0.000	    -1.140	366.332894	366.332894	451.577531	2333.959042
  92.400	   0.000	       479.329	        80.455	     0.000	   244.443	    -7.825	    51.449	     0.000	    -1.056	393.252778	393.252778	478.850079	2335.184453
  92.600	   0.000	       488.435	        79.121	     0.000	   244.067	    -7.789	    50.735	     0.000	    -1.027	404.011128	404.011128	488.952011	2333.873266
  92.800	   0.000	       511.274	        77.401	     0.000	   243.691	    -7.753	    49.207	     0.000	    -0.966	426.407821	426.407821	511.404050	2332.158770
  93.000	   0.000	       545.640	        75.818	     0.000	   243.317	    -7.717	    47.244	     0.000	    -0.891	459.989820	459.989820	545.416141	2330.565325
  93.200	   0.000	       564.986	        74.551	     0.000	   242.944	    -7.682	    46.105	     0.000	    -0.848	480.039074	480.039074	565.361930	2329.314465
  93.400	   0.000	       578.242	        75.856	     0.000	   242.573	    -7.647	    45.459	     0.000	    -0.825	492.524197	492.524197	578.203969	2330.597878
  93.600	   0.000	       589.638	        77.573	     0.000	   242.202	    -7.612	    44.977	     0.000	    -0.807	504.275404	504.275404	589.605634	2332.317342
  93.800	   0.000	       595.542	        79.160	     0.000	   241.833	    -7.577	    44.712	     0.000	    -0.798	509.800142	509.800142	595.349246	2333.911055
  94.000	   0.000	       588.708	        80.446	     0.000	   241.464	    -7.542	    44.961	     0.000	    -0.807	503.626020	503.626020	588.970549	2335.175950
  94.200	   0.000	       581.273	        79.180	     0.000	   241.097	    -7.508	    45.185	     0.000	    -0.815	495.298350	495.298350	580.745249	2333.931585
  94.400	   0.000	       566.524	        77.481	     0.000	   240.731	    -7.474	    45.664	     0.000	    -0.832	481.422247	481.422247	566.542794	2332.236405
  94.600	   0.000	       538.877	        75.933	     0.000	   240.366	    -7.440	    46.861	     0.000	    -0.876	453.321073	453.321073	538.842256	2330.678006
  94.800	   0.000	       505.789	        74.683	     0.000	   240.002	    -7.406	    48.461	     0.000	    -0.937	420.520521	420.520521	505.943550	2329.448122
  95.000	   0.000	       487.970	        75.954	     0.000	   239.639	    -7.373	    49.570	     0.000	    -0.981	402.552732	402.552732	487.817171	2330.716184
  95.200	   0.000	       472.951	        77.739	     0.000	   239.278	    -7.339	    50.483	     0.000	    -1.017	387.555688	387.555688	473.037254	2332.481692
  95.400	   0.000	       447.229	        79.352	     0.000	   238.917	    -7.306	    52.207	     0.000	    -1.088	362.113669	362.113669	447.408617	2334.105389
  95.600	   0.000	       422.237	        80.681	     0.000	   238.557	    -7.273	    54.150	     0.000	    -1.170	337.136667	337.136667	422.361466	2335.408160
  95.800	   0.000	       412.607	        79.504	     0.000	   238.199	    -7.240	    54.767	     0.000	    -1.197	327.517273	327.517273	412.838731	2334.254978
  96.000	   0.000	       407.834	        77.820	     0.000	   237.842	    -7.208	    55.008	     0.000	    -1.207	322.081076	322.081076	407.600079	2332.573093
  96.200	   0.000	       404.749	        76.301	     0.000	   237.485	    -7.176	    55.071	     0.000	    -1.210	320.352088	320.352088	405.396343	2331.048537
  96.400	   0.000	       412.759	        75.087	     0.000	   237.130	    -7.143	    54.225	     0.000	    -1.173	327.445730	327.445730	412.770149	2329.851035
  96.600	   0.000	       432.243	        76.326	     0.000	   236.776	    -7.111	    52.768	     0.000	    -1.111	346.529912	346.529912	432.166826	2331.092687
  96.800	   0.000	       442.010	        78.160	     0.000	   236.423	    -7.080	    52.107	     0.000	    -1.083	357.180509	357.180509	442.054374	2332.907996
  97.000	   0.000	       469.461	        79.814	     0.000	   236.071	    -7.048	    50.342	     0.000	    -1.011	384.552533	384.552533	469.956487	2334.563374
  97.200	   0.000	       502.848	        81.165	     0.000	   235.720	    -7.017	    48.287	     0.000	    -0.930	417.594412	417.594412	502.897075	2335.895100
  97.400	   0.000	       531.688	        80.090	     0.000	   235.370	    -6.986	    46.581	     0.000	    -0.866	446.395685	446.395685	531.702005	2334.838479
  97.600	   0.000	       540.293	        78.417	     0.000	   235.021	    -6.955	    45.951	     0.000	    -0.843	455.493369	455.493369	540.439631	2333.171932
  97.800	   0.000	       559.489	        76.928	     0.000	   234.673	    -6.924	    44.923	     0.000	    -0.805	473.899068	473.899068	559.565536	2331.681867
  98.000	   0.000	       579.852	        75.762	     0.000	   234.326	    -6.893	    43.880	     0.000	    -0.768	494.256538	494.256538	579.809442	2330.523452
  98.200	   0.000	       589.386	        76.960	     0.000	   233.980	    -6.863	    43.425	     0.000	    -0.752	503.784802	503.784802	589.163875	2331.727840
  98.400	   0.000	       591.440	        78.843	     0.000	   233.635	    -6.832	    43.355	     0.000	    -0.750	506.137957	506.137957	591.527659	2333.583708
  98.600	   0.000	       586.899	        80.522	     0.000	   233.292	    -6.802	    43.525	     0.000	    -0.756	501.941672	501.941672	587.110291	2335.270013
  98.800	   0.000	       574.912	        81.889	     0.000	   232.949	    -6.772	    44.008	     0.000	    -0.773	489.977454	489.977454	575.273183	2336.620940
  99.000	   0.000	       556.609	        80.912	     0.000	   232.607	    -6.742	    44.743	     0.000	    -0.799	470.484762	470.484762	556.005548	2335.660497
  99.200	   0.000	       533.115	        79.267	     0.000	   232.266	    -6.713	    45.775	     0.000	    -0.836	448.243879	448.243879	533.261316	2334.015211
  99.400	   0.000	       518.190	        77.793	     0.000	   231.926	    -6.683	    46.330	     0.000	    -0.856	432.721844	432.721844	518.203250	2332.551400
  99.600	   0.000	       481.669	        76.669	     0.000	   231.588	    -6.654	    48.234	     0.000	    -0.928	396.287703	396.287703	481.924601	2331.428249
  99.800	   0.000	       451.420	        77.828	     0.000	   231.250	    -6.625	    50.163	     0.000	    -1.004	366.191143	366.191143	451.323537	2332.589612
 100.000	   0.000	       434.970	        79.711	     0.000	   230.913	    -6.596	    51.436	     0.000	    -1.056	349.928084	349.928084	435.196574	2334.471974
