  1	  2	  3	  4	  5	  6	  7	  8	  9	 10	 11	 12	 13	以上是沿线管道号
与进水口距离	  最大压力值	 最小压力值
    0.00	     2793.50	     2793.50
   10.77	     2793.92	     2793.18
   21.55	     2794.08	     2793.09
   32.32	     2794.23	     2792.95
   43.10	     2794.39	     2792.81
   53.87	     2794.55	     2792.67
   64.65	     2794.70	     2792.53
   75.42	     2794.85	     2792.41
   86.20	     2794.98	     2792.31
   96.97	     2795.10	     2792.22
  107.75	     2795.23	     2792.12
  118.53	     2795.36	     2792.02
  129.30	     2795.49	     2791.92
  140.08	     2795.36	     2791.98
  151.08	     2796.17	     2791.09
  162.09	     2796.36	     2790.94
  173.09	     2796.54	     2790.79
  184.10	     2796.71	     2790.64
  195.11	     2796.90	     2790.48
  206.11	     2797.08	     2790.34
  217.12	     2797.26	     2790.18
  228.13	     2797.44	     2790.02
  239.13	     2797.61	     2789.87
  250.14	     2797.78	     2789.71
  261.15	     2797.96	     2789.57
  272.15	     2798.14	     2789.42
  283.16	     2798.32	     2789.27
  294.17	     2798.50	     2789.12
  305.17	     2798.69	     2788.96
  316.18	     2798.86	     2788.80
  327.19	     2799.04	     2788.64
  338.19	     2799.21	     2788.49
  349.20	     2799.40	     2788.35
  360.21	     2799.58	     2788.20
  371.21	     2799.76	     2788.03
  382.22	     2799.94	     2787.87
  393.23	     2800.12	     2787.72
  404.23	     2800.30	     2787.57
  415.24	     2800.48	     2787.41
  426.25	     2800.66	     2787.26
  437.25	     2800.85	     2787.11
  448.26	     2801.03	     2786.96
  459.27	     2801.22	     2786.80
  470.27	     2801.40	     2786.65
  481.28	     2801.58	     2786.50
  492.29	     2801.76	     2786.35
  503.29	     2801.94	     2786.20
  514.30	     2802.13	     2786.05
  525.31	     2802.32	     2785.90
  536.31	     2802.50	     2785.75
  547.32	     2802.68	     2785.60
  558.33	     2802.86	     2785.44
  569.33	     2803.06	     2785.29
  580.34	     2803.25	     2785.13
  591.34	     2803.43	     2784.97
  602.35	     2803.62	     2784.81
  613.36	     2803.82	     2784.66
  624.36	     2804.00	     2784.50
  635.37	     2804.18	     2784.34
  646.38	     2804.37	     2784.18
  657.38	     2804.56	     2784.01
  668.39	     2804.75	     2783.85
  679.40	     2804.93	     2783.69
  690.40	     2805.11	     2783.53
  701.41	     2805.30	     2783.36
  712.42	     2805.49	     2783.19
  723.42	     2805.68	     2783.03
  734.43	     2805.86	     2782.86
  745.44	     2806.05	     2782.69
  756.44	     2806.23	     2782.51
  767.45	     2806.42	     2782.34
  778.46	     2806.60	     2782.18
  789.46	     2806.80	     2782.02
  800.47	     2806.98	     2781.85
  811.48	     2807.26	     2781.74
  822.48	     2807.54	     2781.75
  833.49	     2807.72	     2781.61
  844.50	     2807.89	     2781.46
  855.50	     2808.07	     2781.31
  866.51	     2808.24	     2781.17
  877.52	     2808.41	     2781.02
  888.52	     2808.58	     2780.86
  899.53	     2808.75	     2780.71
  910.54	     2808.92	     2780.56
  921.54	     2809.11	     2780.41
  932.55	     2809.28	     2780.27
  943.56	     2809.44	     2780.12
  954.56	     2809.62	     2779.97
  965.57	     2809.80	     2779.82
  976.58	     2809.97	     2779.67
  987.58	     2810.14	     2779.53
  998.59	     2810.31	     2779.38
 1009.59	     2810.48	     2779.22
 1020.60	     2810.66	     2779.08
 1031.61	     2810.84	     2778.94
 1042.61	     2811.01	     2778.78
 1053.62	     2811.19	     2778.64
 1064.63	     2811.36	     2778.50
 1075.63	     2811.53	     2778.35
 1086.64	     2811.71	     2778.20
 1097.65	     2811.88	     2778.05
 1108.65	     2812.06	     2777.90
 1119.66	     2812.24	     2777.76
 1130.67	     2812.41	     2777.61
 1141.67	     2812.59	     2777.45
 1152.68	     2812.77	     2777.30
 1163.69	     2812.94	     2777.14
 1174.69	     2813.11	     2776.99
 1185.70	     2813.29	     2776.84
 1196.71	     2813.46	     2776.69
 1207.71	     2813.64	     2776.54
 1218.72	     2813.82	     2776.38
 1229.73	     2814.00	     2776.22
 1240.73	     2814.18	     2776.07
 1251.74	     2814.35	     2775.91
 1262.75	     2814.51	     2775.76
 1273.75	     2814.69	     2775.61
 1284.76	     2814.88	     2775.45
 1295.77	     2815.06	     2775.29
 1306.77	     2815.23	     2775.13
 1317.78	     2815.40	     2774.97
 1328.79	     2815.57	     2774.81
 1339.79	     2815.75	     2774.66
 1350.80	     2815.93	     2774.51
 1361.81	     2816.12	     2774.35
 1372.81	     2816.30	     2774.20
 1383.82	     2816.48	     2774.05
 1394.83	     2816.65	     2773.89
 1405.83	     2816.82	     2773.72
 1416.84	     2817.00	     2773.57
 1427.85	     2817.18	     2773.46
 1438.85	     2817.36	     2773.42
 1449.86	     2817.54	     2773.26
 1460.86	     2817.73	     2773.10
 1471.87	     2817.90	     2772.96
 1482.88	     2817.29	     2773.08
 1493.54	     2817.45	     2772.51
 1504.21	     2818.01	     2771.84
 1514.88	     2818.73	     2770.83
 1526.03	     2819.58	     2769.60
 1537.17	     2820.58	     2768.41
 1548.32	     2821.54	     2767.20
 1559.47	     2822.76	     2765.99
 1570.61	     2824.04	     2764.82
 1581.76	     2824.99	     2763.61
 1592.91	     2825.91	     2762.45
 1604.06	     2826.83	     2761.21
 1615.20	     2827.85	     2759.94
 1626.35	     2828.85	     2758.71
 1637.50	     2829.77	     2757.57
 1648.65	     2830.75	     2756.41
 1659.79	     2831.79	     2755.25
 1670.94	     2832.86	     2754.14
 1682.09	     2833.83	     2753.07
 1693.24	     2835.00	     2751.94
 1704.38	     2836.07	     2750.85
 1715.53	     2837.15	     2749.81
 1726.68	     2838.31	     2748.94
 1737.82	     2839.30	     2747.97
 1748.97	     2840.07	     2746.94
 1760.12	     2841.11	     2746.04
 1771.27	     2842.12	     2745.15
 1782.41	     2842.88	     2744.26
 1793.56	     2843.62	     2743.42
 1804.71	     2844.42	     2742.68
 1815.86	     2845.33	     2741.91
 1827.00	     2846.43	     2741.15
 1838.15	     2847.54	     2740.44
 1849.30	     2848.54	     2739.97
 1860.45	     2849.57	     2739.42
 1871.59	     2850.57	     2738.84
 1882.74	     2851.62	     2738.45
 1893.89	     2852.77	     2738.02
 1905.04	     2853.76	     2737.47
 1916.02	     2854.98	     2737.00
 1927.01	     2856.33	     2736.50
 1938.00	     2857.89	     2735.91
 1948.99	     2859.05	     2735.20
 1959.98	     2860.17	     2734.32
 1970.97	     2861.47	     2732.92
 1981.96	     2862.50	     2731.72
 1992.95	     2863.60	     2730.59
 2003.94	     2864.64	     2729.30
 2014.93	     2865.72	     2728.12
 2025.92	     2866.84	     2726.86
 2036.91	     2867.88	     2725.36
 2047.90	     2868.89	     2723.98
 2058.89	     2870.09	     2722.65
 2069.88	     2871.24	     2721.37
 2080.87	     2872.36	     2719.96
 2091.86	     2873.55	     2718.73
 2102.85	     2874.68	     2717.53
 2113.84	     2875.69	     2716.23
 2124.83	     2876.85	     2715.05
 2135.82	     2877.97	     2714.02
 2146.81	     2879.13	     2712.76
 2157.80	     2880.28	     2711.81
 2168.79	     2881.21	     2710.80
 2179.78	     2882.38	     2709.84
 2190.77	     2883.71	     2708.92
 2201.76	     2885.24	     2708.02
 2212.75	     2886.85	     2707.14
 2223.74	     2888.26	     2706.41
 2234.73	     2889.62	     2705.66
 2245.72	     2890.97	     2704.89
 2256.71	     2892.32	     2704.21
 2267.70	     2893.84	     2703.63
 2278.69	     2895.35	     2702.94
 2289.68	     2896.68	     2702.26
 2300.67	     2897.88	     2701.91
 2311.66	     2899.12	     2701.58
 2322.65	     2900.24	     2700.93
 2333.64	     2901.42	     2700.21
 2344.63	     2902.60	     2699.37
 2355.62	     2903.66	     2698.33
 2366.61	     2904.64	     2697.41
 2377.59	     2905.76	     2696.52
 2388.58	     2906.92	     2695.64
 2399.57	     2907.93	     2694.76
 2410.56	     2908.73	     2693.94
 2421.55	     2909.68	     2693.12
 2432.54	     2910.60	     2692.42
 2443.53	     2911.50	     2691.73
 2454.52	     2912.30	     2691.09
 2465.51	     2912.97	     2690.42
 2476.50	     2913.63	     2689.78
 2487.49	     2914.26	     2689.22
 2498.48	     2914.92	     2688.79
 2509.47	     2915.58	     2688.44
 2520.46	     2916.16	     2688.11
 2531.45	     2916.64	     2687.73
 2542.44	     2916.97	     2686.97
 2553.43	     2917.11	     2686.33
 2564.42	     2917.11	     2685.71
 2575.41	     2917.12	     2685.13
 2586.40	     2917.02	     2684.52
 2597.39	     2916.92	     2683.98
 2608.38	     2916.84	     2683.44
 2619.37	     2916.74	     2682.98
 2630.36	     2916.60	     2682.56
 2641.35	     2916.30	     2682.14
 2652.34	     2916.48	     2681.94
 2663.33	     2917.03	     2681.69
 2674.32	     2917.67	     2681.50
 2685.31	     2918.27	     2681.20
 2696.30	     2918.85	     2680.94
 2707.29	     2919.24	     2680.84
 2718.28	     2919.70	     2680.84
 2729.27	     2920.04	     2680.83
 2740.26	     2920.23	     2680.83
 2751.25	     2920.65	     2680.75
 2762.24	     2921.02	     2680.74
 2773.23	     2921.41	     2680.60
 2784.22	     2921.69	     2680.53
 2795.21	     2922.01	     2680.40
 2806.71	     2922.38	     2680.44
 2818.21	     2922.66	     2680.37
 2829.72	     2922.99	     2680.06
 2841.22	     2923.19	     2679.82
 2852.73	     2923.38	     2679.76
 2870.11	     2924.00	     2678.98
 2876.64	     2924.26	     2678.95
 2886.20	     2924.44	     2678.52
 2895.76	     2377.06	     2334.02
 2908.52	     2376.79	     2335.16
 2921.28	     2376.43	     2335.79
 2932.15	     2376.20	     2336.57
 2943.01	     2375.99	     2337.24
 2953.88	     2375.81	     2337.46
 2964.74	     2375.59	     2338.10
 2975.61	     2375.39	     2338.52
 2986.48	     2375.12	     2338.94
 2997.34	     2374.79	     2339.43
 3008.21	     2374.41	     2339.64
 3019.07	     2374.16	     2340.01
 3029.94	     2373.96	     2340.47
 3040.80	     2373.66	     2340.92
 3051.67	     2373.34	     2341.32
 3062.54	     2372.87	     2341.75
 3073.40	     2372.41	     2342.36
 3084.27	     2372.04	     2342.60
 3095.13	     2371.79	     2342.79
 3106.00	     2371.52	     2343.25
 3116.86	     2371.24	     2343.74
 3127.73	     2370.95	     2344.03
 3138.60	     2370.47	     2344.72
 3149.46	     2370.19	     2344.89
 3160.33	     2370.09	     2345.33
 3171.19	     2370.00	     2345.64
 3182.06	     2369.90	     2345.93
 3192.92	     2369.80	     2346.20
 3203.79	     2369.70	     2346.49
 3214.66	     2369.60	     2346.99
 3225.52	     2369.50	     2347.13
 3236.39	     2369.40	     2347.23
 3247.25	     2369.30	     2347.36
 3258.12	     2369.20	     2347.50
 3268.98	     2369.10	     2347.70
 3279.85	     2369.00	     2347.82
 3290.71	     2368.90	     2347.59
 3301.58	     2368.80	     2347.49
 3312.45	     2368.70	     2347.43
 3323.31	     2368.60	     2347.02
 3334.18	     2368.50	     2346.91
 3345.04	     2368.41	     2347.18
 3355.07	     2368.58	     2346.95
 3365.09	     2368.45	     2347.14
 3375.12	     2368.32	     2347.34
 3385.14	     2368.22	     2347.53
 3395.16	     2368.13	     2347.71
 3405.19	     2368.04	     2347.93
 3415.21	     2367.96	     2348.13
 3425.24	     2367.90	     2348.29
 3435.26	     2367.85	     2348.48
 3445.28	     2367.78	     2348.67
 3455.31	     2367.72	     2348.83
 3465.33	     2367.66	     2349.02
 3475.36	     2367.60	     2349.21
 3485.38	     2367.55	     2349.38
 3495.41	     2367.51	     2349.56
 3505.43	     2367.45	     2349.75
 3515.45	     2367.40	     2349.93
 3525.48	     2367.45	     2350.08
 3535.50	     2367.33	     2350.33
 3545.53	     2367.28	     2350.51
 3555.55	     2367.23	     2350.67
 3565.57	     2367.17	     2350.85
 3575.60	     2367.11	     2351.04
 3585.62	     2367.06	     2351.20
 3595.65	     2367.01	     2351.36
 3605.67	     2366.94	     2351.54
 3615.69	     2366.89	     2351.70
 3625.72	     2366.84	     2351.86
 3635.74	     2366.78	     2352.03
 3645.77	     2366.73	     2352.18
 3655.79	     2366.68	     2352.33
 3665.82	     2366.62	     2352.51
 3675.84	     2366.57	     2352.67
 3685.86	     2366.52	     2352.80
 3695.89	     2366.46	     2352.95
 3705.91	     2366.08	     2353.48
 3716.05	     2366.01	     2353.55
 3726.19	     2365.78	     2353.82
 3736.32	     2365.55	     2354.09
 3746.46	     2365.33	     2354.36
 3756.59	     2365.10	     2354.63
 3766.73	     2364.88	     2354.90
 3776.87	     2364.65	     2355.17
 3787.00	     2364.42	     2355.44
 3797.14	     2364.20	     2355.71
 3807.28	     2363.97	     2355.98
 3817.41	     2363.74	     2356.25
 3827.55	     2363.52	     2356.52
 3837.69	     2363.31	     2356.80
 3847.82	     2363.07	     2357.08
 3857.96	     2362.84	     2357.35
 3868.10	     2362.60	     2357.63
 3878.23	     2362.36	     2357.90
 3888.37	     2362.13	     2358.17
 3898.51	     2361.89	     2358.45
 3908.64	     2361.66	     2358.72
 3918.78	     2361.42	     2359.00
 3928.92	     2361.19	     2359.28
 3939.05	     2360.95	     2359.55
 3949.19	     2360.72	     2359.82
 3959.33	     2360.30	     2360.30
