    时间	    开度值	      蜗壳压力	      尾水管压力	    流量	      转速	      出力	  单位转速	  单位流量	  单位力矩	球阀前压力	球阀后压力	蜗壳进口压力	尾水管出口压力
   0.000	   0.883	       496.798	        64.200	    81.324	   428.600	   306.065	    87.838	     0.225	    22.340	421.354739	420.753579	496.798437	2339.833435
   0.200	   0.883	       508.637	        64.134	    81.157	   436.922	   307.178	    89.167	     0.224	    21.809	422.918808	422.918808	508.038119	2339.959498
   0.400	   0.879	       511.694	        62.927	    80.838	   445.134	   308.092	    90.372	     0.222	    21.249	426.258833	426.258833	511.197570	2339.118074
   0.600	   0.875	       515.130	        62.578	    80.485	   453.211	   308.250	    91.588	     0.220	    20.689	429.658783	429.658783	514.598162	2338.049468
   0.800	   0.871	       518.039	        61.441	    80.172	   461.154	   308.519	    92.743	     0.218	    20.154	432.588427	432.588427	517.535844	2337.036201
   1.000	   0.867	       522.770	        61.967	    79.905	   468.963	   309.088	    93.848	     0.216	    19.659	436.443022	436.443022	521.544524	2337.098231
   1.200	   0.863	       526.481	        62.620	    79.489	   476.643	   308.093	    95.033	     0.214	    19.138	440.891780	440.891780	525.979437	2337.651722
   1.400	   0.859	       531.921	        63.757	    79.196	   484.202	   308.317	    96.059	     0.212	    18.666	446.282184	446.282184	531.038516	2338.657183
   1.600	   0.856	       536.340	        64.601	    78.759	   491.627	   306.976	    97.122	     0.210	    18.150	450.689000	450.689000	535.731764	2338.757403
   1.800	   0.852	       540.640	        63.955	    78.447	   498.927	   306.782	    98.012	     0.208	    17.674	456.073046	456.073046	541.041843	2339.258171
   2.000	   0.848	       544.527	        63.757	    77.952	   506.085	   304.467	    98.951	     0.206	    17.130	458.479535	458.479535	543.565864	2338.109799
   2.200	   0.844	       547.657	        62.010	    77.433	   513.092	   301.860	    99.767	     0.203	    16.567	461.905125	461.905125	546.846102	2336.123286
   2.400	   0.840	       552.257	        61.379	    76.902	   519.944	   298.906	   100.510	     0.201	    16.001	465.962747	465.962747	551.254523	2335.383982
   2.600	   0.836	       554.350	        58.198	    76.280	   526.652	   294.735	   101.210	     0.198	    15.395	466.458713	466.458713	553.147069	2334.115307
   2.800	   0.832	       560.338	        59.560	    75.351	   533.113	   286.917	   101.912	     0.194	    14.649	473.404229	473.404229	559.054360	2333.097922
   3.000	   0.828	       563.849	        59.302	    74.225	   539.305	   276.503	   102.639	     0.191	    13.832	476.171721	476.171721	562.219539	2332.604901
   3.200	   0.824	       568.028	        58.293	    73.086	   545.193	   265.693	   103.156	     0.187	    12.995	480.436905	480.436905	566.249663	2330.718953
   3.400	   0.820	       571.930	        57.369	    71.797	   550.781	   252.924	   103.644	     0.182	    12.112	481.792243	481.792243	566.010747	2330.095263
   3.600	   0.816	       578.876	        58.192	    70.650	   556.053	   242.021	   103.946	     0.178	    11.329	489.488359	489.488359	575.883322	2329.052107
   3.800	   0.812	       583.203	        57.363	    69.226	   561.006	   227.905	   104.275	     0.174	    10.454	495.603273	495.603273	581.286587	2328.558404
   4.000	   0.808	       589.892	        58.652	    67.818	   565.633	   214.414	   104.522	     0.169	     9.641	501.553244	501.553244	587.376990	2329.131962
   4.200	   0.805	       596.090	        59.935	    66.365	   569.924	   200.431	   104.755	     0.165	     8.849	507.678134	507.678134	593.637270	2329.570935
   4.400	   0.801	       600.937	        59.948	    64.957	   573.910	   187.453	   104.944	     0.160	     8.135	513.046203	513.046203	598.347576	2329.302631
   4.600	   0.797	       606.191	        60.813	    63.522	   577.612	   174.538	   105.126	     0.156	     7.455	517.538558	517.538558	603.677464	2329.273440
   4.800	   0.793	       610.148	        60.531	    62.116	   581.040	   162.591	   105.277	     0.152	     6.842	521.989857	521.989857	607.634025	2328.513305
   5.000	   0.789	       613.817	        60.546	    60.650	   584.200	   150.104	   105.435	     0.148	     6.234	525.978685	525.978685	611.102889	2327.750789
   5.200	   0.785	       616.123	        59.219	    59.173	   587.112	   138.623	   105.553	     0.144	     5.684	528.563286	528.563286	615.074517	2327.673845
   5.400	   0.781	       620.022	        60.244	    57.546	   589.756	   125.790	   105.692	     0.139	     5.102	531.091073	531.091073	617.631026	2326.902033
   5.600	   0.777	       622.361	        59.868	    55.746	   592.137	   112.925	   105.795	     0.134	     4.534	532.997619	532.997619	619.433566	2325.755132
   5.800	   0.773	       624.495	        59.637	    53.980	   594.250	   100.271	   105.887	     0.130	     3.990	534.293887	534.293887	621.291072	2324.914610
   6.000	   0.769	       624.850	        58.089	    51.941	   596.102	    85.841	   105.970	     0.125	     3.390	535.610154	535.610154	622.288202	2323.048397
   6.200	   0.765	       626.599	        58.005	    50.082	   597.676	    72.877	   106.019	     0.120	     2.858	536.668431	536.668431	623.906894	2321.854928
   6.400	   0.761	       627.869	        58.070	    47.976	   598.966	    58.175	   106.072	     0.115	     2.269	538.106756	538.106756	624.816135	2321.885797
   6.600	   0.757	       628.641	        57.791	    45.865	   599.973	    44.000	   106.092	     0.109	     1.708	538.868900	538.868900	625.449336	2320.967159
   6.800	   0.753	       631.317	        59.546	    43.652	   600.717	    30.309	   106.078	     0.104	     1.172	541.220815	541.220815	627.860002	2321.825832
   7.000	   0.750	       634.042	        61.503	    41.687	   601.221	    18.839	   106.045	     0.099	     0.726	542.054469	542.054469	629.010010	2322.270478
   7.200	   0.746	       634.776	        61.155	    39.630	   601.509	     7.932	   105.945	     0.094	     0.305	545.085902	545.085902	631.703278	2322.059717
   7.400	   0.742	       637.210	        62.637	    37.683	   601.588	    -2.311	   105.826	     0.089	    -0.089	547.696692	547.696692	634.091632	2323.281316
   7.600	   0.738	       639.156	        63.404	    35.662	   601.464	   -12.857	   105.651	     0.085	    -0.491	548.202933	548.202933	634.924836	2323.114534
   7.800	   0.734	       638.878	        61.732	    33.701	   601.144	   -22.895	   105.426	     0.080	    -0.872	550.174096	550.174096	636.135527	2322.432364
   8.000	   0.730	       642.194	        63.641	    31.772	   600.630	   -32.533	   105.171	     0.075	    -1.237	552.569552	552.569552	638.898738	2322.793533
   8.200	   0.726	       641.830	        61.973	    29.776	   599.930	   -41.602	   104.894	     0.070	    -1.579	552.126845	552.126845	638.543230	2320.728869
   8.400	   0.722	       643.210	        62.436	    27.829	   599.053	   -50.276	   104.625	     0.066	    -1.907	553.756115	553.756115	640.017989	2320.452920
   8.600	   0.718	       644.134	        62.037	    25.700	   598.015	   -59.239	   104.292	     0.060	    -2.244	554.603835	554.603835	642.009190	2320.311318
   8.800	   0.714	       643.448	        60.472	    23.609	   596.790	   -67.962	   103.970	     0.056	    -2.574	554.171754	554.171754	641.385340	2318.918557
   9.000	   0.710	       646.547	        61.386	    21.231	   595.388	   -77.600	   103.501	     0.050	    -2.934	556.538339	556.538339	643.071563	2319.109902
   9.200	   0.706	       646.575	        59.682	    18.907	   593.794	   -87.213	   103.045	     0.044	    -3.294	554.024112	554.024112	641.233477	2317.144380
   9.400	   0.702	       647.842	        59.179	    16.522	   591.994	   -97.152	   102.554	     0.039	    -3.668	559.298316	559.298316	646.229550	2316.301151
   9.600	   0.699	       648.789	        60.237	    14.381	   589.976	  -107.651	   102.196	     0.034	    -4.078	557.496949	557.496949	644.955511	2316.442567
   9.800	   0.695	       647.755	        59.719	    12.187	   587.739	  -118.684	   101.837	     0.029	    -4.516	557.899980	557.899980	645.074034	2316.507155
  10.000	   0.691	       649.415	        62.475	    10.098	   585.284	  -130.103	   101.494	     0.024	    -4.979	558.483880	558.483880	645.487876	2318.803407
  10.200	   0.687	       649.154	        63.732	     7.956	   582.576	  -141.908	   101.145	     0.019	    -5.469	558.802423	558.802423	645.718120	2320.169936
  10.400	   0.683	       647.721	        64.543	     5.980	   579.631	  -152.195	   100.819	     0.014	    -5.917	557.942466	557.942466	643.898031	2320.456210
  10.600	   0.679	       646.587	        66.321	     4.197	   576.478	  -160.617	   100.517	     0.010	    -6.309	556.666291	556.666291	643.070165	2321.570783
  10.800	   0.675	       641.673	        64.725	     2.519	   573.163	  -167.871	   100.223	     0.006	    -6.670	552.096148	552.096148	638.731737	2319.847640
  11.000	   0.671	       638.776	        65.493	     0.917	   569.689	  -174.261	    99.932	     0.002	    -7.011	550.166875	550.166875	636.658794	2320.925909
  11.200	   0.667	       634.609	        64.820	    -0.859	   566.019	  -182.155	    99.592	    -0.002	    -7.421	545.923326	545.923326	631.908901	2320.668191
  11.400	   0.663	       629.262	        63.227	    -2.540	   562.151	  -189.421	    99.240	    -0.006	    -7.822	541.058751	541.058751	627.597852	2319.774635
  11.600	   0.659	       626.346	        64.147	    -4.431	   558.064	  -200.947	    98.858	    -0.011	    -8.416	536.321310	536.321310	622.604441	2319.079569
  11.800	   0.655	       618.576	        61.219	    -6.198	   553.709	  -211.446	    98.517	    -0.015	    -9.004	528.146959	528.146959	614.725909	2317.204318
  12.000	   0.651	       612.870	        62.049	    -7.796	   549.067	  -221.219	    98.276	    -0.019	    -9.614	524.985442	524.985442	611.974278	2317.809136
  12.200	   0.648	       604.870	        62.377	    -9.240	   544.185	  -229.924	    98.154	    -0.022	   -10.238	516.270992	516.270992	603.296988	2319.045781
  12.400	   0.644	       598.508	        65.293	   -10.626	   539.083	  -237.985	    98.084	    -0.026	   -10.885	511.363601	511.363601	597.822030	2320.707420
  12.600	   0.640	       590.061	        68.714	   -11.826	   533.796	  -245.597	    98.231	    -0.029	   -11.605	502.148461	502.148461	587.937898	2325.107858
  12.800	   0.636	       580.114	        70.784	   -12.656	   528.312	  -248.773	    98.369	    -0.032	   -12.159	494.049438	494.049438	580.089533	2326.965291
  13.000	   0.632	       570.503	        73.706	   -13.222	   522.718	  -249.318	    98.553	    -0.034	   -12.628	483.635352	483.635352	569.626546	2328.749524
  13.200	   0.628	       560.844	        75.727	   -13.493	   517.100	  -246.215	    98.664	    -0.035	   -12.911	473.838519	473.838519	559.691215	2330.255534
  13.400	   0.624	       549.657	        75.290	   -13.546	   511.524	  -240.593	    98.702	    -0.035	   -13.043	463.048212	463.048212	548.894856	2331.001498
  13.600	   0.620	       540.664	        76.478	   -13.515	   506.022	  -234.140	    98.706	    -0.036	   -13.113	455.619435	455.619435	540.906684	2332.069644
  13.800	   0.616	       531.013	        77.106	   -13.573	   500.596	  -228.906	    98.749	    -0.036	   -13.253	445.667214	445.667214	530.934577	2331.334262
  14.000	   0.612	       520.412	        76.285	   -13.572	   495.257	  -223.160	    98.767	    -0.037	   -13.348	434.821003	434.821003	519.996872	2330.808432
  14.200	   0.608	       509.449	        74.928	   -13.582	   489.984	  -217.704	    98.792	    -0.037	   -13.453	424.480117	424.480117	509.599088	2329.808235
  14.400	   0.604	       499.365	        73.588	   -13.455	   484.804	  -210.948	    98.746	    -0.037	   -13.445	414.107305	414.107305	499.514908	2328.774901
  14.600	   0.600	       491.826	        74.630	   -13.357	   479.713	  -204.714	    98.709	    -0.037	   -13.458	406.828834	406.828834	491.542930	2329.425851
  14.800	   0.597	       484.481	        74.846	   -13.080	   474.750	  -196.886	    98.584	    -0.037	   -13.319	400.522615	400.522615	485.672656	2330.647578
  15.000	   0.593	       481.151	        78.356	   -12.711	   469.939	  -188.463	    98.407	    -0.036	   -13.098	398.025024	398.025024	482.578441	2332.886085
  15.200	   0.589	       476.899	        80.263	   -12.274	   465.321	  -179.773	    98.190	    -0.035	   -12.813	392.971094	392.971094	477.515721	2334.656550
  15.400	   0.585	       473.725	        81.850	   -11.416	   460.898	  -167.643	    97.839	    -0.033	   -12.208	389.752167	389.752167	475.090811	2336.492066
  15.600	   0.581	       470.779	        83.196	   -10.473	   456.735	  -155.399	    97.482	    -0.030	   -11.544	388.008019	388.008019	472.439408	2337.958992
  15.800	   0.577	       468.007	        84.557	    -9.190	   452.887	  -141.640	    97.171	    -0.027	   -10.724	385.955841	385.955841	470.928818	2338.745298
  16.000	   0.573	       465.936	        86.582	    -7.841	   449.367	  -128.467	    96.926	    -0.023	    -9.907	384.663272	384.663272	468.828035	2340.456924
  16.200	   0.569	       462.442	        87.818	    -6.251	   446.167	  -115.384	    96.833	    -0.018	    -9.073	381.395520	381.395520	465.204504	2341.809855
  16.400	   0.565	       458.994	        89.534	    -4.661	   443.265	  -103.992	    96.866	    -0.014	    -8.345	376.926334	376.926334	461.802489	2342.332552
  16.600	   0.561	       453.641	        89.282	    -3.077	   440.634	   -93.891	    96.957	    -0.009	    -7.684	371.882456	371.882456	455.763285	2342.719859
  16.800	   0.557	       447.463	        87.938	    -1.495	   438.246	   -84.775	    97.075	    -0.004	    -7.069	365.015365	365.015365	449.115393	2341.345275
  17.000	   0.553	       440.959	        86.380	     0.274	   436.117	   -75.979	    97.274	     0.001	    -6.456	359.124338	359.124338	443.823771	2340.465885
  17.200	   0.549	       435.771	        86.440	     1.835	   434.191	   -68.625	    97.571	     0.006	    -5.945	353.806131	353.806131	437.888343	2339.522016
  17.400	   0.545	       429.288	        84.895	     3.327	   432.461	   -61.114	    97.879	     0.010	    -5.392	347.126533	347.126533	431.298022	2339.048674
  17.600	   0.542	       426.097	        86.266	     4.846	   430.935	   -53.724	    98.192	     0.015	    -4.821	344.133796	344.133796	427.666463	2339.817712
  17.800	   0.538	       421.646	        85.333	     6.215	   429.575	   -48.738	    98.400	     0.019	    -4.434	339.480856	339.480856	423.362686	2338.958914
  18.000	   0.534	       417.515	        85.401	     7.780	   428.337	   -44.628	    98.746	     0.024	    -4.124	335.097649	335.097649	419.029094	2339.108254
  18.200	   0.530	       414.279	        86.474	     9.499	   427.210	   -40.053	    99.146	     0.030	    -3.761	334.614857	334.614857	418.017010	2341.258309
  18.400	   0.526	       411.769	        87.947	    11.524	   426.258	   -31.092	    99.553	     0.036	    -2.963	332.141349	332.141349	415.977827	2341.707907
  18.600	   0.522	       411.783	        91.696	    13.585	   425.541	   -22.474	    99.990	     0.043	    -2.172	331.842412	331.842412	415.279370	2345.359643
  18.800	   0.518	       411.285	        94.192	    15.805	   425.064	   -14.547	   100.382	     0.050	    -1.422	330.587226	330.587226	414.507196	2348.017466
  19.000	   0.514	       408.912	        93.663	    18.090	   424.788	    -7.290	   100.650	     0.058	    -0.718	329.878501	329.878501	413.544353	2348.386257
  19.200	   0.510	       409.313	        94.436	    20.431	   424.709	    -0.114	   100.737	     0.065	    -0.011	328.506924	328.506924	412.025039	2348.725636
  19.400	   0.506	       407.945	        91.457	    22.750	   424.818	     7.352	   100.556	     0.073	     0.722	329.166266	329.166266	412.746268	2345.744350
  19.600	   0.502	       406.584	        87.914	    25.062	   425.149	    15.953	   100.343	     0.080	     1.557	327.109090	327.109090	410.357103	2344.038217
  19.800	   0.498	       410.306	        87.715	    27.215	   425.720	    24.602	    99.917	     0.086	     2.371	328.677256	328.677256	413.074209	2343.542597
  20.000	   0.494	       411.933	        84.248	    29.027	   426.510	    32.741	    99.365	     0.091	     3.103	330.057543	330.057543	413.846166	2340.271877
  20.200	   0.491	       417.650	        84.227	    30.600	   427.521	    40.677	    98.778	     0.095	     3.783	335.021438	335.021438	418.824360	2340.084038
  20.400	   0.487	       421.095	        81.376	    32.039	   428.751	    48.575	    98.173	     0.099	     4.424	338.559676	338.559676	423.159955	2338.645731
  20.600	   0.483	       424.893	        78.058	    33.383	   430.195	    56.733	    97.518	     0.102	     5.047	343.130170	343.130170	427.228966	2335.883594
  20.800	   0.479	       434.614	        79.950	    34.646	   431.859	    64.897	    96.835	     0.105	     5.628	352.207259	352.207259	435.941455	2336.765687
  21.000	   0.475	       442.339	        78.482	    36.056	   433.760	    74.378	    96.054	     0.108	     6.263	360.792562	360.792562	444.357142	2336.474632
  21.200	   0.471	       453.067	        79.333	    37.242	   435.892	    83.310	    95.264	     0.110	     6.799	371.416708	371.416708	455.233909	2337.519948
  21.400	   0.467	       465.739	        81.492	    38.416	   438.269	    92.559	    94.483	     0.112	     7.311	381.911955	381.911955	466.168114	2339.460640
  21.600	   0.463	       475.283	        79.456	    39.626	   440.889	   103.121	    93.667	     0.114	     7.863	394.079774	394.079774	478.220388	2338.293873
  21.800	   0.459	       486.304	        78.595	    40.761	   443.776	   113.555	    92.912	     0.115	     8.354	403.770842	403.770842	487.969453	2337.720317
  22.000	   0.455	       496.320	        77.218	    41.917	   446.932	   125.267	    92.310	     0.117	     8.906	414.540970	414.540970	498.676747	2336.966761
  22.200	   0.451	       505.168	        74.454	    42.919	   450.372	   135.998	    91.770	     0.118	     9.339	422.590158	422.590158	507.046340	2334.668460
  22.400	   0.447	       514.939	        73.390	    43.642	   454.030	   144.834	    91.379	     0.119	     9.624	431.336710	431.336710	516.007682	2333.923985
  22.600	   0.443	       522.413	        70.836	    44.045	   457.862	   150.899	    91.119	     0.118	     9.722	437.732605	437.732605	522.404877	2331.945962
  22.800	   0.440	       530.017	        68.550	    44.329	   461.790	   155.954	    90.905	     0.118	     9.747	445.121203	445.121203	530.363708	2329.261183
  23.000	   0.436	       535.983	        66.055	    44.247	   465.776	   157.450	    90.847	     0.116	     9.578	450.706287	450.706287	535.852741	2327.391223
  23.200	   0.432	       541.748	        63.612	    44.090	   469.761	   158.120	    90.819	     0.115	     9.371	455.818931	455.818931	541.406555	2325.151083
  23.400	   0.428	       548.657	        63.306	    43.736	   473.697	   156.644	    90.879	     0.113	     9.066	461.662947	461.662947	546.854835	2323.940479
  23.600	   0.424	       554.997	        63.160	    43.308	   477.563	   154.626	    90.996	     0.111	     8.756	468.019632	468.019632	553.340327	2324.260445
  23.800	   0.420	       560.724	        63.416	    42.747	   481.316	   151.242	    91.184	     0.109	     8.400	474.423669	474.423669	559.842407	2324.485801
  24.000	   0.416	       565.957	        63.943	    42.103	   484.949	   146.917	    91.420	     0.107	     8.019	479.225489	479.225489	564.834232	2324.716497
  24.200	   0.412	       571.964	        65.187	    41.524	   488.456	   143.246	    91.628	     0.105	     7.686	485.858507	485.858507	571.286935	2325.309108
  24.400	   0.408	       575.609	        64.220	    40.971	   491.859	   140.123	    91.832	     0.103	     7.397	489.503668	489.503668	574.976396	2324.782916
  24.600	   0.404	       580.897	        64.751	    40.459	   495.169	   137.323	    92.007	     0.101	     7.131	495.173229	495.173229	580.289065	2325.327990
  24.800	   0.400	       586.560	        65.946	    39.918	   498.393	   134.198	    92.191	     0.100	     6.862	499.237220	499.237220	584.502177	2325.616818
  25.000	   0.396	       589.018	        64.600	    39.293	   501.506	   130.025	    92.412	     0.098	     6.557	502.242128	502.242128	587.913566	2324.957275
  25.200	   0.392	       592.005	        64.824	    38.489	   504.488	   124.407	    92.698	     0.095	     6.201	505.305679	505.305679	591.007819	2324.918896
  25.400	   0.389	       593.816	        63.685	    37.766	   507.326	   119.439	    92.942	     0.093	     5.885	506.977628	506.977628	592.987800	2323.824064
  25.600	   0.385	       594.075	        62.469	    36.869	   510.012	   112.742	    93.284	     0.091	     5.508	506.742901	506.742901	592.865794	2321.973479
  25.800	   0.381	       594.562	        61.912	    35.889	   512.528	   105.373	    93.632	     0.088	     5.111	508.034854	508.034854	594.035092	2321.879552
  26.000	   0.377	       594.418	        61.544	    34.845	   514.857	    97.283	    94.016	     0.086	     4.693	506.663716	506.663716	592.500855	2320.885046
  26.200	   0.373	       594.288	        61.798	    33.762	   516.985	    88.799	    94.418	     0.083	     4.267	506.107338	506.107338	592.095991	2321.115111
  26.400	   0.369	       594.990	        63.121	    32.612	   518.901	    80.060	    94.802	     0.080	     3.836	507.047939	507.047939	593.057537	2321.747317
  26.600	   0.365	       593.733	        62.566	    31.435	   520.615	    71.367	    95.157	     0.078	     3.411	506.039078	506.039078	592.425847	2321.795224
  26.800	   0.361	       596.018	        64.383	    30.275	   522.140	    63.815	    95.373	     0.075	     3.037	507.744311	507.744311	593.712528	2322.250559
  27.000	   0.357	       596.508	        63.893	    29.145	   523.504	    56.998	    95.514	     0.072	     2.700	508.310609	508.310609	594.242864	2322.297925
  27.200	   0.353	       597.531	        63.813	    28.037	   524.710	    50.430	    95.617	     0.069	     2.377	510.106841	510.106841	595.720652	2321.851322
  27.400	   0.349	       599.602	        64.622	    26.950	   525.794	    44.101	    95.683	     0.066	     2.069	511.916899	511.916899	598.062671	2322.766708
  27.600	   0.345	       601.547	        65.156	    25.901	   526.735	    38.121	    95.712	     0.064	     1.780	512.931584	512.931584	599.075276	2322.439687
  27.800	   0.341	       602.933	        65.262	    24.710	   527.539	    31.425	    95.726	     0.061	     1.461	515.324723	515.324723	601.142164	2322.765273
  28.000	   0.338	       605.417	        65.789	    23.592	   528.204	    25.629	    95.657	     0.058	     1.185	518.090387	518.090387	603.929640	2323.443381
  28.200	   0.334	       607.097	        65.623	    22.473	   528.742	    19.871	    95.576	     0.055	     0.915	519.095893	519.095893	605.238472	2322.802029
  28.400	   0.330	       610.148	        65.250	    21.221	   529.145	    13.512	    95.332	     0.052	     0.617	522.346802	522.346802	607.961113	2322.152001
  28.600	   0.326	       613.273	        64.883	    19.932	   529.397	     6.955	    95.058	     0.048	     0.315	524.959100	524.959100	611.554986	2321.664413
  28.800	   0.322	       614.856	        63.041	    18.549	   529.495	    -0.133	    94.765	     0.045	    -0.006	526.251758	526.251758	612.591421	2320.376076
  29.000	   0.318	       618.269	        63.005	    17.127	   529.436	    -7.418	    94.445	     0.041	    -0.332	529.747884	529.747884	616.319484	2319.972517
  29.200	   0.314	       622.410	        62.464	    15.564	   529.210	   -15.473	    93.995	     0.037	    -0.687	533.518468	533.518468	620.291231	2319.281033
  29.400	   0.310	       626.615	        61.873	    13.869	   528.782	   -24.267	    93.505	     0.033	    -1.069	537.878869	537.878869	624.100403	2318.295589
  29.600	   0.306	       631.280	        62.209	    12.145	   528.142	   -33.183	    93.024	     0.029	    -1.452	541.719111	541.719111	628.552595	2318.722641
  29.800	   0.302	       634.510	        61.666	    10.450	   527.304	   -41.871	    92.560	     0.025	    -1.822	544.766079	544.766079	631.694798	2318.134065
  30.000	   0.298	       637.756	        62.275	     8.809	   526.271	   -50.429	    92.159	     0.021	    -2.189	549.159373	549.159373	635.601879	2318.556000
  30.200	   0.294	       640.988	        64.280	     7.243	   525.044	   -59.100	    91.840	     0.017	    -2.565	551.255606	551.255606	637.998623	2319.996003
  30.400	   0.290	       641.861	        64.428	     5.631	   523.618	   -67.946	    91.527	     0.013	    -2.953	552.896699	552.896699	639.051732	2320.666963
  30.600	   0.286	       643.188	        66.206	     4.141	   522.002	   -75.933	    91.277	     0.010	    -3.313	554.882154	554.882154	641.243801	2322.339412
  30.800	   0.283	       643.361	        66.919	     2.721	   520.200	   -83.762	    91.002	     0.006	    -3.670	554.553045	554.553045	640.935250	2322.765100
  31.000	   0.279	       641.902	        66.470	     1.282	   518.211	   -91.677	    90.732	     0.003	    -4.039	552.730034	552.730034	638.876886	2321.812426
  31.200	   0.275	       640.231	        66.170	    -0.224	   516.054	  -100.000	    90.462	    -0.001	    -4.435	551.519758	551.519758	638.108097	2321.933145
  31.400	   0.271	       635.604	        64.171	    -1.710	   513.707	  -109.017	    90.258	    -0.004	    -4.880	546.994022	546.994022	633.395200	2320.803329
  31.600	   0.267	       632.421	        64.733	    -3.046	   511.136	  -117.418	    90.104	    -0.007	    -5.317	543.867710	543.867710	630.273404	2320.518898
  31.800	   0.263	       627.840	        65.090	    -4.626	   508.318	  -128.870	    90.002	    -0.011	    -5.920	539.137064	539.137064	625.250334	2320.868830
  32.000	   0.259	       620.763	        65.681	    -6.023	   505.181	  -140.510	    90.066	    -0.014	    -6.585	532.422594	532.422594	618.946180	2321.630821
  32.200	   0.255	       613.088	        66.979	    -7.435	   501.755	  -152.112	    90.193	    -0.018	    -7.296	525.163609	525.163609	611.505205	2323.387147
  32.400	   0.251	       603.861	        68.283	    -8.600	   498.057	  -161.418	    90.409	    -0.021	    -7.954	516.348946	516.348946	602.233267	2324.115429
  32.600	   0.247	       595.626	        70.638	    -9.531	   494.144	  -167.851	    90.604	    -0.024	    -8.506	508.466544	508.466544	594.633810	2326.571048
  32.800	   0.243	       586.118	        72.628	   -10.275	   490.070	  -172.210	    90.862	    -0.026	    -8.997	499.459477	499.459477	585.501372	2328.532122
  33.000	   0.239	       577.287	        75.194	   -10.870	   485.876	  -174.783	    91.106	    -0.028	    -9.420	490.640998	490.640998	576.382392	2330.819377
  33.200	   0.235	       568.455	        77.386	   -11.329	   481.606	  -175.787	    91.317	    -0.029	    -9.774	481.661147	481.661147	567.205932	2332.668772
  33.400	   0.232	       558.349	        77.704	   -11.575	   477.295	  -174.589	    91.478	    -0.030	   -10.008	473.015217	473.015217	558.368385	2333.279014
  33.600	   0.228	       549.287	        78.927	   -11.710	   472.997	  -172.329	    91.642	    -0.031	   -10.187	462.767262	462.767262	548.549230	2333.820291
  33.800	   0.224	       538.738	        78.538	   -11.799	   468.719	  -169.692	    91.812	    -0.031	   -10.346	454.161518	454.161518	539.138770	2333.972883
  34.000	   0.220	       530.388	        79.045	   -11.777	   464.486	  -165.961	    91.872	    -0.031	   -10.411	445.577659	445.577659	530.496326	2334.160105
  34.200	   0.216	       523.015	        79.794	   -11.708	   460.325	  -161.877	    91.879	    -0.032	   -10.435	437.949450	437.949450	523.349720	2335.194157
  34.400	   0.212	       515.643	        80.548	   -11.642	   456.213	  -157.974	    91.905	    -0.032	   -10.467	430.154166	430.154166	515.470002	2335.201885
  34.600	   0.208	       510.125	        81.840	   -11.451	   452.175	  -153.060	    91.812	    -0.031	   -10.394	424.869677	424.869677	510.361051	2336.815181
  34.800	   0.204	       503.908	        82.125	   -11.273	   448.232	  -148.425	    91.710	    -0.031	   -10.325	419.751298	419.751298	504.645679	2337.188087
  35.000	   0.200	       500.773	        82.875	   -10.852	   444.402	  -141.832	    91.345	    -0.030	   -10.043	416.471578	416.471578	501.644400	2338.002174
  35.200	   0.196	       497.951	        85.072	   -10.412	   440.728	  -135.434	    91.136	    -0.029	    -9.787	413.972939	413.972939	498.730627	2339.343738
  35.400	   0.192	       495.154	        85.340	    -9.721	   437.242	  -127.136	    90.748	    -0.027	    -9.329	412.060656	412.060656	496.694803	2340.516542
  35.600	   0.188	       495.014	        88.128	    -8.973	   433.940	  -118.628	    90.381	    -0.025	    -8.833	411.528569	411.528569	496.375787	2342.479207
  35.800	   0.184	       493.016	        88.774	    -8.256	   430.843	  -110.913	    90.025	    -0.023	    -8.372	409.790993	409.790993	494.679831	2343.253189
  36.000	   0.181	       492.835	        89.792	    -7.315	   427.953	  -101.971	    89.549	    -0.021	    -7.771	409.783663	409.783663	494.529566	2343.954139
  36.200	   0.177	       492.873	        90.234	    -6.334	   425.293	   -92.953	    89.033	    -0.018	    -7.134	409.837667	409.837667	494.710662	2344.536338
  36.400	   0.173	       492.260	        89.366	    -5.387	   422.870	   -84.204	    88.493	    -0.015	    -6.495	409.477489	409.477489	493.851031	2343.721296
  36.600	   0.169	       493.349	        89.833	    -4.493	   420.651	   -76.547	    87.958	    -0.013	    -5.926	409.726227	409.726227	494.362981	2343.985115
  36.800	   0.165	       492.666	        88.857	    -3.641	   418.619	   -70.205	    87.499	    -0.010	    -5.457	409.433758	409.433758	493.969850	2343.139249
  37.000	   0.161	       491.554	        88.533	    -2.773	   416.755	   -64.321	    87.192	    -0.008	    -5.032	408.128842	408.128842	492.927107	2342.482669
  37.200	   0.157	       491.222	        89.166	    -1.887	   415.039	   -58.637	    86.936	    -0.005	    -4.617	407.898342	407.898342	492.354411	2343.325545
  37.400	   0.153	       488.742	        89.127	    -1.048	   413.468	   -53.628	    86.871	    -0.003	    -4.265	405.490081	405.490081	490.144716	2343.329462
  37.600	   0.149	       487.851	        90.285	    -0.203	   412.035	   -48.627	    86.792	    -0.001	    -3.900	404.601465	404.601465	489.336902	2344.574774
  37.800	   0.145	       487.171	        91.706	     0.695	   410.741	   -43.671	    86.749	     0.002	    -3.532	403.725021	403.725021	488.179032	2345.419155
  38.000	   0.141	       485.654	        91.387	     1.628	   409.587	   -38.664	    86.637	     0.005	    -3.146	402.563127	402.563127	487.174830	2345.506027
  38.200	   0.137	       485.950	        92.177	     2.601	   408.576	   -33.561	    86.479	     0.007	    -2.741	402.989834	402.989834	487.552468	2346.300242
  38.400	   0.133	       485.477	        91.482	     3.502	   407.696	   -28.963	    86.270	     0.010	    -2.369	402.607953	402.607953	487.351195	2345.848956
  38.600	   0.130	       486.445	        91.522	     4.439	   406.947	   -24.284	    86.013	     0.013	    -1.986	403.365870	403.365870	487.753940	2345.258265
  38.800	   0.126	       487.435	        91.325	     5.354	   406.331	   -19.847	    85.757	     0.015	    -1.620	404.633856	404.633856	489.200367	2345.788593
  39.000	   0.122	       489.316	        90.581	     6.183	   405.840	   -15.936	    85.375	     0.018	    -1.294	405.649594	405.649594	490.737984	2344.834827
  39.200	   0.118	       492.021	        90.375	     6.855	   405.448	   -12.554	    84.985	     0.019	    -1.013	407.785302	407.785302	492.862519	2344.828896
  39.400	   0.114	       495.500	        89.844	     7.443	   405.149	    -9.296	    84.504	     0.021	    -0.743	411.601879	411.601879	496.363312	2344.227591
  39.600	   0.110	       499.402	        88.237	     8.019	   404.932	    -5.868	    83.894	     0.022	    -0.463	415.461456	415.461456	500.600413	2343.005705
  39.800	   0.106	       504.934	        88.007	     8.486	   404.805	    -2.893	    83.288	     0.024	    -0.225	420.945305	420.945305	505.993155	2342.785089
  40.000	   0.102	       512.036	        87.694	     8.884	   404.764	    -0.047	    82.551	     0.024	    -0.004	427.366878	427.366878	512.626911	2342.255935
  40.200	   0.098	       519.562	        86.549	     9.072	   404.793	     1.586	    81.727	     0.025	     0.119	434.702733	434.702733	519.565274	2341.608325
  40.400	   0.094	       530.226	        85.984	     9.084	   404.851	     2.358	    80.698	     0.024	     0.172	444.551356	444.551356	529.948892	2340.997181
  40.600	   0.090	       539.647	        84.291	     8.984	   404.926	     2.563	    79.721	     0.024	     0.183	453.943160	453.943160	539.293231	2339.262680
  40.800	   0.086	       549.891	        82.978	     8.869	   405.005	     2.696	    78.742	     0.023	     0.187	464.007270	464.007270	549.517040	2338.137044
  41.000	   0.082	       559.759	        82.338	     8.635	   405.076	     2.046	    77.883	     0.022	     0.139	474.181778	474.181778	559.627169	2337.730585
  41.200	   0.078	       569.728	        82.257	     8.336	   405.121	     0.970	    77.083	     0.021	     0.065	483.318559	483.318559	569.044795	2337.289229
  41.400	   0.075	       579.509	        83.148	     7.937	   405.127	    -0.790	    76.389	     0.020	    -0.052	493.058043	493.058043	578.870706	2338.281445
  41.600	   0.071	       587.817	        83.100	     7.490	   405.076	    -2.885	    75.742	     0.019	    -0.185	501.624299	501.624299	587.117695	2338.448910
  41.800	   0.067	       593.872	        82.309	     6.947	   404.954	    -5.648	    75.209	     0.017	    -0.358	507.608211	507.608211	593.342388	2338.126760
  42.000	   0.063	       602.669	        81.561	     6.197	   404.730	    -9.794	    74.474	     0.015	    -0.610	515.112697	515.112697	601.078783	2336.793873
  42.200	   0.059	       608.131	        78.684	     5.329	   404.377	   -14.462	    73.818	     0.013	    -0.888	520.746111	520.746111	606.752907	2334.429682
  42.400	   0.055	       614.398	        76.787	     4.337	   403.882	   -19.423	    73.163	     0.011	    -1.175	526.479326	526.479326	612.786302	2332.495554
  42.600	   0.051	       619.522	        75.214	     3.259	   403.239	   -24.845	    72.594	     0.008	    -1.487	531.517148	531.517148	617.714378	2331.084095
  42.800	   0.047	       622.665	        74.547	     1.967	   402.421	   -31.452	    72.193	     0.005	    -1.874	533.892395	533.892395	620.271922	2330.172918
  43.000	   0.043	       626.679	        74.103	     0.389	   401.406	   -38.949	    71.719	     0.001	    -2.307	537.567127	537.567127	624.326322	2330.135588
  43.200	   0.039	       631.706	        72.936	    -1.353	   400.164	   -46.691	    71.101	    -0.003	    -2.744	542.456765	542.456765	628.929927	2329.290318
  43.400	   0.035	       631.089	        73.628	    -2.814	   398.688	   -53.997	    70.923	    -0.007	    -3.192	543.232481	543.232481	629.417348	2329.390081
  43.600	   0.031	       617.452	        78.661	    -3.336	   397.010	   -59.396	    71.838	    -0.008	    -3.649	532.240073	532.240073	617.532630	2333.169983
  43.800	   0.027	       603.255	        85.831	    -3.261	   395.204	   -61.523	    72.973	    -0.008	    -3.953	517.807033	517.807033	603.192057	2340.688942
  44.000	   0.024	       592.896	        93.589	    -3.447	   393.355	   -62.031	    73.938	    -0.009	    -4.150	507.120263	507.120263	592.506551	2348.386877
  44.200	   0.020	       577.861	        99.834	    -3.405	   391.512	   -60.477	    75.212	    -0.009	    -4.246	493.270443	493.270443	578.495459	2354.602246
  44.400	   0.016	       559.370	       100.843	    -2.925	   389.743	   -56.591	    76.447	    -0.008	    -4.161	475.479289	475.479289	560.571663	2354.797452
  44.600	   0.012	       538.506	        95.753	    -2.304	   388.106	   -51.419	    77.469	    -0.006	    -3.932	454.195006	454.195006	539.122288	2349.922263
  44.800	   0.008	       516.561	        92.013	    -1.628	   386.632	   -45.498	    78.811	    -0.004	    -3.642	433.217470	433.217470	517.836608	2346.271386
  45.000	   0.004	       492.743	        89.137	    -0.878	   385.344	   -38.796	    80.560	    -0.002	    -3.278	409.508892	409.508892	494.291850	2343.201195
  45.200	   0.000	       469.227	        90.293	     0.000	   384.272	   -30.399	    82.794	    -0.000	    -2.845	386.067681	386.067681	470.725812	2344.564320
  45.400	   0.000	       464.901	        92.092	     0.000	   383.342	   -30.179	    83.315	     0.000	    -2.770	378.744432	378.744432	464.248129	2347.166229
  45.600	   0.000	       447.757	        93.651	     0.000	   382.418	   -29.961	    85.257	     0.000	    -2.900	362.901105	362.901105	448.090323	2348.417770
  45.800	   0.000	       431.172	        94.069	     0.000	   381.498	   -29.746	    87.183	     0.000	    -3.033	346.114507	346.114507	431.499020	2348.717521
  46.000	   0.000	       429.573	        92.417	     0.000	   380.582	   -29.532	    87.127	     0.000	    -3.029	344.054141	344.054141	429.518278	2344.788590
  46.200	   0.000	       451.755	        90.417	     0.000	   379.670	   -29.320	    84.067	     0.000	    -2.820	366.642002	366.642002	451.721916	2343.039744
  46.400	   0.000	       470.554	        88.417	     0.000	   378.763	   -29.111	    81.506	     0.000	    -2.651	385.115521	385.115521	470.463120	2341.563644
  46.600	   0.000	       486.457	        86.417	     0.000	   377.860	   -28.903	    79.444	     0.000	    -2.518	401.732376	401.732376	486.819612	2340.844739
  46.800	   0.000	       510.359	        87.483	     0.000	   376.962	   -28.697	    77.093	     0.000	    -2.372	424.861857	424.861857	510.348288	2342.944291
  47.000	   0.000	       536.958	        89.483	     0.000	   376.068	   -28.493	    74.795	     0.000	    -2.232	451.327842	451.327842	536.655199	2345.032057
  47.200	   0.000	       560.740	        91.483	     0.000	   375.178	   -28.292	    72.852	     0.000	    -2.118	475.384978	475.384978	560.604765	2346.968461
  47.400	   0.000	       591.017	        93.483	     0.000	   374.292	   -28.092	    70.587	     0.000	    -1.988	505.863302	505.863302	591.345232	2348.672093
  47.600	   0.000	       618.736	        93.259	     0.000	   373.411	   -27.894	    68.526	     0.000	    -1.874	533.126828	533.126828	618.588031	2347.810716
  47.800	   0.000	       637.700	        91.259	     0.000	   372.533	   -27.698	    66.927	     0.000	    -1.787	551.572019	551.572019	637.507798	2345.916031
  48.000	   0.000	       635.282	        89.325	     0.000	   371.660	   -27.503	    66.885	     0.000	    -1.785	549.959467	549.959467	634.930152	2344.076051
  48.200	   0.000	       644.566	        87.658	     0.000	   370.791	   -27.311	    66.026	     0.000	    -1.740	559.495870	559.495870	644.947725	2342.409058
  48.400	   0.000	       647.627	        88.091	     0.000	   369.925	   -27.120	    65.659	     0.000	    -1.720	561.745705	561.745705	647.266319	2342.980690
  48.600	   0.000	       628.837	        90.091	     0.000	   369.064	   -26.931	    66.723	     0.000	    -1.776	543.220299	543.220299	628.539977	2345.054308
  48.800	   0.000	       597.302	        92.091	     0.000	   368.207	   -26.744	    68.699	     0.000	    -1.883	512.414563	512.414563	597.370474	2347.077064
  49.000	   0.000	       577.645	        94.091	     0.000	   367.354	   -26.558	    70.093	     0.000	    -1.960	491.963396	491.963396	577.567305	2348.959431
  49.200	   0.000	       552.112	        93.992	     0.000	   366.505	   -26.375	    71.835	     0.000	    -2.059	467.050687	467.050687	552.427507	2348.738435
  49.400	   0.000	       525.312	        92.101	     0.000	   365.659	   -26.192	    73.699	     0.000	    -2.167	440.279056	440.279056	525.398921	2346.851065
  49.600	   0.000	       502.515	        90.250	     0.000	   364.818	   -26.012	    75.400	     0.000	    -2.269	417.507048	417.507048	502.533847	2344.999437
  49.800	   0.000	       480.213	        88.462	     0.000	   363.980	   -25.833	    77.083	     0.000	    -2.371	395.056883	395.056883	480.375808	2343.215870
  50.000	   0.000	       451.885	        88.675	     0.000	   363.146	   -25.656	    79.888	     0.000	    -2.547	366.982658	366.982658	452.168330	2343.458642
  50.200	   0.000	       433.972	        90.675	     0.000	   362.317	   -25.481	    82.038	     0.000	    -2.686	348.399197	348.399197	433.755031	2345.472982
  50.400	   0.000	       438.863	        92.675	     0.000	   361.490	   -25.307	    81.768	     0.000	    -2.668	353.291140	353.291140	438.772201	2347.458101
  50.600	   0.000	       440.763	        94.642	     0.000	   360.668	   -25.134	    81.365	     0.000	    -2.642	355.866381	355.866381	440.959326	2349.394776
  50.800	   0.000	       443.312	        94.573	     0.000	   359.849	   -24.964	    80.993	     0.000	    -2.618	357.667575	357.667575	443.201282	2349.327587
  51.000	   0.000	       458.532	        92.699	     0.000	   359.034	   -24.794	    78.992	     0.000	    -2.490	373.491098	373.491098	458.522565	2347.449073
  51.200	   0.000	       488.578	        90.838	     0.000	   358.223	   -24.627	    75.613	     0.000	    -2.281	403.637803	403.637803	488.632721	2345.587479
  51.400	   0.000	       520.893	        89.008	     0.000	   357.416	   -24.461	    72.364	     0.000	    -2.090	435.076218	435.076218	520.694229	2343.762536
  51.600	   0.000	       543.726	        89.106	     0.000	   356.612	   -24.296	    70.357	     0.000	    -1.975	457.770711	457.770711	543.294602	2343.898035
  51.800	   0.000	       570.774	        91.106	     0.000	   355.811	   -24.133	    68.306	     0.000	    -1.862	486.016135	486.016135	571.204187	2345.891328
  52.000	   0.000	       592.505	        93.106	     0.000	   355.014	   -23.971	    66.774	     0.000	    -1.779	506.715182	506.715182	592.219689	2347.872861
  52.200	   0.000	       606.989	        95.073	     0.000	   354.221	   -23.811	    65.810	     0.000	    -1.728	521.600087	521.600087	607.053671	2349.817873
  52.400	   0.000	       629.111	        95.090	     0.000	   353.432	   -23.652	    64.335	     0.000	    -1.652	543.545141	543.545141	628.978970	2349.845262
  52.600	   0.000	       645.899	        93.205	     0.000	   352.645	   -23.494	    63.044	     0.000	    -1.586	560.609479	560.609479	645.928599	2347.956007
  52.800	   0.000	       646.523	        91.327	     0.000	   351.863	   -23.338	    62.687	     0.000	    -1.568	561.110481	561.110481	646.550200	2346.076373
  53.000	   0.000	       624.279	        89.479	     0.000	   351.084	   -23.183	    63.704	     0.000	    -1.619	539.746567	539.746567	624.708006	2344.230880
  53.200	   0.000	       621.713	        89.493	     0.000	   350.308	   -23.030	    63.745	     0.000	    -1.621	535.838938	535.838938	621.415642	2344.267744
  53.400	   0.000	       603.274	        91.493	     0.000	   349.535	   -22.878	    64.819	     0.000	    -1.677	517.858775	517.858775	603.025255	2346.258902
  53.600	   0.000	       574.080	        93.493	     0.000	   348.766	   -22.727	    66.690	     0.000	    -1.775	489.014812	489.014812	574.419029	2348.242422
  53.800	   0.000	       542.747	        95.434	     0.000	   348.001	   -22.578	    68.988	     0.000	    -1.899	457.001269	457.001269	542.500506	2350.179888
  54.000	   0.000	       513.534	        95.540	     0.000	   347.239	   -22.430	    71.267	     0.000	    -2.027	428.411217	428.411217	513.686546	2350.288771
  54.200	   0.000	       486.690	        93.632	     0.000	   346.480	   -22.283	    73.276	     0.000	    -2.143	401.652286	401.652286	486.699029	2348.381998
  54.400	   0.000	       466.546	        91.736	     0.000	   345.724	   -22.138	    74.941	     0.000	    -2.241	381.625063	381.625063	466.990949	2346.485179
  54.600	   0.000	       456.124	        89.888	     0.000	   344.972	   -21.994	    75.699	     0.000	    -2.287	370.068997	370.068997	455.582616	2344.642400
  54.800	   0.000	       446.593	        89.826	     0.000	   344.223	   -21.851	    76.477	     0.000	    -2.334	361.055189	361.055189	446.536949	2344.588147
  55.000	   0.000	       428.183	        91.826	     0.000	   343.477	   -21.709	    78.562	     0.000	    -2.463	343.259379	343.259379	428.090322	2346.583869
  55.200	   0.000	       428.605	        93.817	     0.000	   342.735	   -21.569	    78.718	     0.000	    -2.473	343.302250	343.302250	428.765300	2348.566673
  55.400	   0.000	       446.672	        95.742	     0.000	   341.995	   -21.429	    76.820	     0.000	    -2.355	361.788981	361.788981	447.063754	2350.488137
  55.600	   0.000	       472.531	        95.932	     0.000	   341.259	   -21.291	    73.935	     0.000	    -2.181	386.374543	386.374543	472.128682	2350.670131
  55.800	   0.000	       483.951	        93.992	     0.000	   340.526	   -21.154	    72.599	     0.000	    -2.103	399.153124	399.153124	483.956455	2348.742520
  56.000	   0.000	       513.902	        92.085	     0.000	   339.796	   -21.019	    69.622	     0.000	    -1.934	428.698347	428.698347	513.987997	2346.833854
  56.200	   0.000	       544.419	        90.239	     0.000	   339.069	   -20.884	    66.938	     0.000	    -1.788	459.661020	459.661020	544.883659	2344.993278
  56.400	   0.000	       572.533	        90.079	     0.000	   338.346	   -20.751	    64.805	     0.000	    -1.676	486.769081	486.769081	572.084539	2344.842386
  56.600	   0.000	       595.517	        92.079	     0.000	   337.625	   -20.618	    63.238	     0.000	    -1.596	510.434617	510.434617	595.696101	2346.844362
  56.800	   0.000	       620.628	        94.079	     0.000	   336.908	   -20.487	    61.732	     0.000	    -1.521	535.320289	535.320289	620.708130	2348.826164
  57.000	   0.000	       624.880	        95.984	     0.000	   336.193	   -20.357	    61.402	     0.000	    -1.504	539.499379	539.499379	624.946234	2350.730983
  57.200	   0.000	       624.237	        96.238	     0.000	   335.482	   -20.228	    61.302	     0.000	    -1.500	539.245116	539.245116	624.149608	2350.984971
  57.400	   0.000	       631.678	        94.289	     0.000	   334.773	   -20.100	    60.709	     0.000	    -1.471	546.221685	546.221685	631.595653	2349.038606
  57.600	   0.000	       635.928	        92.356	     0.000	   334.068	   -19.973	    60.153	     0.000	    -1.444	550.367729	550.367729	635.827772	2347.105577
  57.800	   0.000	       617.160	        90.505	     0.000	   333.366	   -19.848	    60.954	     0.000	    -1.483	531.423444	531.423444	616.975656	2345.260284
  58.000	   0.000	       586.478	        90.250	     0.000	   332.666	   -19.723	    62.612	     0.000	    -1.564	501.263336	501.263336	586.517775	2345.017360
  58.200	   0.000	       563.585	        92.250	     0.000	   331.969	   -19.599	    64.194	     0.000	    -1.644	478.120495	478.120495	563.308675	2347.012589
  58.400	   0.000	       537.806	        94.246	     0.000	   331.276	   -19.477	    65.932	     0.000	    -1.735	452.490809	452.490809	537.675694	2348.995019
  58.600	   0.000	       506.025	        96.131	     0.000	   330.585	   -19.355	    68.458	     0.000	    -1.870	420.733936	420.733936	506.131231	2350.877338
  58.800	   0.000	       482.155	        96.454	     0.000	   329.897	   -19.235	    70.478	     0.000	    -1.982	396.655558	396.655558	481.897392	2351.193462
  59.000	   0.000	       459.249	        94.474	     0.000	   329.212	   -19.115	    72.288	     0.000	    -2.085	373.884842	373.884842	458.977710	2349.224363
  59.200	   0.000	       441.766	        92.511	     0.000	   328.530	   -18.996	    73.807	     0.000	    -2.174	356.232717	356.232717	441.865788	2347.262559
  59.400	   0.000	       428.296	        90.652	     0.000	   327.850	   -18.879	    74.982	     0.000	    -2.243	343.202248	343.202248	428.281130	2345.405959
  59.600	   0.000	       438.534	        90.300	     0.000	   327.174	   -18.762	    73.653	     0.000	    -2.165	352.811987	352.811987	438.191508	2345.065576
  59.800	   0.000	       446.615	        92.300	     0.000	   326.500	   -18.646	    72.885	     0.000	    -2.120	361.087596	361.087596	446.512365	2347.055726
  60.000	   0.000	       441.748	        94.281	     0.000	   325.829	   -18.532	    73.430	     0.000	    -2.152	356.745679	356.745679	441.869397	2349.030403
  60.200	   0.000	       457.250	        96.140	     0.000	   325.161	   -18.418	    72.007	     0.000	    -2.069	372.491302	372.491302	457.707280	2350.887405
  60.400	   0.000	       487.089	        96.527	     0.000	   324.495	   -18.305	    69.126	     0.000	    -1.907	401.772046	401.772046	486.869619	2351.257443
  60.600	   0.000	       518.998	        94.527	     0.000	   323.832	   -18.193	    66.135	     0.000	    -1.745	434.233630	434.233630	519.421728	2349.261462
  60.800	   0.000	       541.763	        92.527	     0.000	   323.172	   -18.082	    64.148	     0.000	    -1.642	456.153666	456.153666	541.349113	2347.267047
  61.000	   0.000	       574.547	        90.628	     0.000	   322.515	   -17.972	    61.678	     0.000	    -1.518	488.760813	488.760813	574.412541	2345.382250
  61.200	   0.000	       595.745	        90.182	     0.000	   321.860	   -17.863	    60.159	     0.000	    -1.444	510.078570	510.078570	595.446154	2344.941916
  61.400	   0.000	       610.516	        92.157	     0.000	   321.208	   -17.754	    59.330	     0.000	    -1.405	524.809443	524.809443	610.129801	2346.906604
  61.600	   0.000	       626.034	        94.109	     0.000	   320.558	   -17.647	    58.399	     0.000	    -1.361	540.648634	540.648634	625.997265	2348.857970
  61.800	   0.000	       634.069	        95.946	     0.000	   319.911	   -17.540	    57.941	     0.000	    -1.340	548.744732	548.744732	634.083128	2350.692941
  62.000	   0.000	       627.273	        96.378	     0.000	   319.267	   -17.435	    58.141	     0.000	    -1.349	541.692362	541.692362	626.930017	2351.101547
  62.200	   0.000	       609.068	        94.378	     0.000	   318.625	   -17.330	    58.967	     0.000	    -1.387	523.624771	523.624771	608.962920	2349.089393
  62.400	   0.000	       596.418	        92.378	     0.000	   317.986	   -17.226	    59.499	     0.000	    -1.413	511.611016	511.611016	596.715085	2347.073971
  62.600	   0.000	       590.253	        90.378	     0.000	   317.350	   -17.122	    59.552	     0.000	    -1.415	504.240971	504.240971	589.804874	2345.137550
  62.800	   0.000	       558.554	        89.830	     0.000	   316.716	   -17.020	    61.319	     0.000	    -1.500	473.609299	473.609299	558.711929	2344.593414
  63.000	   0.000	       526.841	        91.747	     0.000	   316.084	   -16.918	    63.530	     0.000	    -1.611	441.641897	441.641897	526.860635	2346.496719
  63.200	   0.000	       497.344	        93.641	     0.000	   315.455	   -16.817	    65.823	     0.000	    -1.729	412.513803	412.513803	497.776357	2348.390570
  63.400	   0.000	       473.946	        95.485	     0.000	   314.829	   -16.717	    67.856	     0.000	    -1.837	387.804975	387.804975	473.039340	2350.233896
  63.600	   0.000	       445.873	        95.958	     0.000	   314.205	   -16.618	    70.487	     0.000	    -1.983	361.228348	361.228348	446.383423	2350.677578
  63.800	   0.000	       439.712	        93.963	     0.000	   313.584	   -16.520	    70.817	     0.000	    -2.001	354.332446	354.332446	439.570384	2348.666737
  64.000	   0.000	       430.761	        91.963	     0.000	   312.964	   -16.422	    71.353	     0.000	    -2.032	345.652714	345.652714	430.939345	2346.646397
  64.200	   0.000	       424.639	        89.963	     0.000	   312.348	   -16.325	    71.725	     0.000	    -2.053	339.315064	339.315064	424.704386	2344.661821
  64.400	   0.000	       428.811	        89.221	     0.000	   311.734	   -16.229	    71.107	     0.000	    -2.018	343.540042	343.540042	428.687833	2343.986092
  64.600	   0.000	       454.091	        91.059	     0.000	   311.122	   -16.134	    68.707	     0.000	    -1.884	369.069973	369.069973	454.337949	2345.809334
  64.800	   0.000	       472.432	        92.886	     0.000	   310.513	   -16.039	    66.971	     0.000	    -1.790	387.036162	387.036162	472.535501	2347.635889
  65.000	   0.000	       486.454	        94.684	     0.000	   309.906	   -15.945	    65.784	     0.000	    -1.727	401.392549	401.392549	486.490083	2349.433167
  65.200	   0.000	       509.792	        95.245	     0.000	   309.301	   -15.852	    63.972	     0.000	    -1.633	423.958263	423.958263	509.326683	2349.966630
  65.400	   0.000	       541.488	        93.255	     0.000	   308.699	   -15.760	    61.349	     0.000	    -1.502	456.043504	456.043504	541.456077	2347.966522
  65.600	   0.000	       569.676	        91.255	     0.000	   308.099	   -15.668	    59.255	     0.000	    -1.401	483.847090	483.847090	569.517471	2345.948417
  65.800	   0.000	       594.193	        89.255	     0.000	   307.501	   -15.577	    57.564	     0.000	    -1.322	508.236741	508.236741	593.754244	2343.947241
  66.000	   0.000	       614.359	        88.346	     0.000	   306.906	   -15.487	    56.270	     0.000	    -1.263	529.112158	529.112158	613.973553	2343.116050
  66.200	   0.000	       623.282	        90.117	     0.000	   306.313	   -15.397	    55.694	     0.000	    -1.238	537.995004	537.995004	623.524609	2344.866524
  66.400	   0.000	       617.491	        91.878	     0.000	   305.722	   -15.308	    56.007	     0.000	    -1.252	532.560742	532.560742	617.563998	2346.627765
  66.600	   0.000	       620.597	        93.617	     0.000	   305.134	   -15.220	    55.824	     0.000	    -1.243	535.019613	535.019613	620.439730	2348.366302
  66.800	   0.000	       613.484	        94.281	     0.000	   304.548	   -15.133	    56.118	     0.000	    -1.257	528.508142	528.508142	613.548858	2348.983674
  67.000	   0.000	       593.558	        92.305	     0.000	   303.964	   -15.046	    56.960	     0.000	    -1.295	508.089276	508.089276	593.441217	2347.011634
  67.200	   0.000	       559.531	        90.305	     0.000	   303.382	   -14.959	    58.724	     0.000	    -1.376	475.234222	475.234222	560.311497	2344.997702
  67.400	   0.000	       542.900	        88.305	     0.000	   302.802	   -14.874	    59.607	     0.000	    -1.418	456.962339	456.962339	542.513076	2342.995378
  67.600	   0.000	       524.867	        87.275	     0.000	   302.225	   -14.789	    60.642	     0.000	    -1.467	439.140947	439.140947	524.584147	2342.034101
  67.800	   0.000	       490.635	        88.945	     0.000	   301.650	   -14.705	    63.058	     0.000	    -1.587	406.280663	406.280663	490.961617	2343.695286
  68.000	   0.000	       468.478	        90.649	     0.000	   301.077	   -14.621	    64.987	     0.000	    -1.685	383.090111	383.090111	468.592408	2345.398660
  68.200	   0.000	       444.586	        92.335	     0.000	   300.507	   -14.538	    67.110	     0.000	    -1.797	359.358240	359.358240	444.451032	2347.084425
  68.400	   0.000	       425.403	        93.044	     0.000	   299.938	   -14.456	    69.038	     0.000	    -1.902	340.050792	340.050792	425.001157	2347.783940
  68.600	   0.000	       417.062	        91.139	     0.000	   299.372	   -14.374	    69.644	     0.000	    -1.935	332.029043	332.029043	417.269692	2345.856086
  68.800	   0.000	       427.554	        89.139	     0.000	   298.807	   -14.293	    68.337	     0.000	    -1.863	341.797773	341.797773	427.436166	2343.850451
  69.000	   0.000	       438.009	        87.139	     0.000	   298.245	   -14.212	    66.907	     0.000	    -1.786	352.367885	352.367885	437.733363	2341.857676
  69.200	   0.000	       442.681	        86.052	     0.000	   297.685	   -14.132	    66.280	     0.000	    -1.753	357.496378	357.496378	442.694353	2340.794555
  69.400	   0.000	       461.827	        87.629	     0.000	   297.127	   -14.053	    64.619	     0.000	    -1.666	376.745196	376.745196	461.910687	2342.378982
  69.600	   0.000	       494.212	        89.292	     0.000	   296.571	   -13.974	    62.043	     0.000	    -1.536	408.575238	408.575238	493.922411	2344.041817
  69.800	   0.000	       522.143	        90.946	     0.000	   296.018	   -13.896	    59.931	     0.000	    -1.433	436.923847	436.923847	522.254792	2345.695883
  70.000	   0.000	       540.509	        91.735	     0.000	   295.466	   -13.819	    58.670	     0.000	    -1.374	454.868810	454.868810	539.941039	2346.462779
  70.200	   0.000	       561.026	        89.832	     0.000	   294.916	   -13.742	    57.162	     0.000	    -1.304	476.178685	476.178685	561.311396	2344.568105
  70.400	   0.000	       589.738	        87.832	     0.000	   294.369	   -13.665	    55.233	     0.000	    -1.217	503.837643	503.837643	589.449093	2342.574251
  70.600	   0.000	       600.797	        85.843	     0.000	   293.823	   -13.590	    54.436	     0.000	    -1.182	515.655946	515.655946	600.830545	2340.594185
  70.800	   0.000	       618.596	        84.698	     0.000	   293.280	   -13.514	    53.347	     0.000	    -1.136	533.494971	533.494971	618.520448	2339.459725
  71.000	   0.000	       627.012	        86.258	     0.000	   292.738	   -13.440	    52.880	     0.000	    -1.116	541.172611	541.172611	626.625329	2341.008622
  71.200	   0.000	       616.110	        87.908	     0.000	   292.198	   -13.365	    53.357	     0.000	    -1.136	531.094563	531.094563	616.475099	2342.657433
  71.400	   0.000	       591.355	        89.544	     0.000	   291.661	   -13.292	    54.619	     0.000	    -1.190	506.224941	506.224941	591.265403	2344.294404
  71.600	   0.000	       580.475	        90.384	     0.000	   291.125	   -13.219	    55.211	     0.000	    -1.216	495.408585	495.408585	580.550813	2345.108086
  71.800	   0.000	       563.551	        88.483	     0.000	   290.592	   -13.146	    55.934	     0.000	    -1.248	477.824440	477.824440	563.341199	2343.231432
  72.000	   0.000	       535.250	        86.505	     0.000	   290.060	   -13.074	    57.431	     0.000	    -1.316	449.502759	449.502759	535.173889	2341.254669
  72.200	   0.000	       500.278	        84.548	     0.000	   289.530	   -13.003	    59.539	     0.000	    -1.414	415.123983	415.123983	500.104905	2339.297968
  72.400	   0.000	       480.510	        83.348	     0.000	   289.002	   -12.932	    60.864	     0.000	    -1.478	394.808881	394.808881	480.390081	2338.120593
  72.600	   0.000	       460.181	        84.911	     0.000	   288.477	   -12.861	    62.445	     0.000	    -1.556	374.744526	374.744526	459.883070	2339.661505
  72.800	   0.000	       440.417	        86.552	     0.000	   287.953	   -12.791	    64.179	     0.000	    -1.644	355.399418	355.399418	440.603486	2341.301468
  73.000	   0.000	       429.037	        88.168	     0.000	   287.431	   -12.722	    65.413	     0.000	    -1.707	343.360000	343.360000	428.601549	2342.915832
  73.200	   0.000	       421.507	        89.065	     0.000	   286.910	   -12.653	    66.037	     0.000	    -1.740	336.222691	336.222691	421.495835	2343.778948
  73.400	   0.000	       413.404	        87.176	     0.000	   286.392	   -12.584	    66.634	     0.000	    -1.772	328.230541	328.230541	413.432013	2341.927275
  73.600	   0.000	       421.234	        85.227	     0.000	   285.876	   -12.516	    65.630	     0.000	    -1.719	335.728137	335.728137	421.178579	2339.978392
  73.800	   0.000	       445.827	        83.306	     0.000	   285.361	   -12.449	    63.065	     0.000	    -1.587	361.175993	361.175993	446.192735	2338.056452
  74.000	   0.000	       475.923	        82.074	     0.000	   284.848	   -12.382	    60.355	     0.000	    -1.454	390.326654	390.326654	475.766196	2336.850297
  74.200	   0.000	       486.615	        83.637	     0.000	   284.337	   -12.315	    59.569	     0.000	    -1.416	402.354530	402.354530	487.288025	2338.387841
  74.400	   0.000	       514.108	        85.269	     0.000	   283.828	   -12.249	    57.643	     0.000	    -1.326	428.283384	428.283384	513.689560	2340.018925
  74.600	   0.000	       543.269	        86.869	     0.000	   283.321	   -12.184	    55.783	     0.000	    -1.242	458.306966	458.306966	543.429560	2341.619343
  74.800	   0.000	       569.346	        87.822	     0.000	   282.816	   -12.119	    54.171	     0.000	    -1.171	484.118833	484.118833	569.345121	2342.534120
  75.000	   0.000	       583.733	        85.966	     0.000	   282.312	   -12.054	    53.186	     0.000	    -1.129	498.184034	498.184034	583.788778	2340.717770
  75.200	   0.000	       600.630	        84.048	     0.000	   281.810	   -11.990	    52.127	     0.000	    -1.084	515.530169	515.530169	600.679634	2338.799200
  75.400	   0.000	       609.370	        82.164	     0.000	   281.310	   -11.926	    51.481	     0.000	    -1.058	523.515870	523.515870	609.020536	2336.914970
  75.600	   0.000	       603.416	        80.914	     0.000	   280.812	   -11.863	    51.572	     0.000	    -1.061	519.080176	519.080176	603.819571	2335.691570
  75.800	   0.000	       608.667	        82.474	     0.000	   280.315	   -11.800	    51.341	     0.000	    -1.052	523.008965	523.008965	608.632166	2337.220270
  76.000	   0.000	       601.099	        84.100	     0.000	   279.821	   -11.738	    51.631	     0.000	    -1.064	515.884698	515.884698	601.080700	2338.849122
  76.200	   0.000	       576.401	        85.697	     0.000	   279.327	   -11.676	    52.867	     0.000	    -1.115	490.333140	490.333140	575.835468	2340.445170
  76.400	   0.000	       543.826	        86.696	     0.000	   278.836	   -11.614	    54.689	     0.000	    -1.193	458.434363	458.434363	543.868233	2341.407079
  76.600	   0.000	       517.081	        84.886	     0.000	   278.347	   -11.553	    56.205	     0.000	    -1.261	431.971737	431.971737	517.191606	2339.632331
  76.800	   0.000	       500.254	        82.992	     0.000	   277.859	   -11.493	    57.050	     0.000	    -1.299	414.403378	414.403378	500.016054	2337.741447
  77.000	   0.000	       471.942	        81.146	     0.000	   277.373	   -11.432	    58.859	     0.000	    -1.382	386.549852	386.549852	471.721250	2335.895769
  77.200	   0.000	       447.555	        79.886	     0.000	   276.888	   -11.373	    60.581	     0.000	    -1.464	362.723709	362.723709	447.799321	2334.661653
  77.400	   0.000	       433.428	        81.421	     0.000	   276.405	   -11.313	    61.831	     0.000	    -1.525	348.238064	348.238064	433.669481	2336.172485
  77.600	   0.000	       420.546	        83.060	     0.000	   275.924	   -11.254	    63.007	     0.000	    -1.584	335.293831	335.293831	420.524598	2337.810462
  77.800	   0.000	       414.502	        84.654	     0.000	   275.445	   -11.196	    63.711	     0.000	    -1.620	329.855990	329.855990	414.668123	2339.403651
  78.000	   0.000	       421.038	        85.693	     0.000	   274.967	   -11.138	    63.150	     0.000	    -1.591	335.651336	335.651336	420.887683	2340.404401
  78.200	   0.000	       433.172	        83.933	     0.000	   274.491	   -11.080	    61.704	     0.000	    -1.519	347.855094	347.855094	433.454298	2338.678608
  78.400	   0.000	       434.586	        82.063	     0.000	   274.017	   -11.022	    61.334	     0.000	    -1.501	349.506039	349.506039	434.667783	2336.812837
  78.600	   0.000	       458.149	        80.252	     0.000	   273.544	   -10.965	    59.249	     0.000	    -1.401	372.938640	372.938640	458.301164	2335.002349
  78.800	   0.000	       493.263	        78.985	     0.000	   273.073	   -10.909	    56.491	     0.000	    -1.273	407.751050	407.751050	492.946805	2333.759086
  79.000	   0.000	       523.485	        80.494	     0.000	   272.603	   -10.853	    54.488	     0.000	    -1.185	438.755467	438.755467	524.030535	2335.252462
  79.200	   0.000	       542.318	        82.145	     0.000	   272.135	   -10.797	    53.288	     0.000	    -1.133	456.655123	456.655123	541.918284	2336.896922
  79.400	   0.000	       565.324	        83.736	     0.000	   271.669	   -10.742	    52.076	     0.000	    -1.082	479.724205	479.724205	565.102009	2338.485642
  79.600	   0.000	       582.873	        84.807	     0.000	   271.204	   -10.686	    51.081	     0.000	    -1.041	498.112229	498.112229	583.120127	2339.520458
  79.800	   0.000	       595.858	        83.098	     0.000	   270.741	   -10.632	    50.250	     0.000	    -1.008	510.335926	510.335926	595.768173	2337.840980
  80.000	   0.000	       601.363	        81.248	     0.000	   270.279	   -10.578	    49.789	     0.000	    -0.989	516.357843	516.357843	601.470672	2335.999246
  80.200	   0.000	       607.749	        79.466	     0.000	   269.819	   -10.524	    49.327	     0.000	    -0.971	521.974721	521.974721	607.405189	2334.217245
  80.400	   0.000	       596.455	        78.194	     0.000	   269.361	   -10.470	    49.663	     0.000	    -0.984	511.348590	511.348590	596.480308	2332.966390
  80.600	   0.000	       578.201	        79.688	     0.000	   268.904	   -10.417	    50.526	     0.000	    -1.019	492.512747	492.512747	577.935210	2334.443363
  80.800	   0.000	       565.101	        81.340	     0.000	   268.449	   -10.364	    51.268	     0.000	    -1.049	479.974051	479.974051	565.272259	2336.089709
  81.000	   0.000	       550.833	        82.924	     0.000	   267.995	   -10.312	    51.959	     0.000	    -1.077	465.228432	465.228432	550.505929	2337.672908
  81.200	   0.000	       515.617	        84.022	     0.000	   267.543	   -10.259	    53.987	     0.000	    -1.163	430.405025	430.405025	515.777770	2338.737373
  81.400	   0.000	       481.135	        82.351	     0.000	   267.092	   -10.208	    56.079	     0.000	    -1.255	395.998900	395.998900	481.126527	2337.097602
  81.600	   0.000	       455.825	        80.524	     0.000	   266.643	   -10.156	    57.716	     0.000	    -1.329	371.098838	371.098838	456.337232	2335.276229
  81.800	   0.000	       445.009	        78.768	     0.000	   266.195	   -10.105	    58.397	     0.000	    -1.361	359.204700	359.204700	444.491409	2333.519195
  82.000	   0.000	       421.718	        77.491	     0.000	   265.749	   -10.054	    60.081	     0.000	    -1.440	337.426837	337.426837	422.428806	2332.263022
  82.200	   0.000	       419.464	        78.969	     0.000	   265.304	   -10.004	    60.355	     0.000	    -1.454	333.923735	333.923735	419.382980	2333.723171
  82.400	   0.000	       417.081	        80.617	     0.000	   264.861	    -9.954	    60.657	     0.000	    -1.468	331.181806	331.181806	416.744568	2335.363005
  82.600	   0.000	       414.702	        82.192	     0.000	   264.419	    -9.904	    60.867	     0.000	    -1.478	329.694917	329.694917	414.866781	2336.940302
  82.800	   0.000	       423.530	        83.313	     0.000	   263.979	    -9.855	    60.202	     0.000	    -1.446	338.102020	338.102020	423.443309	2338.029291
  83.000	   0.000	       447.968	        81.674	     0.000	   263.540	    -9.806	    57.971	     0.000	    -1.341	362.560757	362.560757	447.916086	2336.424506
  83.200	   0.000	       470.072	        79.875	     0.000	   263.102	    -9.757	    56.011	     0.000	    -1.252	384.304890	384.304890	469.744543	2334.625168
  83.400	   0.000	       482.322	        78.140	     0.000	   262.666	    -9.709	    54.942	     0.000	    -1.205	397.637800	397.637800	482.600907	2332.889210
  83.600	   0.000	       509.700	        76.858	     0.000	   262.232	    -9.661	    53.043	     0.000	    -1.123	424.366279	424.366279	509.717211	2331.626570
  83.800	   0.000	       544.880	        78.316	     0.000	   261.799	    -9.613	    50.988	     0.000	    -1.037	459.400079	459.400079	544.793425	2333.065033
  84.000	   0.000	       570.612	        79.943	     0.000	   261.367	    -9.565	    49.613	     0.000	    -0.982	485.229273	485.229273	570.584460	2334.693493
  84.200	   0.000	       586.301	        81.518	     0.000	   260.937	    -9.518	    48.809	     0.000	    -0.951	500.651852	500.651852	586.160371	2336.267639
  84.400	   0.000	       592.315	        82.658	     0.000	   260.508	    -9.471	    48.499	     0.000	    -0.939	507.753409	507.753409	592.588633	2337.376948
  84.600	   0.000	       600.768	        81.051	     0.000	   260.081	    -9.425	    47.900	     0.000	    -0.916	514.877129	514.877129	600.748834	2335.806081
  84.800	   0.000	       591.727	        79.283	     0.000	   259.655	    -9.379	    48.197	     0.000	    -0.927	506.663469	506.663469	591.729110	2334.029546
  85.000	   0.000	       586.712	        77.560	     0.000	   259.230	    -9.333	    48.239	     0.000	    -0.929	501.579756	501.579756	586.754634	2332.310084
  85.200	   0.000	       581.501	        76.271	     0.000	   258.807	    -9.287	    48.336	     0.000	    -0.932	496.480633	496.480633	581.993257	2331.039803
  85.400	   0.000	       555.960	        77.707	     0.000	   258.385	    -9.242	    49.549	     0.000	    -0.980	470.202555	470.202555	555.504549	2332.453404
  85.600	   0.000	       525.363	        79.322	     0.000	   257.965	    -9.197	    51.209	     0.000	    -1.046	440.369181	440.369181	525.503854	2334.074012
  85.800	   0.000	       505.166	        80.894	     0.000	   257.546	    -9.152	    52.454	     0.000	    -1.098	420.213592	420.213592	505.424350	2335.646846
  86.000	   0.000	       488.801	        82.050	     0.000	   257.128	    -9.107	    53.466	     0.000	    -1.141	403.199670	403.199670	488.910186	2336.772213
  86.200	   0.000	       456.111	        80.479	     0.000	   256.712	    -9.063	    55.500	     0.000	    -1.229	370.889407	370.889407	456.183236	2335.237621
  86.400	   0.000	       430.544	        78.736	     0.000	   256.297	    -9.019	    57.348	     0.000	    -1.312	345.159352	345.159352	430.384410	2333.479889
  86.600	   0.000	       414.513	        77.023	     0.000	   255.883	    -8.976	    58.422	     0.000	    -1.362	330.243802	330.243802	415.187453	2331.774747
  86.800	   0.000	       409.453	        75.734	     0.000	   255.471	    -8.932	    58.757	     0.000	    -1.378	323.775426	323.775426	409.241193	2330.501506
  87.000	   0.000	       408.628	        77.146	     0.000	   255.060	    -8.889	    58.806	     0.000	    -1.380	323.354310	323.354310	408.795120	2331.888907
  87.200	   0.000	       421.160	        78.756	     0.000	   254.650	    -8.847	    57.913	     0.000	    -1.338	335.476711	335.476711	420.882386	2333.509917
  87.400	   0.000	       432.488	        80.333	     0.000	   254.242	    -8.804	    56.926	     0.000	    -1.293	347.462600	347.462600	432.549595	2335.080252
  87.600	   0.000	       442.094	        81.499	     0.000	   253.834	    -8.762	    56.151	     0.000	    -1.258	356.949498	356.949498	442.329757	2336.220685
  87.800	   0.000	       459.561	        79.974	     0.000	   253.429	    -8.720	    54.763	     0.000	    -1.197	374.814849	374.814849	459.995181	2334.730012
  88.000	   0.000	       494.743	        78.240	     0.000	   253.024	    -8.678	    52.183	     0.000	    -1.087	409.116908	409.116908	494.109834	2332.985649
  88.200	   0.000	       521.677	        76.545	     0.000	   252.621	    -8.637	    50.358	     0.000	    -1.012	436.458584	436.458584	521.887840	2331.298662
  88.400	   0.000	       538.430	        75.261	     0.000	   252.219	    -8.596	    49.274	     0.000	    -0.969	453.114899	453.114899	538.608234	2330.027620
  88.600	   0.000	       557.478	        76.644	     0.000	   251.818	    -8.555	    48.298	     0.000	    -0.931	472.597364	472.597364	557.964454	2331.386885
  88.800	   0.000	       584.252	        78.266	     0.000	   251.419	    -8.514	    46.987	     0.000	    -0.881	498.772066	498.772066	583.994112	2333.018507
  89.000	   0.000	       594.314	        79.840	     0.000	   251.021	    -8.474	    46.506	     0.000	    -0.863	509.005909	509.005909	594.388816	2334.586754
  89.200	   0.000	       600.105	        81.026	     0.000	   250.624	    -8.434	    46.200	     0.000	    -0.852	515.151640	515.151640	600.523360	2335.746998
  89.400	   0.000	       594.918	        79.556	     0.000	   250.229	    -8.394	    46.272	     0.000	    -0.854	509.211379	509.211379	594.580134	2334.308173
  89.600	   0.000	       583.661	        77.825	     0.000	   249.834	    -8.354	    46.628	     0.000	    -0.868	498.421277	498.421277	583.829329	2332.573298
  89.800	   0.000	       556.517	        76.160	     0.000	   249.441	    -8.315	    47.754	     0.000	    -0.910	471.412490	471.412490	556.392220	2330.912700
  90.000	   0.000	       546.690	        74.884	     0.000	   249.049	    -8.276	    48.134	     0.000	    -0.925	461.144281	461.144281	546.726577	2329.648153
  90.200	   0.000	       530.772	        76.237	     0.000	   248.659	    -8.237	    48.937	     0.000	    -0.956	445.117962	445.117962	530.708481	2330.979547
  90.400	   0.000	       500.074	        77.883	     0.000	   248.269	    -8.198	    50.639	     0.000	    -1.023	414.326220	414.326220	499.697397	2332.632695
  90.600	   0.000	       468.919	        79.454	     0.000	   247.881	    -8.160	    52.680	     0.000	    -1.107	383.822660	383.822660	468.875603	2334.201393
  90.800	   0.000	       447.537	        80.660	     0.000	   247.494	    -8.122	    54.241	     0.000	    -1.174	362.704525	362.704525	448.069554	2335.387965
  91.000	   0.000	       432.778	        79.254	     0.000	   247.108	    -8.084	    55.136	     0.000	    -1.213	347.717974	347.717974	432.849726	2334.007151
  91.200	   0.000	       416.348	        77.527	     0.000	   246.724	    -8.046	    56.210	     0.000	    -1.261	331.095706	331.095706	416.386446	2332.280941
  91.400	   0.000	       404.898	        75.905	     0.000	   246.340	    -8.009	    57.068	     0.000	    -1.300	319.823633	319.823633	404.903763	2330.653746
  91.600	   0.000	       406.991	        74.636	     0.000	   245.958	    -7.971	    56.672	     0.000	    -1.282	321.424263	321.424263	406.990579	2329.398259
  91.800	   0.000	       409.400	        75.962	     0.000	   245.577	    -7.934	    56.532	     0.000	    -1.275	324.444987	324.444987	409.549444	2330.707019
  92.000	   0.000	       426.732	        77.645	     0.000	   245.197	    -7.898	    55.189	     0.000	    -1.215	341.253873	341.253873	426.565770	2332.390349
  92.200	   0.000	       451.062	        79.214	     0.000	   244.819	    -7.861	    53.441	     0.000	    -1.140	366.332401	366.332401	451.576522	2333.965297
  92.400	   0.000	       479.332	        80.456	     0.000	   244.441	    -7.825	    51.448	     0.000	    -1.056	393.253181	393.253181	478.850884	2335.185088
  92.600	   0.000	       488.432	        79.114	     0.000	   244.065	    -7.789	    50.734	     0.000	    -1.027	404.010721	404.010721	488.950634	2333.865151
  92.800	   0.000	       511.278	        77.393	     0.000	   243.690	    -7.753	    49.206	     0.000	    -0.966	426.407921	426.407921	511.405040	2332.151610
  93.000	   0.000	       545.638	        75.811	     0.000	   243.316	    -7.717	    47.244	     0.000	    -0.891	459.989348	459.989348	545.414277	2330.558411
  93.200	   0.000	       564.989	        74.550	     0.000	   242.943	    -7.682	    46.105	     0.000	    -0.848	480.039220	480.039220	565.363088	2329.312791
  93.400	   0.000	       578.242	        75.864	     0.000	   242.571	    -7.647	    45.459	     0.000	    -0.825	492.523447	492.523447	578.202077	2330.605076
  93.600	   0.000	       589.640	        77.579	     0.000	   242.200	    -7.612	    44.977	     0.000	    -0.807	504.275726	504.275726	589.606328	2332.324123
  93.800	   0.000	       595.543	        79.165	     0.000	   241.831	    -7.577	    44.712	     0.000	    -0.798	509.799417	509.799417	595.348305	2333.917230
  94.000	   0.000	       588.708	        80.448	     0.000	   241.463	    -7.542	    44.961	     0.000	    -0.807	503.626087	503.626087	588.970012	2335.176746
  94.200	   0.000	       581.275	        79.171	     0.000	   241.095	    -7.508	    45.184	     0.000	    -0.815	495.298338	495.298338	580.745883	2333.922982
  94.400	   0.000	       566.523	        77.473	     0.000	   240.729	    -7.474	    45.663	     0.000	    -0.832	481.421585	481.421585	566.541024	2332.228738
  94.600	   0.000	       538.879	        75.926	     0.000	   240.364	    -7.440	    46.861	     0.000	    -0.876	453.322035	453.322035	538.844030	2330.671336
  94.800	   0.000	       505.787	        74.681	     0.000	   240.000	    -7.406	    48.461	     0.000	    -0.937	420.519361	420.519361	505.941490	2329.446125
  95.000	   0.000	       487.972	        75.961	     0.000	   239.638	    -7.372	    49.570	     0.000	    -0.980	402.554059	402.554059	487.818966	2330.723224
  95.200	   0.000	       472.948	        77.746	     0.000	   239.276	    -7.339	    50.483	     0.000	    -1.017	387.554873	387.554873	473.035918	2332.488863
  95.400	   0.000	       447.231	        79.358	     0.000	   238.915	    -7.306	    52.207	     0.000	    -1.088	362.114476	362.114476	447.409696	2334.111257
  95.600	   0.000	       422.234	        80.682	     0.000	   238.556	    -7.273	    54.150	     0.000	    -1.170	337.136742	337.136742	422.361018	2335.409246
  95.800	   0.000	       412.608	        79.497	     0.000	   238.197	    -7.240	    54.766	     0.000	    -1.197	327.517336	327.517336	412.839255	2334.247190
  96.000	   0.000	       407.832	        77.811	     0.000	   237.840	    -7.208	    55.007	     0.000	    -1.207	322.081682	322.081682	407.599916	2332.565096
  96.200	   0.000	       404.749	        76.295	     0.000	   237.484	    -7.175	    55.070	     0.000	    -1.210	320.351953	320.351953	405.396804	2331.042015
  96.400	   0.000	       412.759	        75.085	     0.000	   237.128	    -7.143	    54.224	     0.000	    -1.173	327.446088	327.446088	412.769791	2329.848660
  96.600	   0.000	       432.242	        76.334	     0.000	   236.774	    -7.111	    52.768	     0.000	    -1.111	346.530071	346.530071	432.167238	2331.099803
  96.800	   0.000	       442.010	        78.168	     0.000	   236.421	    -7.080	    52.107	     0.000	    -1.083	357.180356	357.180356	442.054008	2332.915297
  97.000	   0.000	       469.460	        79.820	     0.000	   236.069	    -7.048	    50.342	     0.000	    -1.011	384.552776	384.552776	469.956351	2334.568993
  97.200	   0.000	       502.849	        81.167	     0.000	   235.718	    -7.017	    48.287	     0.000	    -0.930	417.594205	417.594205	502.897182	2335.896488
  97.400	   0.000	       531.689	        80.082	     0.000	   235.368	    -6.985	    46.580	     0.000	    -0.866	446.395438	446.395438	531.700974	2334.830416
  97.600	   0.000	       540.295	        78.409	     0.000	   235.019	    -6.954	    45.950	     0.000	    -0.843	455.493586	455.493586	540.440332	2333.163763
  97.800	   0.000	       559.489	        76.922	     0.000	   234.671	    -6.924	    44.922	     0.000	    -0.805	473.898196	473.898196	559.563835	2331.675535
  98.000	   0.000	       579.855	        75.760	     0.000	   234.324	    -6.893	    43.880	     0.000	    -0.768	494.257074	494.257074	579.810437	2330.520700
  98.200	   0.000	       589.384	        76.968	     0.000	   233.979	    -6.862	    43.425	     0.000	    -0.752	503.783782	503.783782	589.161998	2331.735240
  98.400	   0.000	       591.444	        78.850	     0.000	   233.634	    -6.832	    43.355	     0.000	    -0.750	506.138375	506.138375	591.528674	2333.591008
  98.600	   0.000	       586.897	        80.527	     0.000	   233.290	    -6.802	    43.525	     0.000	    -0.756	501.940993	501.940993	587.108559	2335.275648
  98.800	   0.000	       574.915	        81.891	     0.000	   232.947	    -6.772	    44.008	     0.000	    -0.773	489.977615	489.977615	575.274149	2336.622721
  99.000	   0.000	       556.608	        80.904	     0.000	   232.605	    -6.742	    44.743	     0.000	    -0.799	470.484449	470.484449	556.004167	2335.652486
  99.200	   0.000	       533.116	        79.258	     0.000	   232.265	    -6.713	    45.774	     0.000	    -0.836	448.244018	448.244018	533.262048	2334.007211
  99.400	   0.000	       518.190	        77.787	     0.000	   231.925	    -6.683	    46.329	     0.000	    -0.856	432.721723	432.721723	518.202635	2332.544998
  99.600	   0.000	       481.668	        76.666	     0.000	   231.586	    -6.654	    48.234	     0.000	    -0.928	396.287899	396.287899	481.924606	2331.425393
  99.800	   0.000	       451.421	        77.835	     0.000	   231.248	    -6.625	    50.163	     0.000	    -1.004	366.191339	366.191339	451.324165	2332.596871
 100.000	   0.000	       434.968	        79.720	     0.000	   230.911	    -6.596	    51.436	     0.000	    -1.056	349.928005	349.928005	435.195510	2334.478785
