    时间	    汇点水头	    大井水位	    升管水位	    大井流量	    升管流量	    底板压差
   0.000	      0.763	   2361.063	    2361.063	      0.000	      0.000	      0.000
   0.200	      0.763	   2361.063	    2361.063	     -0.238	      0.000	     -0.000
   0.400	      0.762	   2361.062	    2361.062	     -0.119	      0.000	     -0.000
   0.600	      0.761	   2361.061	    2361.061	     -0.304	      0.000	     -0.000
   0.800	      0.758	   2361.058	    2361.058	     -1.140	      0.000	     -0.000
   1.000	      0.752	   2361.053	    2361.053	     -1.675	      0.000	     -0.000
   1.200	      0.745	   2361.046	    2361.046	     -1.785	      0.000	     -0.001
   1.400	      0.737	   2361.038	    2361.038	     -2.230	      0.000	     -0.001
   1.600	      0.727	   2361.028	    2361.028	     -2.726	      0.000	     -0.001
   1.800	      0.716	   2361.017	    2361.017	     -2.859	      0.000	     -0.001
   2.000	      0.706	   2361.007	    2361.007	     -2.971	      0.000	     -0.001
   2.200	      0.694	   2360.996	    2360.996	     -3.560	      0.000	     -0.002
   2.400	      0.678	   2360.981	    2360.981	     -4.161	      0.000	     -0.003
   2.600	      0.660	   2360.964	    2360.964	     -4.850	      0.000	     -0.003
   2.800	      0.639	   2360.944	    2360.944	     -5.556	      0.000	     -0.005
   3.000	      0.614	   2360.921	    2360.921	     -7.199	      0.000	     -0.007
   3.200	      0.585	   2360.894	    2360.894	     -7.851	      0.000	     -0.009
   3.400	      0.551	   2360.863	    2360.863	     -8.844	      0.000	     -0.012
   3.600	      0.510	   2360.826	    2360.826	    -10.380	      0.000	     -0.016
   3.800	      0.460	   2360.783	    2360.783	    -12.324	      0.000	     -0.022
   4.000	      0.409	   2360.735	    2360.735	    -12.963	      0.000	     -0.025
   4.200	      0.350	   2360.682	    2360.682	    -14.510	      0.000	     -0.031
   4.400	      0.286	   2360.624	    2360.624	    -16.051	      0.000	     -0.038
   4.600	      0.217	   2360.561	    2360.561	    -17.186	      0.000	     -0.044
   4.800	      0.143	   2360.493	    2360.493	    -18.509	      0.000	     -0.050
   5.000	      0.063	   2360.421	    2360.421	    -19.694	      0.000	     -0.058
   5.200	     -0.026	   2360.342	    2360.342	    -21.447	      0.000	     -0.068
   5.400	     -0.120	   2360.258	    2360.258	    -22.974	      0.000	     -0.078
   5.600	     -0.216	   2360.171	    2360.171	    -24.153	      0.000	     -0.087
   5.800	     -0.324	   2360.076	    2360.076	    -25.947	      0.000	     -0.100
   6.000	     -0.441	   2359.974	    2359.974	    -27.834	      0.000	     -0.115
   6.200	     -0.562	   2359.866	    2359.866	    -29.307	      0.000	     -0.128
   6.400	     -0.700	   2359.750	    2359.750	    -31.796	      0.000	     -0.150
   6.600	     -0.843	   2359.626	    2359.626	    -33.625	      0.000	     -0.169
   6.800	     -0.994	   2359.495	    2359.495	    -35.662	      0.000	     -0.189
   7.000	     -1.151	   2359.357	    2359.357	    -37.368	      0.000	     -0.208
   7.200	     -1.316	   2359.212	    2359.212	    -39.119	      0.000	     -0.228
   7.400	     -1.488	   2359.060	    2359.060	    -40.764	      0.000	     -0.248
   7.600	     -1.666	   2358.901	    2358.901	    -42.268	      0.000	     -0.267
   7.800	     -1.846	   2358.738	    2358.738	    -43.679	      0.000	     -0.284
   8.000	     -2.040	   2358.569	    2358.569	    -45.510	      0.000	     -0.309
   8.200	     -2.238	   2358.394	    2358.394	    -47.287	      0.000	     -0.332
   8.400	     -2.435	   2358.213	    2358.213	    -48.444	      0.000	     -0.349
   8.600	     -2.652	   2358.026	    2358.026	    -50.348	      0.000	     -0.378
   8.800	     -2.873	   2357.832	    2357.832	    -52.054	      0.000	     -0.405
   9.000	     -3.101	   2357.631	    2357.631	    -53.771	      0.000	     -0.432
   9.200	     -3.334	   2357.424	    2357.424	    -55.436	      0.000	     -0.458
   9.400	     -3.580	   2357.211	    2357.211	    -57.434	      0.000	     -0.490
   9.600	     -3.837	   2356.990	    2356.990	    -59.478	      0.000	     -0.527
   9.800	     -4.097	   2356.761	    2356.761	    -61.255	      0.000	     -0.558
  10.000	     -4.359	   2356.526	    2356.526	    -62.583	      0.000	     -0.585
  10.200	     -4.633	   2356.285	    2356.285	    -64.298	      0.000	     -0.617
  10.400	     -4.892	   2356.039	    2356.039	    -64.981	      0.000	     -0.632
  10.600	     -5.159	   2355.791	    2355.791	    -65.991	      0.000	     -0.650
  10.800	     -5.430	   2355.539	    2355.539	    -67.044	      0.000	     -0.669
  11.000	     -5.705	   2355.283	    2355.283	    -67.889	      0.000	     -0.688
  11.200	     -5.984	   2355.024	    2355.024	    -68.841	      0.000	     -0.708
  11.400	     -6.256	   2354.762	    2354.762	    -69.396	      0.000	     -0.718
  11.600	     -6.545	   2354.497	    2354.497	    -70.540	      0.000	     -0.742
  11.800	     -6.834	   2354.228	    2354.228	    -71.574	      0.000	     -0.761
  12.000	     -7.125	   2353.955	    2353.955	    -72.252	      0.000	     -0.780
  12.200	     -7.429	   2353.679	    2353.679	    -73.633	      0.000	     -0.808
  12.400	     -7.723	   2353.398	    2353.398	    -74.219	      0.000	     -0.821
  12.600	     -8.011	   2353.116	    2353.116	    -74.407	      0.000	     -0.826
  12.800	     -8.282	   2352.835	    2352.835	    -73.989	      0.000	     -0.817
  13.000	     -8.546	   2352.556	    2352.556	    -73.359	      0.000	     -0.802
  13.200	     -8.805	   2352.280	    2352.280	    -72.572	      0.000	     -0.785
  13.400	     -9.052	   2352.008	    2352.008	    -71.250	      0.000	     -0.759
  13.600	     -9.294	   2351.740	    2351.740	    -70.008	      0.000	     -0.734
  13.800	     -9.536	   2351.476	    2351.476	    -69.073	      0.000	     -0.712
  14.000	     -9.767	   2351.217	    2351.217	    -67.676	      0.000	     -0.683
  14.200	     -9.996	   2350.962	    2350.962	    -66.319	      0.000	     -0.658
  14.400	    -10.222	   2350.713	    2350.713	    -65.249	      0.000	     -0.636
  14.600	    -10.458	   2350.466	    2350.466	    -64.592	      0.000	     -0.624
  14.800	    -10.675	   2350.224	    2350.224	    -63.309	      0.000	     -0.599
  15.000	    -10.883	   2349.987	    2349.987	    -61.784	      0.000	     -0.570
  15.200	    -11.087	   2349.755	    2349.755	    -60.339	      0.000	     -0.543
  15.400	    -11.273	   2349.531	    2349.531	    -58.116	      0.000	     -0.504
  15.600	    -11.451	   2349.315	    2349.315	    -55.833	      0.000	     -0.466
  15.800	    -11.617	   2349.108	    2349.108	    -53.260	      0.000	     -0.425
  16.000	    -11.780	   2348.910	    2348.910	    -51.056	      0.000	     -0.390
  16.200	    -11.928	   2348.722	    2348.722	    -48.345	      0.000	     -0.350
  16.400	    -12.059	   2348.546	    2348.546	    -45.116	      0.000	     -0.305
  16.600	    -12.185	   2348.381	    2348.381	    -42.206	      0.000	     -0.266
  16.800	    -12.304	   2348.226	    2348.226	    -39.117	      0.000	     -0.230
  17.000	    -12.412	   2348.083	    2348.083	    -36.189	      0.000	     -0.196
  17.200	    -12.520	   2347.951	    2347.951	    -33.748	      0.000	     -0.171
  17.400	    -12.619	   2347.828	    2347.828	    -31.238	      0.000	     -0.147
  17.600	    -12.709	   2347.714	    2347.714	    -28.657	      0.000	     -0.123
  17.800	    -12.791	   2347.611	    2347.611	    -26.060	      0.000	     -0.101
  18.000	    -12.863	   2347.517	    2347.517	    -23.145	      0.000	     -0.080
  18.200	    -12.933	   2347.433	    2347.433	    -21.034	      0.000	     -0.066
  18.400	    -12.991	   2347.359	    2347.359	    -18.048	      0.000	     -0.049
  18.600	    -13.037	   2347.296	    2347.296	    -14.991	      0.000	     -0.033
  18.800	    -13.075	   2347.246	    2347.246	    -11.742	      0.000	     -0.021
  19.000	    -13.100	   2347.209	    2347.209	     -7.761	      0.000	     -0.009
  19.200	    -13.114	   2347.188	    2347.188	     -3.657	      0.000	     -0.002
  19.400	    -13.120	   2347.180	    2347.180	     -0.361	      0.000	     -0.000
  19.600	    -13.114	   2347.185	    2347.185	      2.996	      0.000	      0.001
  19.800	    -13.094	   2347.201	    2347.201	      5.718	      0.000	      0.005
  20.000	    -13.059	   2347.230	    2347.230	      8.572	      0.000	      0.011
  20.200	    -13.013	   2347.268	    2347.268	     11.417	      0.000	      0.019
  20.400	    -12.958	   2347.315	    2347.315	     13.578	      0.000	      0.027
  20.600	    -12.890	   2347.371	    2347.371	     16.115	      0.000	      0.038
  20.800	    -12.817	   2347.435	    2347.435	     17.965	      0.000	      0.048
  21.000	    -12.738	   2347.506	    2347.506	     19.343	      0.000	      0.056
  21.200	    -12.645	   2347.584	    2347.584	     21.838	      0.000	      0.071
  21.400	    -12.542	   2347.672	    2347.672	     24.073	      0.000	      0.086
  21.600	    -12.430	   2347.767	    2347.767	     26.240	      0.000	      0.103
  21.800	    -12.308	   2347.871	    2347.871	     28.634	      0.000	      0.121
  22.000	    -12.180	   2347.982	    2347.982	     30.479	      0.000	      0.138
  22.200	    -12.046	   2348.101	    2348.101	     32.084	      0.000	      0.153
  22.400	    -11.907	   2348.225	    2348.225	     33.485	      0.000	      0.167
  22.600	    -11.764	   2348.355	    2348.355	     34.778	      0.000	      0.181
  22.800	    -11.615	   2348.490	    2348.490	     36.167	      0.000	      0.195
  23.000	    -11.471	   2348.628	    2348.628	     36.619	      0.000	      0.200
  23.200	    -11.331	   2348.768	    2348.768	     36.794	      0.000	      0.202
  23.400	    -11.190	   2348.907	    2348.907	     36.949	      0.000	      0.203
  23.600	    -11.048	   2349.048	    2349.048	     36.950	      0.000	      0.204
  23.800	    -10.911	   2349.187	    2349.187	     36.901	      0.000	      0.202
  24.000	    -10.768	   2349.327	    2349.327	     36.938	      0.000	      0.204
  24.200	    -10.625	   2349.468	    2349.468	     37.294	      0.000	      0.208
  24.400	    -10.484	   2349.609	    2349.609	     37.356	      0.000	      0.207
  24.600	    -10.342	   2349.750	    2349.750	     37.312	      0.000	      0.208
  24.800	    -10.203	   2349.891	    2349.891	     37.182	      0.000	      0.206
  25.000	    -10.057	   2350.033	    2350.033	     37.496	      0.000	      0.210
  25.200	     -9.913	   2350.175	    2350.175	     37.701	      0.000	      0.212
  25.400	     -9.776	   2350.317	    2350.317	     37.237	      0.000	      0.207
  25.600	     -9.636	   2350.458	    2350.458	     37.086	      0.000	      0.206
  25.800	     -9.501	   2350.598	    2350.598	     36.693	      0.000	      0.201
  26.000	     -9.373	   2350.735	    2350.735	     35.918	      0.000	      0.192
  26.200	     -9.242	   2350.871	    2350.871	     35.396	      0.000	      0.187
  26.400	     -9.114	   2351.004	    2351.004	     34.936	      0.000	      0.182
  26.600	     -8.987	   2351.136	    2351.136	     34.451	      0.000	      0.177
  26.800	     -8.862	   2351.265	    2351.265	     34.000	      0.000	      0.172
  27.000	     -8.741	   2351.393	    2351.393	     33.316	      0.000	      0.166
  27.200	     -8.616	   2351.519	    2351.519	     33.260	      0.000	      0.165
  27.400	     -8.499	   2351.644	    2351.644	     32.506	      0.000	      0.158
  27.600	     -8.381	   2351.766	    2351.766	     32.060	      0.000	      0.153
  27.800	     -8.260	   2351.887	    2351.887	     31.978	      0.000	      0.152
  28.000	     -8.144	   2352.008	    2352.008	     31.602	      0.000	      0.149
  28.200	     -8.031	   2352.126	    2352.126	     31.015	      0.000	      0.143
  28.400	     -7.916	   2352.243	    2352.243	     30.678	      0.000	      0.141
  28.600	     -7.804	   2352.359	    2352.359	     30.332	      0.000	      0.138
  28.800	     -7.695	   2352.472	    2352.472	     29.755	      0.000	      0.132
  29.000	     -7.592	   2352.583	    2352.583	     28.889	      0.000	      0.125
  29.200	     -7.490	   2352.691	    2352.691	     28.124	      0.000	      0.118
  29.400	     -7.391	   2352.797	    2352.797	     27.393	      0.000	      0.112
  29.600	     -7.298	   2352.899	    2352.899	     26.311	      0.000	      0.104
  29.800	     -7.209	   2352.996	    2352.996	     25.285	      0.000	      0.095
  30.000	     -7.119	   2353.091	    2353.091	     24.595	      0.000	      0.090
  30.200	     -7.035	   2353.182	    2353.182	     23.624	      0.000	      0.083
  30.400	     -6.953	   2353.269	    2353.269	     22.792	      0.000	      0.078
  30.600	     -6.869	   2353.356	    2353.356	     22.524	      0.000	      0.076
  30.800	     -6.787	   2353.441	    2353.441	     22.072	      0.000	      0.073
  31.000	     -6.706	   2353.524	    2353.524	     21.730	      0.000	      0.071
  31.200	     -6.626	   2353.606	    2353.606	     21.367	      0.000	      0.068
  31.400	     -6.550	   2353.685	    2353.685	     20.890	      0.000	      0.065
  31.600	     -6.476	   2353.763	    2353.763	     20.262	      0.000	      0.061
  31.800	     -6.407	   2353.838	    2353.838	     19.149	      0.000	      0.055
  32.000	     -6.337	   2353.910	    2353.910	     18.841	      0.000	      0.053
  32.200	     -6.268	   2353.981	    2353.981	     18.514	      0.000	      0.051
  32.400	     -6.200	   2354.050	    2354.050	     18.179	      0.000	      0.050
  32.600	     -6.134	   2354.118	    2354.118	     18.002	      0.000	      0.048
  32.800	     -6.063	   2354.187	    2354.187	     18.242	      0.000	      0.050
  33.000	     -5.990	   2354.257	    2354.257	     18.862	      0.000	      0.053
  33.200	     -5.915	   2354.329	    2354.329	     19.373	      0.000	      0.056
  33.400	     -5.834	   2354.405	    2354.405	     20.286	      0.000	      0.062
  33.600	     -5.748	   2354.484	    2354.484	     21.512	      0.000	      0.069
  33.800	     -5.659	   2354.567	    2354.567	     22.296	      0.000	      0.074
  34.000	     -5.568	   2354.653	    2354.653	     23.121	      0.000	      0.079
  34.200	     -5.472	   2354.742	    2354.742	     24.021	      0.000	      0.086
  34.400	     -5.370	   2354.836	    2354.836	     25.215	      0.000	      0.095
  34.600	     -5.264	   2354.933	    2354.933	     26.197	      0.000	      0.102
  34.800	     -5.155	   2355.034	    2355.034	     27.264	      0.000	      0.110
  35.000	     -5.036	   2355.140	    2355.140	     28.780	      0.000	      0.124
  35.200	     -4.916	   2355.251	    2355.251	     29.896	      0.000	      0.133
  35.400	     -4.789	   2355.367	    2355.367	     31.135	      0.000	      0.144
  35.600	     -4.652	   2355.488	    2355.488	     32.824	      0.000	      0.160
  35.800	     -4.506	   2355.616	    2355.616	     34.575	      0.000	      0.178
  36.000	     -4.350	   2355.751	    2355.751	     36.619	      0.000	      0.199
  36.200	     -4.193	   2355.892	    2355.892	     38.003	      0.000	      0.215
  36.400	     -4.022	   2356.040	    2356.040	     40.015	      0.000	      0.238
  36.600	     -3.847	   2356.194	    2356.194	     41.650	      0.000	      0.258
  36.800	     -3.672	   2356.355	    2356.355	     42.797	      0.000	      0.273
  37.000	     -3.487	   2356.520	    2356.520	     44.364	      0.000	      0.293
  37.200	     -3.299	   2356.691	    2356.691	     45.644	      0.000	      0.311
  37.400	     -3.108	   2356.866	    2356.866	     46.817	      0.000	      0.326
  37.600	     -2.909	   2357.045	    2357.045	     48.176	      0.000	      0.345
  37.800	     -2.707	   2357.230	    2357.230	     49.335	      0.000	      0.363
  38.000	     -2.493	   2357.420	    2357.420	     50.909	      0.000	      0.386
  38.200	     -2.280	   2357.616	    2357.616	     52.136	      0.000	      0.405
  38.400	     -2.062	   2357.815	    2357.815	     53.239	      0.000	      0.423
  38.600	     -1.833	   2358.020	    2358.020	     54.765	      0.000	      0.447
  38.800	     -1.610	   2358.229	    2358.229	     55.552	      0.000	      0.461
  39.000	     -1.386	   2358.441	    2358.441	     56.377	      0.000	      0.473
  39.200	     -1.153	   2358.657	    2358.657	     57.331	      0.000	      0.490
  39.400	     -0.922	   2358.875	    2358.875	     58.049	      0.000	      0.502
  39.600	     -0.692	   2359.096	    2359.096	     58.567	      0.000	      0.511
  39.800	     -0.467	   2359.318	    2359.318	     58.731	      0.000	      0.515
  40.000	     -0.241	   2359.541	    2359.541	     58.910	      0.000	      0.518
  40.200	     -0.015	   2359.765	    2359.765	     59.057	      0.000	      0.521
  40.400	      0.206	   2359.989	    2359.989	     58.926	      0.000	      0.518
  40.600	      0.424	   2360.212	    2360.212	     58.621	      0.000	      0.513
  40.800	      0.639	   2360.433	    2360.433	     58.221	      0.000	      0.506
  41.000	      0.841	   2360.652	    2360.652	     57.296	      0.000	      0.489
  41.200	      1.040	   2360.867	    2360.867	     56.257	      0.000	      0.473
  41.400	      1.237	   2361.078	    2361.078	     55.408	      0.000	      0.459
  41.600	      1.432	   2361.287	    2361.287	     54.601	      0.000	      0.445
  41.800	      1.623	   2361.492	    2361.492	     53.684	      0.000	      0.431
  42.000	      1.809	   2361.694	    2361.694	     52.725	      0.000	      0.415
  42.200	      1.989	   2361.892	    2361.892	     51.527	      0.000	      0.397
  42.400	      2.155	   2362.084	    2362.084	     49.849	      0.000	      0.371
  42.600	      2.306	   2362.268	    2362.268	     47.534	      0.000	      0.338
  42.800	      2.453	   2362.444	    2362.444	     45.362	      0.000	      0.308
  43.000	      2.593	   2362.612	    2362.612	     43.334	      0.000	      0.281
  43.200	      2.725	   2362.773	    2362.773	     41.095	      0.000	      0.253
  43.400	      2.846	   2362.923	    2362.923	     38.551	      0.000	      0.222
  43.600	      2.958	   2363.064	    2363.064	     36.010	      0.000	      0.194
  43.800	      3.067	   2363.196	    2363.196	     33.805	      0.000	      0.171
  44.000	      3.188	   2363.323	    2363.323	     33.364	      0.000	      0.165
  44.200	      3.327	   2363.451	    2363.451	     34.379	      0.000	      0.176
  44.400	      3.470	   2363.583	    2363.583	     35.357	      0.000	      0.186
  44.600	      3.612	   2363.719	    2363.719	     36.017	      0.000	      0.193
  44.800	      3.745	   2363.855	    2363.855	     35.696	      0.000	      0.190
  45.000	      3.863	   2363.987	    2363.987	     34.276	      0.000	      0.175
  45.200	      3.982	   2364.116	    2364.116	     33.363	      0.000	      0.167
  45.400	      4.097	   2364.240	    2364.240	     32.444	      0.000	      0.157
  45.600	      4.224	   2364.363	    2364.363	     32.850	      0.000	      0.161
  45.800	      4.347	   2364.488	    2364.488	     32.689	      0.000	      0.160
  46.000	      4.465	   2364.611	    2364.611	     32.191	      0.000	      0.155
  46.200	      4.578	   2364.731	    2364.731	     31.337	      0.000	      0.147
  46.400	      4.681	   2364.847	    2364.847	     29.927	      0.000	      0.134
  46.600	      4.783	   2364.959	    2364.959	     28.808	      0.000	      0.124
  46.800	      4.879	   2365.065	    2365.065	     27.605	      0.000	      0.114
  47.000	      4.972	   2365.167	    2365.167	     26.395	      0.000	      0.104
  47.200	      5.069	   2365.267	    2365.267	     26.158	      0.000	      0.102
  47.400	      5.165	   2365.365	    2365.365	     25.884	      0.000	      0.100
  47.600	      5.260	   2365.463	    2365.463	     25.499	      0.000	      0.097
  47.800	      5.354	   2365.559	    2365.559	     25.276	      0.000	      0.095
  48.000	      5.444	   2365.654	    2365.654	     24.616	      0.000	      0.091
  48.200	      5.527	   2365.745	    2365.745	     23.467	      0.000	      0.082
  48.400	      5.605	   2365.831	    2365.831	     22.252	      0.000	      0.074
  48.600	      5.681	   2365.914	    2365.914	     21.259	      0.000	      0.068
  48.800	      5.759	   2365.993	    2365.993	     20.890	      0.000	      0.065
  49.000	      5.836	   2366.072	    2366.072	     20.650	      0.000	      0.064
  49.200	      5.914	   2366.150	    2366.150	     20.596	      0.000	      0.063
  49.400	      5.992	   2366.229	    2366.229	     20.663	      0.000	      0.064
  49.600	      6.066	   2366.306	    2366.306	     20.086	      0.000	      0.060
  49.800	      6.134	   2366.380	    2366.380	     19.010	      0.000	      0.054
  50.000	      6.199	   2366.450	    2366.450	     18.118	      0.000	      0.049
  50.200	      6.263	   2366.518	    2366.518	     17.355	      0.000	      0.045
  50.400	      6.325	   2366.582	    2366.582	     16.944	      0.000	      0.043
  50.600	      6.389	   2366.646	    2366.646	     16.895	      0.000	      0.043
  50.800	      6.454	   2366.711	    2366.711	     17.122	      0.000	      0.044
  51.000	      6.519	   2366.776	    2366.776	     17.174	      0.000	      0.044
  51.200	      6.582	   2366.840	    2366.840	     16.661	      0.000	      0.041
  51.400	      6.639	   2366.902	    2366.902	     15.893	      0.000	      0.038
  51.600	      6.695	   2366.961	    2366.961	     15.240	      0.000	      0.035
  51.800	      6.748	   2367.017	    2367.017	     14.458	      0.000	      0.031
  52.000	      6.800	   2367.070	    2367.070	     14.053	      0.000	      0.029
  52.200	      6.854	   2367.124	    2367.124	     14.258	      0.000	      0.030
  52.400	      6.911	   2367.179	    2367.179	     14.555	      0.000	      0.032
  52.600	      6.966	   2367.234	    2367.234	     14.602	      0.000	      0.032
  52.800	      7.020	   2367.290	    2367.290	     14.373	      0.000	      0.031
  53.000	      7.071	   2367.343	    2367.343	     13.799	      0.000	      0.028
  53.200	      7.119	   2367.394	    2367.394	     13.067	      0.000	      0.026
  53.400	      7.164	   2367.442	    2367.442	     12.254	      0.000	      0.022
  53.600	      7.209	   2367.487	    2367.487	     12.036	      0.000	      0.022
  53.800	      7.257	   2367.534	    2367.534	     12.382	      0.000	      0.023
  54.000	      7.305	   2367.581	    2367.581	     12.589	      0.000	      0.024
  54.200	      7.353	   2367.629	    2367.629	     12.703	      0.000	      0.024
  54.400	      7.401	   2367.677	    2367.677	     12.636	      0.000	      0.024
  54.600	      7.445	   2367.723	    2367.723	     11.899	      0.000	      0.021
  54.800	      7.485	   2367.767	    2367.767	     11.062	      0.000	      0.018
  55.000	      7.524	   2367.808	    2367.808	     10.393	      0.000	      0.016
  55.200	      7.562	   2367.846	    2367.846	     10.230	      0.000	      0.016
  55.400	      7.602	   2367.886	    2367.886	     10.402	      0.000	      0.016
  55.600	      7.641	   2367.925	    2367.925	     10.471	      0.000	      0.016
  55.800	      7.682	   2367.965	    2367.965	     10.655	      0.000	      0.017
  56.000	      7.722	   2368.006	    2368.006	     10.493	      0.000	      0.016
  56.200	      7.757	   2368.044	    2368.044	      9.561	      0.000	      0.014
  56.400	      7.790	   2368.078	    2368.078	      8.791	      0.000	      0.012
  56.600	      7.820	   2368.110	    2368.110	      8.124	      0.000	      0.010
  56.800	      7.849	   2368.140	    2368.140	      7.671	      0.000	      0.009
  57.000	      7.878	   2368.169	    2368.169	      7.626	      0.000	      0.009
  57.200	      7.907	   2368.198	    2368.198	      7.706	      0.000	      0.009
  57.400	      7.937	   2368.228	    2368.228	      7.828	      0.000	      0.009
  57.600	      7.965	   2368.257	    2368.257	      7.401	      0.000	      0.008
  57.800	      7.989	   2368.283	    2368.283	      6.347	      0.000	      0.006
  58.000	      8.010	   2368.305	    2368.305	      5.522	      0.000	      0.005
  58.200	      8.027	   2368.324	    2368.324	      4.511	      0.000	      0.003
  58.400	      8.042	   2368.339	    2368.339	      3.757	      0.000	      0.002
  58.600	      8.056	   2368.354	    2368.354	      3.680	      0.000	      0.002
  58.800	      8.070	   2368.368	    2368.368	      3.662	      0.000	      0.002
  59.000	      8.083	   2368.381	    2368.381	      3.444	      0.000	      0.002
  59.200	      8.094	   2368.393	    2368.393	      2.748	      0.000	      0.001
  59.400	      8.102	   2368.401	    2368.401	      1.614	      0.000	      0.000
  59.600	      8.106	   2368.405	    2368.405	      0.531	      0.000	      0.000
  59.800	      8.105	   2368.405	    2368.405	     -0.791	      0.000	     -0.000
  60.000	      8.100	   2368.400	    2368.400	     -1.612	      0.000	     -0.000
  60.200	      8.093	   2368.394	    2368.394	     -1.791	      0.000	     -0.000
  60.400	      8.086	   2368.386	    2368.386	     -2.165	      0.000	     -0.001
  60.600	      8.076	   2368.377	    2368.377	     -2.677	      0.000	     -0.001
  60.800	      8.064	   2368.366	    2368.366	     -3.412	      0.000	     -0.002
  61.000	      8.048	   2368.351	    2368.351	     -4.661	      0.000	     -0.003
  61.200	      8.025	   2368.330	    2368.330	     -6.063	      0.000	     -0.005
  61.400	      7.996	   2368.304	    2368.304	     -7.528	      0.000	     -0.008
  61.600	      7.963	   2368.274	    2368.274	     -8.429	      0.000	     -0.011
  61.800	      7.929	   2368.241	    2368.241	     -8.945	      0.000	     -0.012
  62.000	      7.892	   2368.206	    2368.206	     -9.575	      0.000	     -0.014
  62.200	      7.853	   2368.169	    2368.169	    -10.085	      0.000	     -0.015
  62.400	      7.812	   2368.129	    2368.129	    -10.861	      0.000	     -0.017
  62.600	      7.763	   2368.085	    2368.085	    -12.375	      0.000	     -0.023
  62.800	      7.706	   2368.035	    2368.035	    -13.977	      0.000	     -0.029
  63.000	      7.644	   2367.979	    2367.979	    -15.440	      0.000	     -0.035
  63.200	      7.578	   2367.919	    2367.919	    -16.509	      0.000	     -0.041
  63.400	      7.511	   2367.855	    2367.855	    -17.223	      0.000	     -0.044
  63.600	      7.442	   2367.789	    2367.789	    -17.776	      0.000	     -0.047
  63.800	      7.371	   2367.720	    2367.720	    -18.246	      0.000	     -0.050
  64.000	      7.295	   2367.650	    2367.650	    -19.205	      0.000	     -0.055
  64.200	      7.209	   2367.574	    2367.574	    -20.830	      0.000	     -0.064
  64.400	      7.118	   2367.492	    2367.492	    -22.309	      0.000	     -0.074
  64.600	      7.022	   2367.405	    2367.405	    -23.704	      0.000	     -0.084
  64.800	      6.920	   2367.313	    2367.313	    -24.920	      0.000	     -0.092
  65.000	      6.819	   2367.217	    2367.217	    -25.580	      0.000	     -0.098
  65.200	      6.718	   2367.119	    2367.119	    -25.997	      0.000	     -0.101
  65.400	      6.614	   2367.019	    2367.019	    -26.585	      0.000	     -0.105
  65.600	      6.504	   2366.917	    2366.917	    -27.541	      0.000	     -0.113
  65.800	      6.386	   2366.810	    2366.810	    -28.928	      0.000	     -0.125
  66.000	      6.262	   2366.698	    2366.698	    -30.224	      0.000	     -0.136
  66.200	      6.132	   2366.581	    2366.581	    -31.640	      0.000	     -0.149
  66.400	      5.998	   2366.458	    2366.458	    -32.843	      0.000	     -0.161
  66.600	      5.868	   2366.333	    2366.333	    -33.257	      0.000	     -0.165
  66.800	      5.739	   2366.207	    2366.207	    -33.585	      0.000	     -0.168
  67.000	      5.605	   2366.079	    2366.079	    -34.115	      0.000	     -0.174
  67.200	      5.469	   2365.948	    2365.948	    -34.710	      0.000	     -0.179
  67.400	      5.324	   2365.815	    2365.815	    -35.805	      0.000	     -0.191
  67.600	      5.172	   2365.677	    2365.677	    -37.039	      0.000	     -0.204
  67.800	      5.015	   2365.534	    2365.534	    -38.313	      0.000	     -0.219
  68.000	      4.858	   2365.387	    2365.387	    -39.176	      0.000	     -0.229
  68.200	      4.708	   2365.238	    2365.238	    -39.304	      0.000	     -0.230
  68.400	      4.556	   2365.089	    2365.089	    -39.511	      0.000	     -0.233
  68.600	      4.403	   2364.939	    2364.939	    -39.744	      0.000	     -0.236
  68.800	      4.250	   2364.788	    2364.788	    -39.948	      0.000	     -0.238
  69.000	      4.085	   2364.635	    2364.635	    -40.912	      0.000	     -0.249
  69.200	      3.915	   2364.478	    2364.478	    -41.940	      0.000	     -0.262
  69.400	      3.744	   2364.317	    2364.317	    -42.775	      0.000	     -0.273
  69.600	      3.574	   2364.154	    2364.154	    -43.283	      0.000	     -0.279
  69.800	      3.411	   2363.990	    2363.990	    -43.255	      0.000	     -0.279
  70.000	      3.247	   2363.826	    2363.826	    -43.234	      0.000	     -0.279
  70.200	      3.086	   2363.662	    2363.662	    -43.050	      0.000	     -0.277
  70.400	      2.925	   2363.500	    2363.500	    -42.975	      0.000	     -0.275
  70.600	      2.751	   2363.336	    2363.336	    -43.714	      0.000	     -0.285
  70.800	      2.577	   2363.169	    2363.169	    -44.274	      0.000	     -0.292
  71.000	      2.402	   2363.000	    2363.000	    -44.707	      0.000	     -0.298
  71.200	      2.227	   2362.830	    2362.830	    -45.057	      0.000	     -0.303
  71.400	      2.060	   2362.660	    2362.660	    -44.796	      0.000	     -0.299
  71.600	      1.897	   2362.491	    2362.491	    -44.341	      0.000	     -0.293
  71.800	      1.738	   2362.324	    2362.324	    -43.791	      0.000	     -0.286
  72.000	      1.576	   2362.159	    2362.159	    -43.514	      0.000	     -0.282
  72.200	      1.406	   2361.993	    2361.993	    -43.903	      0.000	     -0.287
  72.400	      1.237	   2361.826	    2361.826	    -44.068	      0.000	     -0.290
  72.600	      1.065	   2361.659	    2361.659	    -44.363	      0.000	     -0.293
  72.800	      0.894	   2361.490	    2361.490	    -44.521	      0.000	     -0.296
  73.000	      0.736	   2361.323	    2361.323	    -43.847	      0.000	     -0.287
  73.200	      0.581	   2361.158	    2361.158	    -43.057	      0.000	     -0.277
  73.400	      0.428	   2360.996	    2360.996	    -42.377	      0.000	     -0.268
  73.600	      0.275	   2360.837	    2360.837	    -41.904	      0.000	     -0.262
  73.800	      0.115	   2360.678	    2360.678	    -41.939	      0.000	     -0.262
  74.000	     -0.043	   2360.519	    2360.519	    -41.920	      0.000	     -0.262
  74.200	     -0.204	   2360.360	    2360.360	    -42.072	      0.000	     -0.264
  74.400	     -0.361	   2360.201	    2360.201	    -41.882	      0.000	     -0.262
  74.600	     -0.506	   2360.044	    2360.044	    -40.932	      0.000	     -0.250
  74.800	     -0.650	   2359.890	    2359.890	    -40.091	      0.000	     -0.240
  75.000	     -0.791	   2359.740	    2359.740	    -39.306	      0.000	     -0.231
  75.200	     -0.929	   2359.593	    2359.593	    -38.534	      0.000	     -0.222
  75.400	     -1.072	   2359.447	    2359.447	    -38.352	      0.000	     -0.219
  75.600	     -1.217	   2359.302	    2359.302	    -38.292	      0.000	     -0.219
  75.800	     -1.362	   2359.157	    2359.157	    -38.260	      0.000	     -0.218
  76.000	     -1.502	   2359.012	    2359.012	    -37.868	      0.000	     -0.214
  76.200	     -1.634	   2358.870	    2358.870	    -36.968	      0.000	     -0.204
  76.400	     -1.763	   2358.732	    2358.732	    -36.112	      0.000	     -0.195
  76.600	     -1.887	   2358.597	    2358.597	    -35.118	      0.000	     -0.184
  76.800	     -2.009	   2358.466	    2358.466	    -34.208	      0.000	     -0.175
  77.000	     -2.137	   2358.336	    2358.336	    -34.081	      0.000	     -0.173
  77.200	     -2.266	   2358.207	    2358.207	    -34.037	      0.000	     -0.173
  77.400	     -2.393	   2358.079	    2358.079	    -33.868	      0.000	     -0.171
  77.600	     -2.517	   2357.951	    2357.951	    -33.518	      0.000	     -0.168
  77.800	     -2.634	   2357.826	    2357.826	    -32.700	      0.000	     -0.160
  78.000	     -2.747	   2357.704	    2357.704	    -31.710	      0.000	     -0.150
  78.200	     -2.855	   2357.585	    2357.585	    -30.663	      0.000	     -0.140
  78.400	     -2.963	   2357.471	    2357.471	    -29.904	      0.000	     -0.133
  78.600	     -3.076	   2357.358	    2357.358	    -29.868	      0.000	     -0.133
  78.800	     -3.187	   2357.245	    2357.245	    -29.749	      0.000	     -0.132
  79.000	     -3.298	   2357.132	    2357.132	    -29.577	      0.000	     -0.130
  79.200	     -3.409	   2357.020	    2357.020	    -29.395	      0.000	     -0.129
  79.400	     -3.512	   2356.910	    2356.910	    -28.607	      0.000	     -0.122
  79.600	     -3.610	   2356.804	    2356.804	    -27.607	      0.000	     -0.114
  79.800	     -3.707	   2356.701	    2356.701	    -26.791	      0.000	     -0.107
  80.000	     -3.802	   2356.601	    2356.601	    -26.182	      0.000	     -0.102
  80.200	     -3.900	   2356.502	    2356.502	    -26.102	      0.000	     -0.102
  80.400	     -3.998	   2356.403	    2356.403	    -26.019	      0.000	     -0.101
  80.600	     -4.097	   2356.304	    2356.304	    -26.055	      0.000	     -0.101
  80.800	     -4.196	   2356.205	    2356.205	    -26.033	      0.000	     -0.101
  81.000	     -4.287	   2356.108	    2356.108	    -25.261	      0.000	     -0.095
  81.200	     -4.375	   2356.014	    2356.014	    -24.424	      0.000	     -0.089
  81.400	     -4.462	   2355.923	    2355.923	    -23.797	      0.000	     -0.085
  81.600	     -4.546	   2355.834	    2355.834	    -23.157	      0.000	     -0.080
  81.800	     -4.633	   2355.746	    2355.746	    -23.111	      0.000	     -0.080
  82.000	     -4.722	   2355.659	    2355.659	    -23.257	      0.000	     -0.081
  82.200	     -4.812	   2355.570	    2355.570	    -23.454	      0.000	     -0.082
  82.400	     -4.901	   2355.481	    2355.481	    -23.429	      0.000	     -0.082
  82.600	     -4.983	   2355.394	    2355.394	    -22.717	      0.000	     -0.077
  82.800	     -5.064	   2355.309	    2355.309	    -22.076	      0.000	     -0.073
  83.000	     -5.143	   2355.226	    2355.226	    -21.498	      0.000	     -0.069
  83.200	     -5.219	   2355.146	    2355.146	    -20.862	      0.000	     -0.065
  83.400	     -5.299	   2355.067	    2355.067	    -21.034	      0.000	     -0.066
  83.600	     -5.381	   2354.986	    2354.986	    -21.319	      0.000	     -0.068
  83.800	     -5.463	   2354.905	    2354.905	    -21.462	      0.000	     -0.069
  84.000	     -5.545	   2354.824	    2354.824	    -21.453	      0.000	     -0.069
  84.200	     -5.622	   2354.744	    2354.744	    -20.916	      0.000	     -0.065
  84.400	     -5.697	   2354.665	    2354.665	    -20.384	      0.000	     -0.062
  84.600	     -5.769	   2354.589	    2354.589	    -19.763	      0.000	     -0.058
  84.800	     -5.839	   2354.516	    2354.516	    -19.215	      0.000	     -0.055
  85.000	     -5.914	   2354.443	    2354.443	    -19.485	      0.000	     -0.057
  85.200	     -5.989	   2354.368	    2354.368	    -19.656	      0.000	     -0.058
  85.400	     -6.064	   2354.294	    2354.294	    -19.749	      0.000	     -0.058
  85.600	     -6.140	   2354.219	    2354.219	    -19.870	      0.000	     -0.059
  85.800	     -6.212	   2354.144	    2354.144	    -19.393	      0.000	     -0.056
  86.000	     -6.281	   2354.072	    2354.072	    -18.746	      0.000	     -0.053
  86.200	     -6.347	   2354.002	    2354.002	    -18.064	      0.000	     -0.049
  86.400	     -6.411	   2353.935	    2353.935	    -17.577	      0.000	     -0.046
  86.600	     -6.479	   2353.868	    2353.868	    -17.753	      0.000	     -0.047
  86.800	     -6.547	   2353.800	    2353.800	    -17.797	      0.000	     -0.047
  87.000	     -6.616	   2353.732	    2353.732	    -17.969	      0.000	     -0.048
  87.200	     -6.685	   2353.664	    2353.664	    -18.087	      0.000	     -0.049
  87.400	     -6.749	   2353.597	    2353.597	    -17.423	      0.000	     -0.045
  87.600	     -6.809	   2353.532	    2353.532	    -16.643	      0.000	     -0.041
  87.800	     -6.868	   2353.470	    2353.470	    -15.974	      0.000	     -0.038
  88.000	     -6.925	   2353.411	    2353.411	    -15.431	      0.000	     -0.036
  88.200	     -6.983	   2353.353	    2353.353	    -15.399	      0.000	     -0.035
  88.400	     -7.041	   2353.294	    2353.294	    -15.377	      0.000	     -0.035
  88.600	     -7.100	   2353.236	    2353.236	    -15.490	      0.000	     -0.036
  88.800	     -7.158	   2353.178	    2353.178	    -15.344	      0.000	     -0.035
  89.000	     -7.211	   2353.121	    2353.121	    -14.487	      0.000	     -0.031
  89.200	     -7.261	   2353.067	    2353.067	    -13.676	      0.000	     -0.028
  89.400	     -7.308	   2353.017	    2353.017	    -12.906	      0.000	     -0.025
  89.600	     -7.352	   2352.970	    2352.970	    -12.094	      0.000	     -0.022
  89.800	     -7.396	   2352.925	    2352.925	    -11.845	      0.000	     -0.021
  90.000	     -7.441	   2352.880	    2352.880	    -11.740	      0.000	     -0.021
  90.200	     -7.485	   2352.836	    2352.836	    -11.623	      0.000	     -0.020
  90.400	     -7.527	   2352.792	    2352.792	    -11.223	      0.000	     -0.019
  90.600	     -7.565	   2352.751	    2352.751	    -10.327	      0.000	     -0.016
  90.800	     -7.599	   2352.714	    2352.714	     -9.385	      0.000	     -0.013
  91.000	     -7.630	   2352.680	    2352.680	     -8.312	      0.000	     -0.010
  91.200	     -7.657	   2352.651	    2352.651	     -7.260	      0.000	     -0.008
  91.400	     -7.683	   2352.624	    2352.624	     -6.912	      0.000	     -0.007
  91.600	     -7.708	   2352.598	    2352.598	     -6.663	      0.000	     -0.007
  91.800	     -7.732	   2352.574	    2352.574	     -6.266	      0.000	     -0.006
  92.000	     -7.754	   2352.551	    2352.551	     -5.735	      0.000	     -0.005
  92.200	     -7.772	   2352.531	    2352.531	     -4.731	      0.000	     -0.003
  92.400	     -7.786	   2352.516	    2352.516	     -3.475	      0.000	     -0.002
  92.600	     -7.796	   2352.505	    2352.505	     -2.168	      0.000	     -0.001
  92.800	     -7.801	   2352.499	    2352.499	     -1.053	      0.000	     -0.000
  93.000	     -7.804	   2352.496	    2352.496	     -0.573	      0.000	     -0.000
  93.200	     -7.805	   2352.495	    2352.495	     -0.059	      0.000	     -0.000
  93.400	     -7.804	   2352.496	    2352.496	      0.538	      0.000	      0.000
  93.600	     -7.801	   2352.499	    2352.499	      1.134	      0.000	      0.000
  93.800	     -7.794	   2352.505	    2352.505	      2.327	      0.000	      0.001
  94.000	     -7.781	   2352.517	    2352.517	      3.797	      0.000	      0.002
  94.200	     -7.763	   2352.533	    2352.533	      5.101	      0.000	      0.004
  94.400	     -7.739	   2352.555	    2352.555	      6.285	      0.000	      0.006
  94.600	     -7.712	   2352.581	    2352.581	      7.005	      0.000	      0.007
  94.800	     -7.683	   2352.608	    2352.608	      7.668	      0.000	      0.009
  95.000	     -7.651	   2352.639	    2352.639	      8.259	      0.000	      0.010
  95.200	     -7.617	   2352.671	    2352.671	      8.895	      0.000	      0.012
  95.400	     -7.578	   2352.707	    2352.707	     10.229	      0.000	      0.015
  95.600	     -7.531	   2352.749	    2352.749	     11.710	      0.000	      0.020
  95.800	     -7.479	   2352.795	    2352.795	     12.996	      0.000	      0.025
  96.000	     -7.422	   2352.847	    2352.847	     14.345	      0.000	      0.031
  96.200	     -7.362	   2352.903	    2352.903	     15.159	      0.000	      0.034
  96.400	     -7.301	   2352.962	    2352.962	     15.714	      0.000	      0.037
  96.600	     -7.238	   2353.022	    2353.022	     16.259	      0.000	      0.039
  96.800	     -7.172	   2353.085	    2353.085	     16.982	      0.000	      0.043
  97.000	     -7.098	   2353.152	    2353.152	     18.310	      0.000	      0.050
  97.200	     -7.018	   2353.224	    2353.224	     19.673	      0.000	      0.058
  97.400	     -6.934	   2353.301	    2353.301	     20.960	      0.000	      0.065
  97.600	     -6.843	   2353.383	    2353.383	     22.315	      0.000	      0.074
  97.800	     -6.753	   2353.469	    2353.469	     22.936	      0.000	      0.078
  98.000	     -6.662	   2353.557	    2353.557	     23.345	      0.000	      0.081
  98.200	     -6.569	   2353.646	    2353.646	     23.906	      0.000	      0.085
  98.400	     -6.472	   2353.738	    2353.738	     24.562	      0.000	      0.090
  98.600	     -6.369	   2353.833	    2353.833	     25.650	      0.000	      0.098
  98.800	     -6.261	   2353.932	    2353.932	     26.842	      0.000	      0.107
  99.000	     -6.147	   2354.036	    2354.036	     28.061	      0.000	      0.117
  99.200	     -6.028	   2354.145	    2354.145	     29.197	      0.000	      0.127
  99.400	     -5.913	   2354.257	    2354.257	     29.602	      0.000	      0.131
  99.600	     -5.797	   2354.369	    2354.369	     29.956	      0.000	      0.134
  99.800	     -5.679	   2354.484	    2354.484	     30.375	      0.000	      0.138
 100.000	     -5.560	   2354.599	    2354.599	     30.722	      0.000	      0.141
