    时间	    汇点水头	    大井水位	    升管水位	    大井流量	    升管流量	    底板压差
   0.000	    431.157	   2791.457	    2791.457	      0.000	      0.000	      0.000
   0.200	    431.156	   2791.456	    2791.456	     -0.639	      0.000	     -0.000
   0.400	    431.155	   2791.455	    2791.455	     -0.965	      0.000	     -0.000
   0.600	    431.153	   2791.453	    2791.453	     -0.937	      0.000	     -0.000
   0.800	    431.151	   2791.451	    2791.451	     -0.794	      0.000	     -0.000
   1.000	    431.150	   2791.450	    2791.450	     -0.810	      0.000	     -0.000
   1.200	    431.148	   2791.448	    2791.448	     -1.030	      0.000	     -0.000
   1.400	    431.147	   2791.447	    2791.447	      0.289	      0.000	      0.000
   1.600	    431.149	   2791.449	    2791.449	      1.727	      0.000	      0.000
   1.800	    431.155	   2791.454	    2791.454	      3.378	      0.000	      0.001
   2.000	    431.163	   2791.462	    2791.462	      4.965	      0.000	      0.001
   2.200	    431.175	   2791.473	    2791.473	      6.011	      0.000	      0.002
   2.400	    431.190	   2791.486	    2791.486	      7.982	      0.000	      0.003
   2.600	    431.206	   2791.502	    2791.502	      8.934	      0.000	      0.004
   2.800	    431.227	   2791.521	    2791.521	     10.731	      0.000	      0.006
   3.000	    431.251	   2791.542	    2791.542	     12.765	      0.000	      0.009
   3.200	    431.278	   2791.567	    2791.567	     13.909	      0.000	      0.010
   3.400	    431.308	   2791.596	    2791.596	     15.616	      0.000	      0.013
   3.600	    431.343	   2791.627	    2791.627	     17.568	      0.000	      0.016
   3.800	    431.383	   2791.663	    2791.663	     19.407	      0.000	      0.020
   4.000	    431.429	   2791.702	    2791.702	     22.355	      0.000	      0.027
   4.200	    431.481	   2791.747	    2791.747	     25.184	      0.000	      0.034
   4.400	    431.541	   2791.798	    2791.798	     28.326	      0.000	      0.043
   4.600	    431.607	   2791.855	    2791.855	     31.326	      0.000	      0.052
   4.800	    431.682	   2791.918	    2791.918	     34.691	      0.000	      0.064
   5.000	    431.767	   2791.988	    2791.988	     38.535	      0.000	      0.079
   5.200	    431.860	   2792.064	    2792.064	     42.509	      0.000	      0.096
   5.400	    431.968	   2792.149	    2792.149	     47.241	      0.000	      0.119
   5.600	    432.078	   2792.242	    2792.242	     50.658	      0.000	      0.136
   5.800	    432.199	   2792.341	    2792.341	     54.415	      0.000	      0.157
   6.000	    432.326	   2792.448	    2792.448	     57.935	      0.000	      0.179
   6.200	    432.466	   2792.561	    2792.561	     62.030	      0.000	      0.205
   6.400	    432.609	   2792.682	    2792.682	     65.256	      0.000	      0.227
   6.600	    432.760	   2792.809	    2792.809	     68.718	      0.000	      0.252
   6.800	    432.922	   2792.943	    2792.943	     72.465	      0.000	      0.280
   7.000	    433.095	   2793.084	    2793.084	     76.479	      0.000	      0.311
   7.200	    433.267	   2793.231	    2793.231	     79.452	      0.000	      0.336
   7.400	    433.454	   2793.386	    2793.386	     83.182	      0.000	      0.368
   7.600	    433.657	   2793.548	    2793.548	     87.642	      0.000	      0.409
   7.800	    433.866	   2793.718	    2793.718	     91.751	      0.000	      0.448
   8.000	    434.095	   2793.896	    2793.896	     96.725	      0.000	      0.498
   8.200	    434.323	   2794.084	    2794.084	    100.682	      0.000	      0.539
   8.400	    434.567	   2794.279	    2794.279	    105.072	      0.000	      0.588
   8.600	    434.823	   2794.482	    2794.482	    109.759	      0.000	      0.641
   8.800	    435.085	   2794.693	    2794.693	    113.899	      0.000	      0.691
   9.000	    435.349	   2794.912	    2794.912	    117.636	      0.000	      0.737
   9.200	    435.623	   2795.139	    2795.139	    121.347	      0.000	      0.784
   9.400	    435.906	   2795.372	    2795.372	    125.106	      0.000	      0.834
   9.600	    436.198	   2795.612	    2795.612	    128.972	      0.000	      0.886
   9.800	    436.482	   2795.859	    2795.859	    131.635	      0.000	      0.922
  10.000	    436.793	   2796.113	    2796.113	    135.640	      0.000	      0.980
  10.200	    437.125	   2796.374	    2796.374	    140.456	      0.000	      1.051
  10.400	    437.457	   2796.644	    2796.644	    144.492	      0.000	      1.113
  10.600	    437.815	   2796.923	    2796.923	    149.641	      0.000	      1.192
  10.800	    438.173	   2797.210	    2797.210	    154.046	      0.000	      1.263
  11.000	    438.541	   2797.505	    2797.505	    158.132	      0.000	      1.336
  11.200	    438.907	   2797.808	    2797.808	    161.985	      0.000	      1.398
  11.400	    439.283	   2798.119	    2798.119	    165.753	      0.000	      1.464
  11.600	    439.655	   2798.436	    2798.436	    168.831	      0.000	      1.519
  11.800	    440.027	   2798.758	    2798.758	    171.551	      0.000	      1.569
  12.000	    440.392	   2799.085	    2799.085	    173.553	      0.000	      1.607
  12.200	    440.757	   2799.415	    2799.415	    175.391	      0.000	      1.641
  12.400	    441.108	   2799.747	    2799.747	    176.502	      0.000	      1.661
  12.600	    441.468	   2800.083	    2800.083	    177.829	      0.000	      1.685
  12.800	    441.857	   2800.422	    2800.422	    180.446	      0.000	      1.736
  13.000	    442.227	   2800.764	    2800.764	    181.899	      0.000	      1.763
  13.200	    442.607	   2801.110	    2801.110	    183.647	      0.000	      1.797
  13.400	    442.976	   2801.458	    2801.458	    184.614	      0.000	      1.818
  13.600	    443.337	   2801.808	    2801.808	    185.164	      0.000	      1.829
  13.800	    443.672	   2802.158	    2802.158	    184.367	      0.000	      1.814
  14.000	    444.021	   2802.508	    2802.508	    184.375	      0.000	      1.813
  14.200	    444.335	   2802.855	    2802.855	    182.601	      0.000	      1.780
  14.400	    444.625	   2803.198	    2803.198	    179.856	      0.000	      1.727
  14.600	    444.912	   2803.537	    2803.537	    177.142	      0.000	      1.676
  14.800	    445.167	   2803.868	    2803.868	    173.103	      0.000	      1.599
  15.000	    445.438	   2804.193	    2804.193	    170.124	      0.000	      1.545
  15.200	    445.704	   2804.512	    2804.512	    167.109	      0.000	      1.492
  15.400	    445.970	   2804.826	    2804.826	    164.419	      0.000	      1.444
  15.600	    446.224	   2805.134	    2805.134	    161.313	      0.000	      1.390
  15.800	    446.483	   2805.437	    2805.437	    158.818	      0.000	      1.346
  16.000	    446.742	   2805.735	    2805.735	    156.451	      0.000	      1.307
  16.200	    447.000	   2806.029	    2806.029	    154.300	      0.000	      1.271
  16.400	    447.242	   2806.318	    2806.318	    151.411	      0.000	      1.223
  16.600	    447.486	   2806.603	    2806.603	    148.886	      0.000	      1.184
  16.800	    447.720	   2806.882	    2806.882	    145.969	      0.000	      1.138
  17.000	    447.928	   2807.154	    2807.154	    141.766	      0.000	      1.074
  17.200	    448.120	   2807.418	    2807.418	    136.950	      0.000	      1.002
  17.400	    448.308	   2807.673	    2807.673	    132.329	      0.000	      0.935
  17.600	    448.479	   2807.918	    2807.918	    126.896	      0.000	      0.861
  17.800	    448.643	   2808.153	    2808.153	    121.529	      0.000	      0.789
  18.000	    448.798	   2808.379	    2808.379	    115.929	      0.000	      0.719
  18.200	    448.940	   2808.593	    2808.593	    110.046	      0.000	      0.648
  18.400	    449.095	   2808.797	    2808.797	    105.720	      0.000	      0.598
  18.600	    449.227	   2808.992	    2808.992	    100.010	      0.000	      0.535
  18.800	    449.366	   2809.177	    2809.177	     95.684	      0.000	      0.490
  19.000	    449.492	   2809.352	    2809.352	     90.667	      0.000	      0.440
  19.200	    449.615	   2809.520	    2809.520	     85.945	      0.000	      0.395
  19.400	    449.734	   2809.678	    2809.678	     81.462	      0.000	      0.355
  19.600	    449.834	   2809.828	    2809.828	     75.598	      0.000	      0.306
  19.800	    449.932	   2809.966	    2809.966	     70.592	      0.000	      0.267
  20.000	    450.019	   2810.094	    2810.094	     64.840	      0.000	      0.225
  20.200	    450.098	   2810.211	    2810.211	     58.999	      0.000	      0.187
  20.400	    450.169	   2810.317	    2810.317	     53.203	      0.000	      0.152
  20.600	    450.233	   2810.413	    2810.413	     47.388	      0.000	      0.121
  20.800	    450.292	   2810.497	    2810.497	     41.968	      0.000	      0.094
  21.000	    450.346	   2810.572	    2810.572	     37.013	      0.000	      0.074
  21.200	    450.395	   2810.638	    2810.638	     32.575	      0.000	      0.057
  21.400	    450.442	   2810.696	    2810.696	     29.103	      0.000	      0.045
  21.600	    450.486	   2810.749	    2810.749	     26.481	      0.000	      0.037
  21.800	    450.528	   2810.797	    2810.797	     24.068	      0.000	      0.031
  22.000	    450.566	   2810.841	    2810.841	     21.783	      0.000	      0.025
  22.200	    450.603	   2810.881	    2810.881	     20.429	      0.000	      0.022
  22.400	    450.639	   2810.918	    2810.918	     19.488	      0.000	      0.020
  22.600	    450.671	   2810.954	    2810.954	     18.190	      0.000	      0.018
  22.800	    450.704	   2810.988	    2810.988	     17.404	      0.000	      0.016
  23.000	    450.734	   2811.020	    2811.020	     16.437	      0.000	      0.014
  23.200	    450.764	   2811.050	    2811.050	     15.812	      0.000	      0.014
  23.400	    450.790	   2811.079	    2811.079	     14.435	      0.000	      0.011
  23.600	    450.815	   2811.105	    2811.105	     13.601	      0.000	      0.010
  23.800	    450.839	   2811.130	    2811.130	     12.766	      0.000	      0.009
  24.000	    450.863	   2811.154	    2811.154	     12.826	      0.000	      0.009
  24.200	    450.888	   2811.179	    2811.179	     13.061	      0.000	      0.009
  24.400	    450.914	   2811.204	    2811.204	     13.343	      0.000	      0.010
  24.600	    450.940	   2811.230	    2811.230	     14.007	      0.000	      0.010
  24.800	    450.969	   2811.257	    2811.257	     14.989	      0.000	      0.012
  25.000	    451.003	   2811.288	    2811.288	     16.850	      0.000	      0.015
  25.200	    451.038	   2811.321	    2811.321	     18.123	      0.000	      0.017
  25.400	    451.077	   2811.357	    2811.357	     19.434	      0.000	      0.020
  25.600	    451.117	   2811.395	    2811.395	     20.625	      0.000	      0.023
  25.800	    451.162	   2811.435	    2811.435	     22.172	      0.000	      0.026
  26.000	    451.206	   2811.478	    2811.478	     22.847	      0.000	      0.028
  26.200	    451.252	   2811.522	    2811.522	     23.655	      0.000	      0.030
  26.400	    451.300	   2811.568	    2811.568	     24.510	      0.000	      0.032
  26.600	    451.349	   2811.615	    2811.615	     25.411	      0.000	      0.034
  26.800	    451.399	   2811.663	    2811.663	     25.999	      0.000	      0.036
  27.000	    451.449	   2811.713	    2811.713	     26.347	      0.000	      0.037
  27.200	    451.502	   2811.763	    2811.763	     27.053	      0.000	      0.039
  27.400	    451.557	   2811.816	    2811.816	     27.992	      0.000	      0.042
  27.600	    451.617	   2811.870	    2811.870	     29.583	      0.000	      0.047
  27.800	    451.676	   2811.927	    2811.927	     30.389	      0.000	      0.049
  28.000	    451.741	   2811.986	    2811.986	     32.138	      0.000	      0.055
  28.200	    451.811	   2812.049	    2812.049	     33.995	      0.000	      0.062
  28.400	    451.882	   2812.115	    2812.115	     35.542	      0.000	      0.067
  28.600	    451.957	   2812.184	    2812.184	     37.164	      0.000	      0.074
  28.800	    452.033	   2812.255	    2812.255	     38.180	      0.000	      0.078
  29.000	    452.114	   2812.329	    2812.329	     39.884	      0.000	      0.085
  29.200	    452.197	   2812.406	    2812.406	     41.441	      0.000	      0.091
  29.400	    452.280	   2812.485	    2812.485	     42.196	      0.000	      0.095
  29.600	    452.371	   2812.567	    2812.567	     44.209	      0.000	      0.104
  29.800	    452.467	   2812.653	    2812.653	     46.320	      0.000	      0.114
  30.000	    452.567	   2812.742	    2812.742	     48.394	      0.000	      0.125
  30.200	    452.675	   2812.836	    2812.836	     50.980	      0.000	      0.138
  30.400	    452.786	   2812.935	    2812.935	     53.390	      0.000	      0.151
  30.600	    452.913	   2813.039	    2813.039	     57.105	      0.000	      0.174
  30.800	    453.043	   2813.150	    2813.150	     60.195	      0.000	      0.193
  31.000	    453.181	   2813.267	    2813.267	     63.369	      0.000	      0.214
  31.200	    453.326	   2813.390	    2813.390	     66.444	      0.000	      0.235
  31.400	    453.471	   2813.519	    2813.519	     68.846	      0.000	      0.252
  31.600	    453.621	   2813.651	    2813.651	     71.103	      0.000	      0.269
  31.800	    453.767	   2813.787	    2813.787	     72.528	      0.000	      0.280
  32.000	    453.921	   2813.926	    2813.926	     74.312	      0.000	      0.294
  32.200	    454.070	   2814.068	    2814.068	     75.296	      0.000	      0.302
  32.400	    454.225	   2814.212	    2814.212	     76.643	      0.000	      0.313
  32.600	    454.379	   2814.358	    2814.358	     77.568	      0.000	      0.321
  32.800	    454.532	   2814.505	    2814.505	     78.263	      0.000	      0.327
  33.000	    454.691	   2814.654	    2814.654	     79.405	      0.000	      0.336
  33.200	    454.845	   2814.805	    2814.805	     79.816	      0.000	      0.340
  33.400	    454.993	   2814.956	    2814.956	     79.534	      0.000	      0.337
  33.600	    455.137	   2815.106	    2815.106	     78.829	      0.000	      0.332
  33.800	    455.275	   2815.254	    2815.254	     77.583	      0.000	      0.321
  34.000	    455.408	   2815.399	    2815.399	     75.964	      0.000	      0.308
  34.200	    455.529	   2815.541	    2815.541	     73.402	      0.000	      0.288
  34.400	    455.647	   2815.678	    2815.678	     70.976	      0.000	      0.269
  34.600	    455.762	   2815.810	    2815.810	     68.610	      0.000	      0.252
  34.800	    455.864	   2815.937	    2815.937	     65.197	      0.000	      0.227
  35.000	    455.963	   2816.057	    2816.057	     62.048	      0.000	      0.206
  35.200	    456.058	   2816.172	    2816.172	     58.974	      0.000	      0.186
  35.400	    456.150	   2816.281	    2816.281	     56.144	      0.000	      0.169
  35.600	    456.237	   2816.384	    2816.384	     53.369	      0.000	      0.152
  35.800	    456.320	   2816.483	    2816.483	     50.576	      0.000	      0.137
  36.000	    456.398	   2816.576	    2816.576	     47.812	      0.000	      0.122
  36.200	    456.473	   2816.664	    2816.664	     45.277	      0.000	      0.110
  36.400	    456.544	   2816.747	    2816.747	     42.635	      0.000	      0.097
  36.600	    456.609	   2816.825	    2816.825	     39.641	      0.000	      0.084
  36.800	    456.667	   2816.896	    2816.896	     36.420	      0.000	      0.071
  37.000	    456.721	   2816.962	    2816.962	     33.114	      0.000	      0.059
  37.200	    456.770	   2817.022	    2817.022	     29.957	      0.000	      0.048
  37.400	    456.814	   2817.075	    2817.075	     26.726	      0.000	      0.038
  37.600	    456.852	   2817.123	    2817.123	     23.237	      0.000	      0.029
  37.800	    456.886	   2817.164	    2817.164	     20.228	      0.000	      0.022
  38.000	    456.918	   2817.201	    2817.201	     17.854	      0.000	      0.017
  38.200	    456.943	   2817.231	    2817.231	     14.557	      0.000	      0.011
  38.400	    456.963	   2817.256	    2817.256	     11.366	      0.000	      0.007
  38.600	    456.977	   2817.274	    2817.274	      7.712	      0.000	      0.003
  38.800	    456.986	   2817.285	    2817.285	      4.290	      0.000	      0.001
  39.000	    456.991	   2817.291	    2817.291	      1.415	      0.000	      0.000
  39.200	    456.989	   2817.289	    2817.289	     -2.700	      0.000	     -0.000
  39.400	    456.979	   2817.281	    2817.281	     -5.681	      0.000	     -0.002
  39.600	    456.963	   2817.267	    2817.267	     -8.818	      0.000	     -0.004
  39.800	    456.940	   2817.248	    2817.248	    -11.856	      0.000	     -0.007
  40.000	    456.911	   2817.222	    2817.222	    -14.638	      0.000	     -0.011
  40.200	    456.876	   2817.192	    2817.192	    -17.452	      0.000	     -0.016
  40.400	    456.838	   2817.157	    2817.157	    -19.207	      0.000	     -0.020
  40.600	    456.796	   2817.120	    2817.120	    -20.871	      0.000	     -0.023
  40.800	    456.752	   2817.079	    2817.079	    -22.288	      0.000	     -0.026
  41.000	    456.706	   2817.035	    2817.035	    -23.350	      0.000	     -0.029
  41.200	    456.660	   2816.990	    2816.990	    -24.080	      0.000	     -0.031
  41.400	    456.613	   2816.945	    2816.945	    -24.349	      0.000	     -0.032
  41.600	    456.569	   2816.899	    2816.899	    -23.719	      0.000	     -0.030
  41.800	    456.528	   2816.855	    2816.855	    -22.574	      0.000	     -0.027
  42.000	    456.489	   2816.814	    2816.814	    -21.211	      0.000	     -0.024
  42.200	    456.453	   2816.775	    2816.775	    -20.018	      0.000	     -0.021
  42.400	    456.420	   2816.738	    2816.738	    -18.520	      0.000	     -0.018
  42.600	    456.389	   2816.704	    2816.704	    -17.056	      0.000	     -0.016
  42.800	    456.362	   2816.674	    2816.674	    -15.129	      0.000	     -0.012
  43.000	    456.336	   2816.646	    2816.646	    -14.038	      0.000	     -0.011
  43.200	    456.312	   2816.621	    2816.621	    -12.634	      0.000	     -0.009
  43.400	    456.292	   2816.598	    2816.598	    -11.080	      0.000	     -0.007
  43.600	    456.275	   2816.579	    2816.579	     -9.213	      0.000	     -0.005
  43.800	    456.261	   2816.564	    2816.564	     -7.346	      0.000	     -0.003
  44.000	    456.249	   2816.551	    2816.551	     -5.963	      0.000	     -0.002
  44.200	    456.241	   2816.542	    2816.542	     -3.452	      0.000	     -0.001
  44.400	    456.238	   2816.538	    2816.538	     -0.101	      0.000	     -0.000
  44.600	    456.241	   2816.541	    2816.541	      2.737	      0.000	      0.000
  44.800	    456.246	   2816.546	    2816.546	      1.186	      0.000	      0.000
  45.000	    456.241	   2816.542	    2816.542	     -4.929	      0.000	     -0.001
  45.200	    456.225	   2816.529	    2816.529	     -8.845	      0.000	     -0.004
  45.400	    456.198	   2816.508	    2816.508	    -13.481	      0.000	     -0.009
  45.600	    456.157	   2816.477	    2816.477	    -19.574	      0.000	     -0.020
  45.800	    456.096	   2816.433	    2816.433	    -26.668	      0.000	     -0.037
  46.000	    456.015	   2816.376	    2816.376	    -33.964	      0.000	     -0.061
  46.200	    455.909	   2816.303	    2816.303	    -42.244	      0.000	     -0.094
  46.400	    455.779	   2816.216	    2816.216	    -50.813	      0.000	     -0.136
  46.600	    455.655	   2816.114	    2816.114	    -54.748	      0.000	     -0.160
  46.800	    455.527	   2816.008	    2816.008	    -58.339	      0.000	     -0.181
  47.000	    455.386	   2815.893	    2815.893	    -62.463	      0.000	     -0.208
  47.200	    455.255	   2815.773	    2815.773	    -63.918	      0.000	     -0.218
  47.400	    455.157	   2815.654	    2815.654	    -60.717	      0.000	     -0.198
  47.600	    455.080	   2815.544	    2815.544	    -55.540	      0.000	     -0.164
  47.800	    454.995	   2815.442	    2815.442	    -52.415	      0.000	     -0.147
  48.000	    454.920	   2815.346	    2815.346	    -48.588	      0.000	     -0.126
  48.200	    454.853	   2815.258	    2815.258	    -44.316	      0.000	     -0.105
  48.400	    454.792	   2815.179	    2815.179	    -40.108	      0.000	     -0.086
  48.600	    454.741	   2815.107	    2815.107	    -35.019	      0.000	     -0.066
  48.800	    454.698	   2815.046	    2815.046	    -29.842	      0.000	     -0.048
  49.000	    454.652	   2814.992	    2814.992	    -27.270	      0.000	     -0.040
  49.200	    454.592	   2814.939	    2814.939	    -29.495	      0.000	     -0.046
  49.400	    454.537	   2814.883	    2814.883	    -29.410	      0.000	     -0.046
  49.600	    454.476	   2814.826	    2814.826	    -30.718	      0.000	     -0.050
  49.800	    454.395	   2814.764	    2814.764	    -36.027	      0.000	     -0.068
  50.000	    454.287	   2814.689	    2814.689	    -43.873	      0.000	     -0.102
  50.200	    454.163	   2814.599	    2814.599	    -50.551	      0.000	     -0.136
  50.400	    454.022	   2814.497	    2814.497	    -57.488	      0.000	     -0.175
  50.600	    453.863	   2814.381	    2814.381	    -64.173	      0.000	     -0.219
  50.800	    453.693	   2814.254	    2814.254	    -70.056	      0.000	     -0.261
  51.000	    453.511	   2814.116	    2814.116	    -75.727	      0.000	     -0.305
  51.200	    453.302	   2813.966	    2813.966	    -82.718	      0.000	     -0.364
  51.400	    453.089	   2813.804	    2813.804	    -88.212	      0.000	     -0.414
  51.600	    452.911	   2813.635	    2813.635	    -89.068	      0.000	     -0.424
  51.800	    452.764	   2813.469	    2813.469	    -87.092	      0.000	     -0.405
  52.000	    452.596	   2813.303	    2813.303	    -87.301	      0.000	     -0.407
  52.200	    452.456	   2813.140	    2813.140	    -84.610	      0.000	     -0.383
  52.400	    452.351	   2812.984	    2812.984	    -78.846	      0.000	     -0.333
  52.600	    452.262	   2812.841	    2812.841	    -72.225	      0.000	     -0.279
  52.800	    452.163	   2812.709	    2812.709	    -67.813	      0.000	     -0.246
  53.000	    452.078	   2812.586	    2812.586	    -62.324	      0.000	     -0.208
  53.200	    451.982	   2812.471	    2812.471	    -59.330	      0.000	     -0.188
  53.400	    451.884	   2812.361	    2812.361	    -57.417	      0.000	     -0.176
  53.600	    451.794	   2812.254	    2812.254	    -54.671	      0.000	     -0.160
  53.800	    451.709	   2812.154	    2812.154	    -51.949	      0.000	     -0.144
  54.000	    451.608	   2812.055	    2812.055	    -52.568	      0.000	     -0.147
  54.200	    451.474	   2811.951	    2811.951	    -57.877	      0.000	     -0.178
  54.400	    451.330	   2811.837	    2811.837	    -62.267	      0.000	     -0.206
  54.600	    451.176	   2811.715	    2811.715	    -67.100	      0.000	     -0.239
  54.800	    450.989	   2811.582	    2811.582	    -74.291	      0.000	     -0.293
  55.000	    450.776	   2811.434	    2811.434	    -82.028	      0.000	     -0.357
  55.200	    450.544	   2811.271	    2811.271	    -89.653	      0.000	     -0.427
  55.400	    450.308	   2811.095	    2811.095	    -95.772	      0.000	     -0.487
  55.600	    450.056	   2810.908	    2810.908	   -101.803	      0.000	     -0.552
  55.800	    449.830	   2810.712	    2810.712	   -104.604	      0.000	     -0.583
  56.000	    449.613	   2810.513	    2810.513	   -106.133	      0.000	     -0.600
  56.200	    449.360	   2810.308	    2810.308	   -110.325	      0.000	     -0.648
  56.400	    449.132	   2810.097	    2810.097	   -111.619	      0.000	     -0.665
  56.600	    448.957	   2809.888	    2809.888	   -108.612	      0.000	     -0.631
  56.800	    448.820	   2809.687	    2809.687	   -103.044	      0.000	     -0.568
  57.000	    448.663	   2809.496	    2809.496	    -99.816	      0.000	     -0.532
  57.200	    448.538	   2809.312	    2809.312	    -94.084	      0.000	     -0.474
  57.400	    448.429	   2809.140	    2809.140	    -87.636	      0.000	     -0.411
  57.600	    448.314	   2808.979	    2808.979	    -82.610	      0.000	     -0.365
  57.800	    448.205	   2808.827	    2808.827	    -77.593	      0.000	     -0.322
  58.000	    448.089	   2808.683	    2808.683	    -74.170	      0.000	     -0.294
  58.200	    447.959	   2808.545	    2808.545	    -73.234	      0.000	     -0.286
  58.400	    447.808	   2808.405	    2808.405	    -74.564	      0.000	     -0.296
  58.600	    447.653	   2808.262	    2808.262	    -76.069	      0.000	     -0.309
  58.800	    447.511	   2808.118	    2808.118	    -75.903	      0.000	     -0.307
  59.000	    447.329	   2807.971	    2807.971	    -80.234	      0.000	     -0.342
  59.200	    447.106	   2807.813	    2807.813	    -87.576	      0.000	     -0.407
  59.400	    446.861	   2807.640	    2807.640	    -94.843	      0.000	     -0.478
  59.600	    446.614	   2807.455	    2807.455	   -100.885	      0.000	     -0.541
  59.800	    446.331	   2807.256	    2807.256	   -108.414	      0.000	     -0.625
  60.000	    446.048	   2807.044	    2807.044	   -114.367	      0.000	     -0.696
  60.200	    445.764	   2806.823	    2806.823	   -119.427	      0.000	     -0.760
  60.400	    445.472	   2806.592	    2806.592	   -124.066	      0.000	     -0.820
  60.600	    445.195	   2806.355	    2806.355	   -126.934	      0.000	     -0.859
  60.800	    444.979	   2806.115	    2806.115	   -125.134	      0.000	     -0.836
  61.000	    444.767	   2805.880	    2805.880	   -123.444	      0.000	     -0.813
  61.200	    444.536	   2805.647	    2805.647	   -123.353	      0.000	     -0.811
  61.400	    444.328	   2805.414	    2805.414	   -121.345	      0.000	     -0.787
  61.600	    444.177	   2805.190	    2805.190	   -115.470	      0.000	     -0.713
  61.800	    444.048	   2804.978	    2804.978	   -108.511	      0.000	     -0.630
  62.000	    443.912	   2804.778	    2804.778	   -102.851	      0.000	     -0.566
  62.200	    443.785	   2804.588	    2804.588	    -97.003	      0.000	     -0.504
  62.400	    443.658	   2804.411	    2804.411	    -92.024	      0.000	     -0.453
  62.600	    443.507	   2804.238	    2804.238	    -89.878	      0.000	     -0.431
  62.800	    443.360	   2804.070	    2804.070	    -87.590	      0.000	     -0.410
  63.000	    443.205	   2803.906	    2803.906	    -86.645	      0.000	     -0.400
  63.200	    443.025	   2803.740	    2803.740	    -88.308	      0.000	     -0.415
  63.400	    442.795	   2803.568	    2803.568	    -94.209	      0.000	     -0.472
  63.600	    442.571	   2803.385	    2803.385	    -98.274	      0.000	     -0.514
  63.800	    442.357	   2803.197	    2803.197	   -100.586	      0.000	     -0.539
  64.000	    442.090	   2803.000	    2803.000	   -107.180	      0.000	     -0.611
  64.200	    441.791	   2802.790	    2802.790	   -114.653	      0.000	     -0.699
  64.400	    441.473	   2802.566	    2802.566	   -122.098	      0.000	     -0.793
  64.600	    441.152	   2802.329	    2802.329	   -128.369	      0.000	     -0.877
  64.800	    440.831	   2802.081	    2802.081	   -133.568	      0.000	     -0.950
  65.000	    440.546	   2801.826	    2801.826	   -135.542	      0.000	     -0.980
  65.200	    440.276	   2801.568	    2801.568	   -136.427	      0.000	     -0.992
  65.400	    439.996	   2801.309	    2801.309	   -137.774	      0.000	     -1.012
  65.600	    439.751	   2801.048	    2801.048	   -136.670	      0.000	     -0.997
  65.800	    439.562	   2800.793	    2800.793	   -131.972	      0.000	     -0.931
  66.000	    439.394	   2800.549	    2800.549	   -126.544	      0.000	     -0.855
  66.200	    439.203	   2800.313	    2800.313	   -123.038	      0.000	     -0.809
  66.400	    439.016	   2800.082	    2800.082	   -119.688	      0.000	     -0.766
  66.600	    438.886	   2799.863	    2799.863	   -112.474	      0.000	     -0.677
  66.800	    438.746	   2799.655	    2799.655	   -106.747	      0.000	     -0.610
  67.000	    438.612	   2799.459	    2799.459	   -101.152	      0.000	     -0.547
  67.200	    438.478	   2799.273	    2799.273	    -96.221	      0.000	     -0.495
  67.400	    438.317	   2799.092	    2799.092	    -94.397	      0.000	     -0.475
  67.600	    438.112	   2798.911	    2798.911	    -96.849	      0.000	     -0.500
  67.800	    437.915	   2798.727	    2798.727	    -97.990	      0.000	     -0.512
  68.000	    437.712	   2798.540	    2798.540	    -99.564	      0.000	     -0.528
  68.200	    437.470	   2798.348	    2798.348	   -104.227	      0.000	     -0.578
  68.400	    437.177	   2798.144	    2798.144	   -111.998	      0.000	     -0.667
  68.600	    436.893	   2797.926	    2797.926	   -117.306	      0.000	     -0.733
  68.800	    436.611	   2797.700	    2797.700	   -121.757	      0.000	     -0.789
  69.000	    436.306	   2797.465	    2797.465	   -127.071	      0.000	     -0.859
  69.200	    435.977	   2797.218	    2797.218	   -132.888	      0.000	     -0.941
  69.400	    435.652	   2796.962	    2796.962	   -137.701	      0.000	     -1.009
  69.600	    435.331	   2796.697	    2796.697	   -141.471	      0.000	     -1.066
  69.800	    435.031	   2796.427	    2796.427	   -143.293	      0.000	     -1.096
  70.000	    434.789	   2796.157	    2796.157	   -141.355	      0.000	     -1.068
  70.200	    434.590	   2795.893	    2795.893	   -137.062	      0.000	     -1.003
  70.400	    434.363	   2795.636	    2795.636	   -135.010	      0.000	     -0.973
  70.600	    434.166	   2795.383	    2795.383	   -130.969	      0.000	     -0.917
  70.800	    434.008	   2795.141	    2795.141	   -124.786	      0.000	     -0.834
  71.000	    433.875	   2794.912	    2794.912	   -117.425	      0.000	     -0.738
  71.200	    433.709	   2794.694	    2794.694	   -113.206	      0.000	     -0.685
  71.400	    433.558	   2794.485	    2794.485	   -108.236	      0.000	     -0.626
  71.600	    433.415	   2794.284	    2794.284	   -103.149	      0.000	     -0.569
  71.800	    433.255	   2794.092	    2794.092	   -100.307	      0.000	     -0.538
  72.000	    433.112	   2793.906	    2793.906	    -96.194	      0.000	     -0.494
  72.200	    432.948	   2793.726	    2793.726	    -94.607	      0.000	     -0.478
  72.400	    432.744	   2793.545	    2793.545	    -97.075	      0.000	     -0.501
  72.600	    432.501	   2793.357	    2793.357	   -102.227	      0.000	     -0.556
  72.800	    432.251	   2793.158	    2793.158	   -106.762	      0.000	     -0.607
  73.000	    432.006	   2792.953	    2792.953	   -110.277	      0.000	     -0.647
  73.200	    431.724	   2792.740	    2792.740	   -115.980	      0.000	     -0.715
  73.400	    431.407	   2792.513	    2792.513	   -123.105	      0.000	     -0.806
  73.600	    431.098	   2792.274	    2792.274	   -128.234	      0.000	     -0.876
  73.800	    430.801	   2792.028	    2792.028	   -131.911	      0.000	     -0.927
  74.000	    430.495	   2791.774	    2791.774	   -135.514	      0.000	     -0.979
  74.200	    430.199	   2791.515	    2791.515	   -138.030	      0.000	     -1.016
  74.400	    429.937	   2791.254	    2791.254	   -138.091	      0.000	     -1.017
  74.600	    429.657	   2790.992	    2790.992	   -139.232	      0.000	     -1.034
  74.800	    429.428	   2790.730	    2790.730	   -136.966	      0.000	     -1.002
  75.000	    429.264	   2790.476	    2790.476	   -130.593	      0.000	     -0.912
  75.200	    429.120	   2790.235	    2790.235	   -123.385	      0.000	     -0.815
  75.400	    428.949	   2790.006	    2790.006	   -119.073	      0.000	     -0.757
  75.600	    428.797	   2789.786	    2789.786	   -113.507	      0.000	     -0.689
  75.800	    428.661	   2789.577	    2789.577	   -107.258	      0.000	     -0.616
  76.000	    428.530	   2789.379	    2789.379	   -101.318	      0.000	     -0.549
  76.200	    428.383	   2789.191	    2789.191	    -97.529	      0.000	     -0.508
  76.400	    428.238	   2789.010	    2789.010	    -94.038	      0.000	     -0.472
  76.600	    428.079	   2788.834	    2788.834	    -92.356	      0.000	     -0.455
  76.800	    427.903	   2788.659	    2788.659	    -92.563	      0.000	     -0.457
  77.000	    427.727	   2788.484	    2788.484	    -92.492	      0.000	     -0.457
  77.200	    427.545	   2788.308	    2788.308	    -93.305	      0.000	     -0.464
  77.400	    427.311	   2788.127	    2788.127	    -98.566	      0.000	     -0.516
  77.600	    427.034	   2787.933	    2787.933	   -106.151	      0.000	     -0.599
  77.800	    426.750	   2787.726	    2787.726	   -112.699	      0.000	     -0.676
  78.000	    426.497	   2787.510	    2787.510	   -115.736	      0.000	     -0.713
  78.200	    426.201	   2787.285	    2787.285	   -121.367	      0.000	     -0.784
  78.400	    425.910	   2787.052	    2787.052	   -125.663	      0.000	     -0.841
  78.600	    425.633	   2786.811	    2786.811	   -128.336	      0.000	     -0.878
  78.800	    425.366	   2786.566	    2786.566	   -130.033	      0.000	     -0.901
  79.000	    425.109	   2786.320	    2786.320	   -130.621	      0.000	     -0.911
  79.200	    424.900	   2786.074	    2786.074	   -127.964	      0.000	     -0.875
  79.400	    424.713	   2785.836	    2785.836	   -124.107	      0.000	     -0.823
  79.600	    424.506	   2785.603	    2785.603	   -122.142	      0.000	     -0.796
  79.800	    424.341	   2785.375	    2785.375	   -117.159	      0.000	     -0.734
  80.000	    424.227	   2785.161	    2785.161	   -108.803	      0.000	     -0.634
  80.200	    424.121	   2784.963	    2784.963	   -100.685	      0.000	     -0.543
  80.400	    423.999	   2784.779	    2784.779	    -94.735	      0.000	     -0.480
  80.600	    423.857	   2784.602	    2784.602	    -91.228	      0.000	     -0.445
  80.800	    423.737	   2784.435	    2784.435	    -86.280	      0.000	     -0.398
  81.000	    423.602	   2784.274	    2784.274	    -83.484	      0.000	     -0.372
  81.200	    423.459	   2784.117	    2784.117	    -81.889	      0.000	     -0.358
  81.400	    423.317	   2783.964	    2783.964	    -80.550	      0.000	     -0.346
  81.600	    423.150	   2783.810	    2783.810	    -82.255	      0.000	     -0.360
  81.800	    422.956	   2783.651	    2783.651	    -86.010	      0.000	     -0.394
  82.000	    422.759	   2783.485	    2783.485	    -89.376	      0.000	     -0.425
  82.200	    422.565	   2783.314	    2783.314	    -91.875	      0.000	     -0.449
  82.400	    422.321	   2783.134	    2783.134	    -98.248	      0.000	     -0.513
  82.600	    422.050	   2782.941	    2782.941	   -105.400	      0.000	     -0.591
  82.800	    421.783	   2782.736	    2782.736	   -110.764	      0.000	     -0.653
  83.000	    421.532	   2782.523	    2782.523	   -113.889	      0.000	     -0.691
  83.200	    421.290	   2782.306	    2782.306	   -115.963	      0.000	     -0.716
  83.400	    421.067	   2782.086	    2782.086	   -116.015	      0.000	     -0.719
  83.600	    420.859	   2781.867	    2781.867	   -115.180	      0.000	     -0.708
  83.800	    420.656	   2781.650	    2781.650	   -114.001	      0.000	     -0.694
  84.000	    420.472	   2781.436	    2781.436	   -111.440	      0.000	     -0.664
  84.200	    420.342	   2781.231	    2781.231	   -104.899	      0.000	     -0.589
  84.400	    420.221	   2781.039	    2781.039	    -98.401	      0.000	     -0.518
  84.600	    420.089	   2780.857	    2780.857	    -93.541	      0.000	     -0.468
  84.800	    419.969	   2780.684	    2780.684	    -88.045	      0.000	     -0.416
  85.000	    419.884	   2780.525	    2780.525	    -79.725	      0.000	     -0.341
  85.200	    419.795	   2780.381	    2780.381	    -73.051	      0.000	     -0.286
  85.400	    419.697	   2780.248	    2780.248	    -68.487	      0.000	     -0.251
  85.600	    419.582	   2780.120	    2780.120	    -66.715	      0.000	     -0.238
  85.800	    419.471	   2779.995	    2779.995	    -64.916	      0.000	     -0.225
  86.000	    419.333	   2779.871	    2779.871	    -66.864	      0.000	     -0.238
  86.200	    419.201	   2779.744	    2779.744	    -67.508	      0.000	     -0.243
  86.400	    419.067	   2779.615	    2779.615	    -68.235	      0.000	     -0.248
  86.600	    418.902	   2779.483	    2779.483	    -72.710	      0.000	     -0.281
  86.800	    418.715	   2779.340	    2779.340	    -78.162	      0.000	     -0.325
  87.000	    418.524	   2779.187	    2779.187	    -82.651	      0.000	     -0.363
  87.200	    418.333	   2779.027	    2779.027	    -86.092	      0.000	     -0.395
  87.400	    418.119	   2778.860	    2778.860	    -91.066	      0.000	     -0.441
  87.600	    417.891	   2778.683	    2778.683	    -96.127	      0.000	     -0.492
  87.800	    417.683	   2778.498	    2778.498	    -98.294	      0.000	     -0.515
  88.000	    417.487	   2778.311	    2778.311	    -99.058	      0.000	     -0.524
  88.200	    417.321	   2778.125	    2778.125	    -97.086	      0.000	     -0.504
  88.400	    417.174	   2777.944	    2777.944	    -93.694	      0.000	     -0.470
  88.600	    417.057	   2777.772	    2777.772	    -88.105	      0.000	     -0.415
  88.800	    416.923	   2777.608	    2777.608	    -84.845	      0.000	     -0.385
  89.000	    416.804	   2777.451	    2777.451	    -80.484	      0.000	     -0.347
  89.200	    416.731	   2777.307	    2777.307	    -71.632	      0.000	     -0.275
  89.400	    416.655	   2777.178	    2777.178	    -64.453	      0.000	     -0.223
  89.600	    416.572	   2777.061	    2777.061	    -59.449	      0.000	     -0.189
  89.800	    416.496	   2776.954	    2776.954	    -54.373	      0.000	     -0.158
  90.000	    416.431	   2776.857	    2776.857	    -48.388	      0.000	     -0.126
  90.200	    416.362	   2776.769	    2776.769	    -44.749	      0.000	     -0.107
  90.400	    416.284	   2776.685	    2776.685	    -43.564	      0.000	     -0.101
  90.600	    416.202	   2776.603	    2776.603	    -43.579	      0.000	     -0.101
  90.800	    416.106	   2776.519	    2776.519	    -46.099	      0.000	     -0.113
  91.000	    415.990	   2776.427	    2776.427	    -50.940	      0.000	     -0.138
  91.200	    415.871	   2776.327	    2776.327	    -54.017	      0.000	     -0.156
  91.400	    415.755	   2776.223	    2776.223	    -56.251	      0.000	     -0.168
  91.600	    415.620	   2776.113	    2776.113	    -60.452	      0.000	     -0.194
  91.800	    415.455	   2775.993	    2775.993	    -66.797	      0.000	     -0.237
  92.000	    415.297	   2775.862	    2775.862	    -70.668	      0.000	     -0.266
  92.200	    415.146	   2775.727	    2775.727	    -72.631	      0.000	     -0.281
  92.400	    414.989	   2775.587	    2775.587	    -74.665	      0.000	     -0.297
  92.600	    414.835	   2775.444	    2775.444	    -76.023	      0.000	     -0.308
  92.800	    414.705	   2775.301	    2775.301	    -74.437	      0.000	     -0.296
  93.000	    414.583	   2775.162	    2775.162	    -72.191	      0.000	     -0.279
  93.200	    414.489	   2775.030	    2775.030	    -67.093	      0.000	     -0.241
  93.400	    414.416	   2774.909	    2774.909	    -60.015	      0.000	     -0.193
  93.600	    414.358	   2774.803	    2774.803	    -52.002	      0.000	     -0.145
  93.800	    414.285	   2774.709	    2774.709	    -48.121	      0.000	     -0.124
  94.000	    414.226	   2774.623	    2774.623	    -42.378	      0.000	     -0.097
  94.200	    414.183	   2774.549	    2774.549	    -34.953	      0.000	     -0.066
  94.400	    414.144	   2774.489	    2774.489	    -28.924	      0.000	     -0.045
  94.600	    414.106	   2774.438	    2774.438	    -24.669	      0.000	     -0.033
  94.800	    414.068	   2774.394	    2774.394	    -22.034	      0.000	     -0.026
  95.000	    414.032	   2774.354	    2774.354	    -20.507	      0.000	     -0.022
  95.200	    413.993	   2774.316	    2774.316	    -20.782	      0.000	     -0.023
  95.400	    413.947	   2774.275	    2774.275	    -22.821	      0.000	     -0.028
  95.600	    413.898	   2774.230	    2774.230	    -24.589	      0.000	     -0.032
  95.800	    413.831	   2774.179	    2774.179	    -30.123	      0.000	     -0.048
  96.000	    413.746	   2774.116	    2774.116	    -36.390	      0.000	     -0.070
  96.200	    413.654	   2774.042	    2774.042	    -40.629	      0.000	     -0.088
  96.400	    413.573	   2773.965	    2773.965	    -41.577	      0.000	     -0.092
  96.600	    413.474	   2773.882	    2773.882	    -45.252	      0.000	     -0.109
  96.800	    413.363	   2773.793	    2773.793	    -49.455	      0.000	     -0.130
  97.000	    413.261	   2773.697	    2773.697	    -50.639	      0.000	     -0.137
  97.200	    413.161	   2773.601	    2773.601	    -51.138	      0.000	     -0.140
  97.400	    413.075	   2773.506	    2773.506	    -49.472	      0.000	     -0.131
  97.600	    413.003	   2773.415	    2773.415	    -45.733	      0.000	     -0.112
  97.800	    412.943	   2773.332	    2773.332	    -40.891	      0.000	     -0.090
  98.000	    412.891	   2773.260	    2773.260	    -35.829	      0.000	     -0.069
  98.200	    412.849	   2773.197	    2773.197	    -29.648	      0.000	     -0.048
  98.400	    412.826	   2773.149	    2773.149	    -20.686	      0.000	     -0.023
  98.600	    412.809	   2773.118	    2773.118	    -12.928	      0.000	     -0.009
  98.800	    412.794	   2773.098	    2773.098	     -8.898	      0.000	     -0.004
  99.000	    412.783	   2773.084	    2773.084	     -4.922	      0.000	     -0.001
  99.200	    412.780	   2773.080	    2773.080	     -0.210	      0.000	     -0.000
  99.400	    412.784	   2773.083	    2773.083	      3.190	      0.000	      0.001
  99.600	    412.792	   2773.091	    2773.091	      4.524	      0.000	      0.001
  99.800	    412.801	   2773.100	    2773.100	      4.898	      0.000	      0.001
 100.000	    412.808	   2773.107	    2773.107	      2.836	      0.000	      0.000
