    时间	    汇点水头	    大井水位	    升管水位	    大井流量	    升管流量	    底板压差
   0.000	      0.643	   2345.643	    2345.643	      0.000	      0.000	      0.000
   0.200	      0.642	   2345.642	    2345.642	     -0.201	      0.000	     -0.000
   0.400	      0.642	   2345.642	    2345.642	     -0.099	      0.000	     -0.000
   0.600	      0.640	   2345.640	    2345.640	     -0.343	      0.000	     -0.000
   0.800	      0.637	   2345.637	    2345.637	     -1.226	      0.000	     -0.000
   1.000	      0.631	   2345.632	    2345.632	     -1.941	      0.000	     -0.001
   1.200	      0.622	   2345.623	    2345.623	     -2.302	      0.000	     -0.001
   1.400	      0.612	   2345.613	    2345.613	     -2.845	      0.000	     -0.001
   1.600	      0.600	   2345.601	    2345.601	     -3.294	      0.000	     -0.002
   1.800	      0.587	   2345.589	    2345.589	     -3.423	      0.000	     -0.002
   2.000	      0.574	   2345.576	    2345.576	     -3.541	      0.000	     -0.002
   2.200	      0.560	   2345.562	    2345.562	     -4.132	      0.000	     -0.002
   2.400	      0.542	   2345.545	    2345.545	     -4.893	      0.000	     -0.004
   2.600	      0.520	   2345.525	    2345.525	     -5.785	      0.000	     -0.005
   2.800	      0.494	   2345.501	    2345.501	     -6.771	      0.000	     -0.007
   3.000	      0.463	   2345.473	    2345.473	     -8.617	      0.000	     -0.011
   3.200	      0.425	   2345.439	    2345.439	     -9.809	      0.000	     -0.014
   3.400	      0.380	   2345.399	    2345.399	    -11.463	      0.000	     -0.019
   3.600	      0.325	   2345.352	    2345.352	    -13.534	      0.000	     -0.027
   3.800	      0.259	   2345.296	    2345.296	    -15.773	      0.000	     -0.037
   4.000	      0.193	   2345.234	    2345.234	    -16.572	      0.000	     -0.041
   4.200	      0.121	   2345.169	    2345.169	    -17.741	      0.000	     -0.047
   4.400	      0.047	   2345.099	    2345.099	    -18.809	      0.000	     -0.053
   4.600	     -0.031	   2345.027	    2345.027	    -19.584	      0.000	     -0.057
   4.800	     -0.113	   2344.950	    2344.950	    -20.652	      0.000	     -0.063
   5.000	     -0.202	   2344.870	    2344.870	    -21.867	      0.000	     -0.071
   5.200	     -0.299	   2344.783	    2344.783	    -23.537	      0.000	     -0.082
   5.400	     -0.402	   2344.691	    2344.691	    -25.099	      0.000	     -0.093
   5.600	     -0.508	   2344.595	    2344.595	    -26.354	      0.000	     -0.103
   5.800	     -0.626	   2344.492	    2344.492	    -28.229	      0.000	     -0.118
   6.000	     -0.756	   2344.381	    2344.381	    -30.400	      0.000	     -0.137
   6.200	     -0.891	   2344.262	    2344.262	    -32.160	      0.000	     -0.154
   6.400	     -1.043	   2344.135	    2344.135	    -34.712	      0.000	     -0.179
   6.600	     -1.198	   2344.001	    2344.001	    -36.450	      0.000	     -0.199
   6.800	     -1.356	   2343.860	    2343.860	    -38.093	      0.000	     -0.216
   7.000	     -1.519	   2343.713	    2343.713	    -39.483	      0.000	     -0.232
   7.200	     -1.689	   2343.561	    2343.561	    -40.919	      0.000	     -0.250
   7.400	     -1.865	   2343.402	    2343.402	    -42.323	      0.000	     -0.267
   7.600	     -2.046	   2343.238	    2343.238	    -43.596	      0.000	     -0.284
   7.800	     -2.227	   2343.071	    2343.071	    -44.719	      0.000	     -0.298
   8.000	     -2.422	   2342.898	    2342.898	    -46.353	      0.000	     -0.320
   8.200	     -2.622	   2342.720	    2342.720	    -47.992	      0.000	     -0.342
   8.400	     -2.826	   2342.536	    2342.536	    -49.410	      0.000	     -0.363
   8.600	     -3.055	   2342.345	    2342.345	    -51.798	      0.000	     -0.400
   8.800	     -3.292	   2342.144	    2342.144	    -54.067	      0.000	     -0.436
   9.000	     -3.541	   2341.934	    2341.934	    -56.449	      0.000	     -0.475
   9.200	     -3.795	   2341.716	    2341.716	    -58.599	      0.000	     -0.512
   9.400	     -4.062	   2341.490	    2341.490	    -60.918	      0.000	     -0.552
   9.600	     -4.341	   2341.255	    2341.255	    -63.292	      0.000	     -0.597
   9.800	     -4.624	   2341.011	    2341.011	    -65.348	      0.000	     -0.635
  10.000	     -4.912	   2340.760	    2340.760	    -67.057	      0.000	     -0.672
  10.200	     -5.206	   2340.502	    2340.502	    -68.871	      0.000	     -0.708
  10.400	     -5.485	   2340.239	    2340.239	    -69.613	      0.000	     -0.724
  10.600	     -5.770	   2339.973	    2339.973	    -70.557	      0.000	     -0.743
  10.800	     -6.049	   2339.705	    2339.705	    -71.123	      0.000	     -0.754
  11.000	     -6.328	   2339.434	    2339.434	    -71.459	      0.000	     -0.762
  11.200	     -6.602	   2339.163	    2339.163	    -71.587	      0.000	     -0.765
  11.400	     -6.862	   2338.892	    2338.892	    -71.092	      0.000	     -0.754
  11.600	     -7.128	   2338.623	    2338.623	    -70.932	      0.000	     -0.751
  11.800	     -7.378	   2338.356	    2338.356	    -70.218	      0.000	     -0.734
  12.000	     -7.620	   2338.092	    2338.092	    -68.965	      0.000	     -0.711
  12.200	     -7.860	   2337.833	    2337.833	    -68.105	      0.000	     -0.692
  12.400	     -8.084	   2337.577	    2337.577	    -66.546	      0.000	     -0.661
  12.600	     -8.300	   2337.327	    2337.327	    -64.821	      0.000	     -0.628
  12.800	     -8.496	   2337.087	    2337.087	    -62.454	      0.000	     -0.583
  13.000	     -8.682	   2336.855	    2336.855	    -60.017	      0.000	     -0.538
  13.200	     -8.857	   2336.633	    2336.633	    -57.287	      0.000	     -0.490
  13.400	     -9.014	   2336.423	    2336.423	    -53.951	      0.000	     -0.436
  13.600	     -9.162	   2336.224	    2336.224	    -50.673	      0.000	     -0.386
  13.800	     -9.301	   2336.038	    2336.038	    -47.594	      0.000	     -0.339
  14.000	     -9.432	   2335.863	    2335.863	    -44.443	      0.000	     -0.295
  14.200	     -9.558	   2335.700	    2335.700	    -41.492	      0.000	     -0.259
  14.400	     -9.680	   2335.548	    2335.548	    -39.051	      0.000	     -0.228
  14.600	     -9.810	   2335.402	    2335.402	    -37.588	      0.000	     -0.212
  14.800	     -9.933	   2335.262	    2335.262	    -36.157	      0.000	     -0.196
  15.000	    -10.062	   2335.126	    2335.126	    -35.573	      0.000	     -0.188
  15.200	    -10.198	   2334.991	    2334.991	    -35.633	      0.000	     -0.189
  15.400	    -10.325	   2334.857	    2334.857	    -35.035	      0.000	     -0.182
  15.600	    -10.452	   2334.726	    2334.726	    -34.466	      0.000	     -0.177
  15.800	    -10.571	   2334.597	    2334.597	    -33.496	      0.000	     -0.168
  16.000	    -10.689	   2334.471	    2334.471	    -32.752	      0.000	     -0.160
  16.200	    -10.796	   2334.350	    2334.350	    -31.236	      0.000	     -0.146
  16.400	    -10.888	   2334.236	    2334.236	    -28.957	      0.000	     -0.125
  16.600	    -10.975	   2334.132	    2334.132	    -26.705	      0.000	     -0.106
  16.800	    -11.054	   2334.035	    2334.035	    -24.246	      0.000	     -0.089
  17.000	    -11.128	   2333.946	    2333.946	    -22.290	      0.000	     -0.074
  17.200	    -11.203	   2333.864	    2333.864	    -21.195	      0.000	     -0.067
  17.400	    -11.277	   2333.785	    2333.785	    -20.446	      0.000	     -0.062
  17.600	    -11.353	   2333.708	    2333.708	    -20.308	      0.000	     -0.061
  17.800	    -11.433	   2333.631	    2333.631	    -20.719	      0.000	     -0.064
  18.000	    -11.517	   2333.551	    2333.551	    -21.393	      0.000	     -0.068
  18.200	    -11.613	   2333.467	    2333.467	    -23.148	      0.000	     -0.080
  18.400	    -11.714	   2333.376	    2333.376	    -24.597	      0.000	     -0.090
  18.600	    -11.818	   2333.281	    2333.281	    -25.897	      0.000	     -0.099
  18.800	    -11.921	   2333.183	    2333.183	    -26.346	      0.000	     -0.104
  19.000	    -12.012	   2333.085	    2333.085	    -25.458	      0.000	     -0.097
  19.200	    -12.091	   2332.992	    2332.992	    -23.486	      0.000	     -0.083
  19.400	    -12.166	   2332.906	    2332.906	    -21.795	      0.000	     -0.071
  19.600	    -12.228	   2332.828	    2332.828	    -19.381	      0.000	     -0.056
  19.800	    -12.283	   2332.759	    2332.759	    -16.706	      0.000	     -0.042
  20.000	    -12.322	   2332.704	    2332.704	    -13.161	      0.000	     -0.026
  20.200	    -12.350	   2332.662	    2332.662	     -8.971	      0.000	     -0.012
  20.400	    -12.370	   2332.635	    2332.635	     -5.323	      0.000	     -0.005
  20.600	    -12.380	   2332.621	    2332.621	     -1.732	      0.000	     -0.000
  20.800	    -12.380	   2332.619	    2332.619	      1.216	      0.000	      0.000
  21.000	    -12.369	   2332.629	    2332.629	      3.399	      0.000	      0.002
  21.200	    -12.344	   2332.649	    2332.649	      7.025	      0.000	      0.007
  21.400	    -12.301	   2332.683	    2332.683	     10.565	      0.000	      0.016
  21.600	    -12.243	   2332.729	    2332.729	     13.776	      0.000	      0.028
  21.800	    -12.170	   2332.786	    2332.786	     17.215	      0.000	      0.043
  22.000	    -12.089	   2332.855	    2332.855	     19.452	      0.000	      0.056
  22.200	    -11.998	   2332.932	    2332.932	     21.550	      0.000	      0.069
  22.400	    -11.899	   2333.018	    2333.018	     23.552	      0.000	      0.083
  22.600	    -11.793	   2333.112	    2333.112	     25.346	      0.000	      0.096
  22.800	    -11.677	   2333.212	    2333.212	     27.420	      0.000	      0.112
  23.000	    -11.560	   2333.318	    2333.318	     28.493	      0.000	      0.121
  23.200	    -11.446	   2333.428	    2333.428	     29.194	      0.000	      0.127
  23.400	    -11.328	   2333.539	    2333.539	     29.888	      0.000	      0.133
  23.600	    -11.211	   2333.654	    2333.654	     30.058	      0.000	      0.135
  23.800	    -11.097	   2333.768	    2333.768	     30.254	      0.000	      0.135
  24.000	    -10.981	   2333.882	    2333.882	     30.186	      0.000	      0.136
  24.200	    -10.865	   2333.997	    2333.997	     30.406	      0.000	      0.138
  24.400	    -10.750	   2334.112	    2334.112	     30.492	      0.000	      0.138
  24.600	    -10.636	   2334.227	    2334.227	     30.238	      0.000	      0.137
  24.800	    -10.523	   2334.342	    2334.342	     30.204	      0.000	      0.136
  25.000	    -10.404	   2334.457	    2334.457	     30.517	      0.000	      0.139
  25.200	    -10.285	   2334.573	    2334.573	     30.887	      0.000	      0.142
  25.400	    -10.166	   2334.690	    2334.690	     31.145	      0.000	      0.145
  25.600	    -10.041	   2334.809	    2334.809	     31.686	      0.000	      0.150
  25.800	     -9.915	   2334.930	    2334.930	     32.146	      0.000	      0.154
  26.000	     -9.793	   2335.052	    2335.052	     32.245	      0.000	      0.155
  26.200	     -9.672	   2335.174	    2335.174	     32.098	      0.000	      0.154
  26.400	     -9.552	   2335.296	    2335.296	     31.944	      0.000	      0.152
  26.600	     -9.435	   2335.416	    2335.416	     31.498	      0.000	      0.148
  26.800	     -9.323	   2335.534	    2335.534	     30.907	      0.000	      0.143
  27.000	     -9.214	   2335.650	    2335.650	     30.161	      0.000	      0.136
  27.200	     -9.104	   2335.764	    2335.764	     29.781	      0.000	      0.132
  27.400	     -9.003	   2335.875	    2335.875	     28.605	      0.000	      0.122
  27.600	     -8.905	   2335.981	    2335.981	     27.671	      0.000	      0.114
  27.800	     -8.804	   2336.085	    2336.085	     27.290	      0.000	      0.111
  28.000	     -8.704	   2336.188	    2336.188	     26.923	      0.000	      0.108
  28.200	     -8.604	   2336.289	    2336.289	     26.736	      0.000	      0.106
  28.400	     -8.503	   2336.390	    2336.390	     26.706	      0.000	      0.107
  28.600	     -8.403	   2336.492	    2336.492	     26.592	      0.000	      0.106
  28.800	     -8.304	   2336.592	    2336.592	     26.343	      0.000	      0.104
  29.000	     -8.211	   2336.690	    2336.690	     25.703	      0.000	      0.099
  29.200	     -8.116	   2336.787	    2336.787	     25.463	      0.000	      0.097
  29.400	     -8.022	   2336.883	    2336.883	     25.246	      0.000	      0.095
  29.600	     -7.931	   2336.978	    2336.978	     24.673	      0.000	      0.091
  29.800	     -7.842	   2337.070	    2337.070	     24.227	      0.000	      0.088
  30.000	     -7.755	   2337.161	    2337.161	     23.711	      0.000	      0.084
  30.200	     -7.671	   2337.249	    2337.249	     23.140	      0.000	      0.080
  30.400	     -7.585	   2337.336	    2337.336	     22.954	      0.000	      0.078
  30.600	     -7.496	   2337.424	    2337.424	     23.274	      0.000	      0.081
  30.800	     -7.401	   2337.514	    2337.514	     23.972	      0.000	      0.086
  31.000	     -7.304	   2337.606	    2337.606	     24.568	      0.000	      0.090
  31.200	     -7.203	   2337.700	    2337.700	     25.456	      0.000	      0.096
  31.400	     -7.095	   2337.799	    2337.799	     26.752	      0.000	      0.106
  31.600	     -6.982	   2337.902	    2337.902	     27.906	      0.000	      0.116
  31.800	     -6.864	   2338.010	    2338.010	     28.970	      0.000	      0.125
  32.000	     -6.741	   2338.122	    2338.122	     30.234	      0.000	      0.136
  32.200	     -6.615	   2338.239	    2338.239	     31.276	      0.000	      0.146
  32.400	     -6.488	   2338.359	    2338.359	     31.968	      0.000	      0.153
  32.600	     -6.364	   2338.481	    2338.481	     32.288	      0.000	      0.155
  32.800	     -6.233	   2338.604	    2338.604	     33.013	      0.000	      0.162
  33.000	     -6.102	   2338.730	    2338.730	     33.552	      0.000	      0.168
  33.200	     -5.972	   2338.858	    2338.858	     33.795	      0.000	      0.170
  33.400	     -5.836	   2338.988	    2338.988	     34.330	      0.000	      0.176
  33.600	     -5.700	   2339.118	    2339.118	     34.898	      0.000	      0.181
  33.800	     -5.561	   2339.252	    2339.252	     35.493	      0.000	      0.188
  34.000	     -5.419	   2339.387	    2339.387	     36.043	      0.000	      0.194
  34.200	     -5.275	   2339.525	    2339.525	     36.656	      0.000	      0.200
  34.400	     -5.125	   2339.666	    2339.666	     37.503	      0.000	      0.210
  34.600	     -4.978	   2339.808	    2339.808	     37.841	      0.000	      0.214
  34.800	     -4.827	   2339.953	    2339.953	     38.514	      0.000	      0.221
  35.000	     -4.670	   2340.100	    2340.100	     39.232	      0.000	      0.230
  35.200	     -4.520	   2340.249	    2340.249	     39.356	      0.000	      0.231
  35.400	     -4.370	   2340.398	    2340.398	     39.380	      0.000	      0.232
  35.600	     -4.219	   2340.548	    2340.548	     39.545	      0.000	      0.233
  35.800	     -4.059	   2340.699	    2340.699	     40.315	      0.000	      0.242
  36.000	     -3.885	   2340.855	    2340.855	     41.806	      0.000	      0.260
  36.200	     -3.705	   2341.015	    2341.015	     43.346	      0.000	      0.280
  36.400	     -3.506	   2341.184	    2341.184	     45.664	      0.000	      0.310
  36.600	     -3.308	   2341.360	    2341.360	     47.214	      0.000	      0.332
  36.800	     -3.116	   2341.541	    2341.541	     47.968	      0.000	      0.343
  37.000	     -2.921	   2341.724	    2341.724	     48.757	      0.000	      0.354
  37.200	     -2.729	   2341.910	    2341.910	     49.209	      0.000	      0.361
  37.400	     -2.531	   2342.097	    2342.097	     49.918	      0.000	      0.371
  37.600	     -2.320	   2342.289	    2342.289	     51.260	      0.000	      0.391
  37.800	     -2.098	   2342.486	    2342.486	     52.913	      0.000	      0.416
  38.000	     -1.875	   2342.690	    2342.690	     54.021	      0.000	      0.435
  38.200	     -1.677	   2342.894	    2342.894	     53.590	      0.000	      0.429
  38.400	     -1.484	   2343.096	    2343.096	     53.022	      0.000	      0.420
  38.600	     -1.293	   2343.296	    2343.296	     52.444	      0.000	      0.411
  38.800	     -1.104	   2343.493	    2343.493	     51.947	      0.000	      0.403
  39.000	     -0.913	   2343.689	    2343.689	     51.599	      0.000	      0.397
  39.200	     -0.718	   2343.885	    2343.885	     51.591	      0.000	      0.397
  39.400	     -0.512	   2344.081	    2344.081	     52.184	      0.000	      0.406
  39.600	     -0.309	   2344.280	    2344.280	     52.507	      0.000	      0.411
  39.800	     -0.108	   2344.479	    2344.479	     52.626	      0.000	      0.413
  40.000	      0.096	   2344.679	    2344.679	     52.885	      0.000	      0.417
  40.200	      0.284	   2344.878	    2344.878	     52.158	      0.000	      0.406
  40.400	      0.467	   2345.074	    2345.074	     51.325	      0.000	      0.393
  40.600	      0.651	   2345.267	    2345.267	     50.716	      0.000	      0.384
  40.800	      0.835	   2345.458	    2345.458	     50.261	      0.000	      0.377
  41.000	      1.026	   2345.649	    2345.649	     50.304	      0.000	      0.377
  41.200	      1.216	   2345.839	    2345.839	     50.258	      0.000	      0.377
  41.400	      1.407	   2346.030	    2346.030	     50.292	      0.000	      0.377
  41.600	      1.598	   2346.221	    2346.221	     50.312	      0.000	      0.378
  41.800	      1.773	   2346.410	    2346.410	     49.337	      0.000	      0.363
  42.000	      1.946	   2346.595	    2346.595	     48.453	      0.000	      0.350
  42.200	      2.116	   2346.777	    2346.777	     47.674	      0.000	      0.339
  42.400	      2.283	   2346.956	    2346.956	     46.795	      0.000	      0.327
  42.600	      2.455	   2347.133	    2347.133	     46.496	      0.000	      0.323
  42.800	      2.630	   2347.309	    2347.309	     46.388	      0.000	      0.321
  43.000	      2.805	   2347.484	    2347.484	     46.342	      0.000	      0.320
  43.200	      2.976	   2347.660	    2347.660	     46.066	      0.000	      0.317
  43.400	      3.134	   2347.832	    2347.832	     44.991	      0.000	      0.302
  43.600	      3.291	   2348.001	    2348.001	     44.068	      0.000	      0.290
  43.800	      3.441	   2348.165	    2348.165	     42.978	      0.000	      0.276
  44.000	      3.588	   2348.326	    2348.326	     41.859	      0.000	      0.262
  44.200	      3.742	   2348.484	    2348.484	     41.568	      0.000	      0.258
  44.400	      3.898	   2348.641	    2348.641	     41.439	      0.000	      0.256
  44.600	      4.051	   2348.798	    2348.798	     41.157	      0.000	      0.253
  44.800	      4.200	   2348.953	    2348.953	     40.700	      0.000	      0.247
  45.000	      4.341	   2349.105	    2349.105	     39.686	      0.000	      0.235
  45.200	      4.477	   2349.254	    2349.254	     38.659	      0.000	      0.223
  45.400	      4.607	   2349.398	    2349.398	     37.414	      0.000	      0.209
  45.600	      4.736	   2349.538	    2349.538	     36.398	      0.000	      0.198
  45.800	      4.870	   2349.675	    2349.675	     36.149	      0.000	      0.195
  46.000	      5.004	   2349.812	    2349.812	     35.859	      0.000	      0.192
  46.200	      5.134	   2349.947	    2349.947	     35.459	      0.000	      0.188
  46.400	      5.265	   2350.081	    2350.081	     35.127	      0.000	      0.184
  46.600	      5.387	   2350.212	    2350.212	     34.214	      0.000	      0.175
  46.800	      5.503	   2350.340	    2350.340	     33.081	      0.000	      0.164
  47.000	      5.615	   2350.463	    2350.463	     31.893	      0.000	      0.152
  47.200	      5.725	   2350.582	    2350.582	     31.011	      0.000	      0.144
  47.400	      5.838	   2350.698	    2350.698	     30.637	      0.000	      0.140
  47.600	      5.951	   2350.814	    2350.814	     30.288	      0.000	      0.137
  47.800	      6.063	   2350.928	    2350.928	     30.073	      0.000	      0.135
  48.000	      6.175	   2351.042	    2351.042	     29.875	      0.000	      0.133
  48.200	      6.278	   2351.153	    2351.153	     28.911	      0.000	      0.125
  48.400	      6.376	   2351.260	    2351.260	     27.757	      0.000	      0.115
  48.600	      6.471	   2351.364	    2351.364	     26.754	      0.000	      0.107
  48.800	      6.564	   2351.464	    2351.464	     25.906	      0.000	      0.100
  49.000	      6.658	   2351.561	    2351.561	     25.494	      0.000	      0.097
  49.200	      6.753	   2351.657	    2351.657	     25.359	      0.000	      0.096
  49.400	      6.849	   2351.753	    2351.753	     25.303	      0.000	      0.096
  49.600	      6.942	   2351.849	    2351.849	     25.055	      0.000	      0.094
  49.800	      7.029	   2351.942	    2351.942	     24.091	      0.000	      0.087
  50.000	      7.111	   2352.031	    2352.031	     23.146	      0.000	      0.080
  50.200	      7.192	   2352.118	    2352.118	     22.306	      0.000	      0.074
  50.400	      7.269	   2352.200	    2352.200	     21.425	      0.000	      0.069
  50.600	      7.347	   2352.281	    2352.281	     21.112	      0.000	      0.066
  50.800	      7.427	   2352.361	    2352.361	     21.153	      0.000	      0.067
  51.000	      7.506	   2352.440	    2352.440	     21.026	      0.000	      0.066
  51.200	      7.584	   2352.520	    2352.520	     20.755	      0.000	      0.064
  51.400	      7.657	   2352.597	    2352.597	     20.007	      0.000	      0.060
  51.600	      7.727	   2352.671	    2352.671	     19.208	      0.000	      0.055
  51.800	      7.793	   2352.743	    2352.743	     18.314	      0.000	      0.050
  52.000	      7.855	   2352.810	    2352.810	     17.410	      0.000	      0.045
  52.200	      7.920	   2352.875	    2352.875	     17.249	      0.000	      0.044
  52.400	      7.986	   2352.941	    2352.941	     17.295	      0.000	      0.045
  52.600	      8.050	   2353.006	    2353.006	     17.114	      0.000	      0.044
  52.800	      8.114	   2353.071	    2353.071	     17.018	      0.000	      0.043
  53.000	      8.175	   2353.135	    2353.135	     16.395	      0.000	      0.040
  53.200	      8.231	   2353.195	    2353.195	     15.499	      0.000	      0.036
  53.400	      8.284	   2353.252	    2353.252	     14.539	      0.000	      0.032
  53.600	      8.334	   2353.306	    2353.306	     13.769	      0.000	      0.028
  53.800	      8.385	   2353.357	    2353.357	     13.676	      0.000	      0.028
  54.000	      8.437	   2353.409	    2353.409	     13.613	      0.000	      0.028
  54.200	      8.487	   2353.460	    2353.460	     13.457	      0.000	      0.027
  54.400	      8.538	   2353.511	    2353.511	     13.444	      0.000	      0.027
  54.600	      8.585	   2353.561	    2353.561	     12.674	      0.000	      0.024
  54.800	      8.627	   2353.607	    2353.607	     11.660	      0.000	      0.020
  55.000	      8.667	   2353.650	    2353.650	     10.801	      0.000	      0.017
  55.200	      8.704	   2353.689	    2353.689	     10.065	      0.000	      0.015
  55.400	      8.741	   2353.726	    2353.726	      9.794	      0.000	      0.014
  55.600	      8.777	   2353.763	    2353.763	      9.601	      0.000	      0.014
  55.800	      8.813	   2353.799	    2353.799	      9.487	      0.000	      0.013
  56.000	      8.848	   2353.835	    2353.835	      9.363	      0.000	      0.013
  56.200	      8.880	   2353.869	    2353.869	      8.436	      0.000	      0.011
  56.400	      8.908	   2353.899	    2353.899	      7.472	      0.000	      0.008
  56.600	      8.933	   2353.926	    2353.926	      6.603	      0.000	      0.007
  56.800	      8.954	   2353.949	    2353.949	      5.648	      0.000	      0.005
  57.000	      8.973	   2353.969	    2353.969	      5.178	      0.000	      0.004
  57.200	      8.992	   2353.989	    2353.989	      5.001	      0.000	      0.004
  57.400	      9.011	   2354.008	    2354.008	      4.842	      0.000	      0.004
  57.600	      9.028	   2354.025	    2354.025	      4.493	      0.000	      0.003
  57.800	      9.042	   2354.040	    2354.040	      3.492	      0.000	      0.002
  58.000	      9.053	   2354.052	    2354.052	      2.493	      0.000	      0.001
  58.200	      9.059	   2354.059	    2354.059	      1.358	      0.000	      0.000
  58.400	      9.062	   2354.062	    2354.062	      0.183	      0.000	      0.000
  58.600	      9.061	   2354.061	    2354.061	     -0.303	      0.000	     -0.000
  58.800	      9.060	   2354.060	    2354.060	     -0.542	      0.000	     -0.000
  59.000	      9.057	   2354.057	    2354.057	     -0.955	      0.000	     -0.000
  59.200	      9.052	   2354.052	    2354.052	     -1.513	      0.000	     -0.000
  59.400	      9.044	   2354.045	    2354.045	     -2.535	      0.000	     -0.001
  59.600	      9.031	   2354.033	    2354.033	     -3.718	      0.000	     -0.002
  59.800	      9.013	   2354.017	    2354.017	     -5.078	      0.000	     -0.004
  60.000	      8.989	   2353.995	    2353.995	     -6.252	      0.000	     -0.006
