  1	  2	  3	  4	  5	 14	 15	 16	 17	 18	 19	 20	 21	以上是沿线管道号
与进水口距离	  最大压力值	 最小压力值
    0.00	     2793.50	     2793.50
   10.77	     2793.89	     2793.18
   21.55	     2794.02	     2793.10
   32.32	     2794.14	     2792.99
   43.10	     2794.27	     2792.88
   53.87	     2794.40	     2792.76
   64.65	     2794.53	     2792.64
   75.42	     2794.64	     2792.54
   86.20	     2794.74	     2792.48
   96.97	     2794.84	     2792.42
  107.75	     2794.94	     2792.35
  118.53	     2795.04	     2792.28
  129.30	     2795.14	     2792.21
  140.08	     2794.97	     2792.33
  151.08	     2795.73	     2791.47
  162.09	     2795.90	     2791.30
  173.09	     2796.05	     2791.23
  184.10	     2796.19	     2791.06
  195.11	     2796.35	     2790.98
  206.11	     2796.50	     2790.82
  217.12	     2796.66	     2790.72
  228.13	     2796.81	     2790.57
  239.13	     2796.95	     2790.45
  250.14	     2797.10	     2790.32
  261.15	     2797.25	     2790.19
  272.15	     2797.40	     2790.09
  283.16	     2797.56	     2789.93
  294.17	     2797.71	     2789.83
  305.17	     2797.86	     2789.66
  316.18	     2798.01	     2789.55
  327.19	     2798.16	     2789.39
  338.19	     2798.31	     2789.29
  349.20	     2798.46	     2789.16
  360.21	     2798.62	     2789.04
  371.21	     2798.77	     2788.90
  382.22	     2798.92	     2788.76
  393.23	     2799.07	     2788.64
  404.23	     2799.22	     2788.49
  415.24	     2799.37	     2788.39
  426.25	     2799.52	     2788.23
  437.25	     2799.68	     2788.13
  448.26	     2799.84	     2787.97
  459.27	     2799.99	     2787.88
  470.27	     2800.15	     2787.70
  481.28	     2800.30	     2787.60
  492.29	     2800.44	     2787.44
  503.29	     2800.60	     2787.34
  514.30	     2800.76	     2787.20
  525.31	     2800.92	     2787.07
  536.31	     2801.07	     2786.95
  547.32	     2801.22	     2786.80
  558.33	     2801.37	     2786.68
  569.33	     2801.52	     2786.52
  580.34	     2801.68	     2786.41
  591.34	     2801.84	     2786.25
  602.35	     2801.99	     2786.14
  613.36	     2802.15	     2785.98
  624.36	     2802.30	     2785.86
  635.37	     2802.45	     2785.71
  646.38	     2802.60	     2785.59
  657.38	     2802.76	     2785.44
  668.39	     2802.91	     2785.31
  679.40	     2803.06	     2785.18
  690.40	     2803.21	     2785.03
  701.41	     2803.37	     2784.91
  712.42	     2803.52	     2784.76
  723.42	     2803.68	     2784.65
  734.43	     2803.83	     2784.49
  745.44	     2803.98	     2784.37
  756.44	     2804.13	     2784.20
  767.45	     2804.28	     2784.08
  778.46	     2804.43	     2783.92
  789.46	     2804.59	     2783.81
  800.47	     2804.75	     2783.66
  811.48	     2804.97	     2783.60
  822.48	     2805.23	     2783.61
  833.49	     2805.38	     2783.48
  844.50	     2805.53	     2783.38
  855.50	     2805.67	     2783.24
  866.51	     2805.82	     2783.13
  877.52	     2805.96	     2783.01
  888.52	     2806.10	     2782.89
  899.53	     2806.24	     2782.75
  910.54	     2806.39	     2782.64
  921.54	     2806.55	     2782.52
  932.55	     2806.69	     2782.40
  943.56	     2806.83	     2782.28
  954.56	     2806.98	     2782.15
  965.57	     2807.13	     2782.04
  976.58	     2807.27	     2781.92
  987.58	     2807.42	     2781.80
  998.59	     2807.57	     2781.67
 1009.59	     2807.71	     2781.55
 1020.60	     2807.86	     2781.42
 1031.61	     2808.01	     2781.30
 1042.61	     2808.16	     2781.18
 1053.62	     2808.31	     2781.05
 1064.63	     2808.46	     2780.95
 1075.63	     2808.60	     2780.81
 1086.64	     2808.75	     2780.69
 1097.65	     2808.90	     2780.56
 1108.65	     2809.05	     2780.44
 1119.66	     2809.19	     2780.32
 1130.67	     2809.34	     2780.21
 1141.67	     2809.50	     2780.08
 1152.68	     2809.65	     2779.96
 1163.69	     2809.79	     2779.82
 1174.69	     2809.93	     2779.70
 1185.70	     2810.09	     2779.57
 1196.71	     2810.23	     2779.45
 1207.71	     2810.38	     2779.34
 1218.72	     2810.54	     2779.20
 1229.73	     2810.69	     2779.08
 1240.73	     2810.84	     2778.95
 1251.74	     2810.98	     2778.83
 1262.75	     2811.11	     2778.69
 1273.75	     2811.26	     2778.58
 1284.76	     2811.42	     2778.45
 1295.77	     2811.58	     2778.33
 1306.77	     2811.73	     2778.20
 1317.78	     2811.86	     2778.08
 1328.79	     2812.00	     2777.94
 1339.79	     2812.15	     2777.83
 1350.80	     2812.30	     2777.69
 1361.81	     2812.46	     2777.56
 1372.81	     2812.61	     2777.44
 1383.82	     2812.75	     2777.31
 1394.83	     2812.90	     2777.18
 1405.83	     2813.03	     2777.04
 1416.84	     2813.18	     2776.93
 1427.85	     2813.33	     2776.79
 1438.85	     2813.48	     2776.68
 1449.86	     2813.63	     2776.54
 1460.86	     2813.78	     2776.42
 1471.87	     2813.93	     2776.29
 1482.88	     2813.19	     2776.67
 1493.54	     2825.69	     2745.41
 1504.21	     2813.71	     2769.63
 1514.88	     2825.11	     2746.04
 1526.03	     2815.84	     2761.56
 1537.17	     2823.90	     2749.58
 1548.32	     2818.70	     2755.81
 1559.47	     2821.91	     2752.94
 1570.61	     2821.29	     2751.72
 1581.76	     2819.37	     2757.70
 1592.91	     2823.60	     2748.18
 1604.06	     2816.76	     2762.60
 1615.20	     2824.91	     2745.37
 1626.35	     2817.79	     2768.37
 1637.50	     2825.92	     2744.32
 1648.65	     2818.81	     2773.99
 1659.79	     2826.44	     2744.04
 1670.94	     2819.84	     2770.25
 1682.09	     2825.96	     2745.41
 1693.24	     2820.97	     2763.87
 1704.38	     2824.98	     2747.27
 1715.53	     2822.28	     2757.68
 1726.68	     2823.16	     2750.70
 1737.82	     2823.21	     2753.12
 1748.97	     2823.77	     2755.02
 1760.12	     2824.57	     2749.47
 1771.27	     2825.23	     2759.97
 1782.41	     2825.61	     2746.41
 1793.56	     2825.90	     2765.42
 1804.71	     2826.19	     2743.67
 1815.86	     2826.78	     2771.25
 1827.00	     2827.50	     2743.39
 1838.15	     2828.16	     2773.66
 1849.30	     2828.58	     2744.10
 1860.45	     2828.88	     2766.80
 1871.59	     2829.27	     2745.58
 1882.74	     2829.71	     2760.49
 1893.89	     2830.17	     2748.53
 1905.04	     2830.70	     2754.81
 1916.02	     2831.65	     2741.44
 1927.01	     2832.32	     2748.76
 1938.00	     2833.00	     2747.22
 1948.99	     2833.84	     2742.94
 1959.98	     2834.69	     2752.63
 1970.97	     2835.44	     2738.06
 1981.96	     2836.33	     2759.78
 1992.95	     2836.80	     2735.74
 2003.94	     2837.18	     2767.66
 2014.93	     2837.80	     2734.03
 2025.92	     2838.30	     2769.89
 2036.91	     2839.09	     2734.01
 2047.90	     2840.05	     2766.56
 2058.89	     2840.74	     2735.28
 2069.88	     2841.48	     2758.51
 2080.87	     2842.11	     2738.62
 2091.86	     2843.00	     2751.68
 2102.85	     2843.76	     2743.82
 2113.84	     2844.58	     2745.38
 2124.83	     2845.31	     2749.31
 2135.82	     2845.78	     2739.68
 2146.81	     2846.35	     2756.25
 2157.80	     2847.32	     2736.77
 2168.79	     2847.79	     2758.13
 2179.78	     2848.39	     2734.82
 2190.77	     2849.28	     2756.04
 2201.76	     2849.76	     2733.96
 2212.75	     2850.85	     2754.12
 2223.74	     2851.83	     2733.99
 2234.73	     2852.84	     2752.48
 2245.72	     2853.96	     2736.56
 2256.71	     2854.43	     2750.40
 2267.70	     2854.94	     2740.98
 2278.69	     2855.71	     2748.44
 2289.68	     2856.21	     2746.84
 2300.67	     2857.36	     2742.70
 2311.66	     2858.37	     2745.49
 2322.65	     2859.58	     2738.12
 2333.64	     2860.74	     2743.63
 2344.63	     2861.73	     2735.20
 2355.62	     2862.58	     2742.30
 2366.61	     2863.55	     2733.90
 2377.59	     2864.31	     2740.71
 2388.58	     2864.83	     2733.31
 2399.57	     2865.74	     2738.44
 2410.56	     2866.22	     2735.36
 2421.55	     2866.96	     2736.70
 2432.54	     2867.96	     2735.56
 2443.53	     2868.71	     2734.74
 2454.52	     2869.39	     2734.19
 2465.51	     2870.20	     2733.52
 2476.50	     2871.10	     2732.82
 2487.49	     2871.94	     2731.62
 2498.48	     2872.65	     2730.43
 2509.47	     2873.82	     2729.84
 2520.46	     2874.94	     2729.13
 2531.45	     2875.42	     2727.75
 2542.44	     2876.03	     2726.74
 2553.43	     2876.87	     2726.20
 2564.42	     2877.79	     2725.60
 2575.41	     2878.83	     2724.79
 2586.40	     2879.49	     2724.06
 2597.39	     2880.34	     2722.96
 2608.38	     2880.97	     2722.15
 2619.37	     2881.59	     2720.91
 2630.36	     2882.31	     2720.07
 2641.35	     2883.43	     2719.07
 2652.34	     2884.28	     2718.54
 2663.33	     2884.89	     2717.58
 2674.32	     2885.92	     2716.78
 2685.31	     2886.39	     2716.04
 2696.30	     2886.99	     2715.01
 2707.29	     2887.93	     2713.98
 2718.28	     2888.89	     2713.27
 2729.27	     2889.51	     2712.08
 2740.26	     2890.48	     2711.17
 2751.25	     2891.15	     2710.59
 2762.24	     2891.77	     2709.91
 2773.23	     2892.94	     2709.34
 2784.22	     2894.05	     2708.28
 2795.21	     2894.17	     2707.02
 2806.71	     2917.36	     2638.68
 2818.21	     2896.11	     2700.78
 2829.72	     2912.40	     2646.94
 2841.22	     2897.54	     2694.06
 2852.73	     2898.54	     2661.37
 2870.11	     2900.14	     2155.25
 2876.64	     2901.41	     2427.86
 2886.20	     2901.78	     2117.50
 2895.76	     2442.78	     2291.47
 2908.52	     2519.96	     2194.38
 2921.28	     2473.61	     2259.14
 2932.15	     2433.55	     2280.33
 2943.01	     2484.33	     2246.65
 2953.88	     2411.71	     2303.99
 2964.74	     2491.53	     2237.58
 2975.61	     2390.50	     2329.54
 2986.48	     2493.55	     2231.21
 2997.34	     2378.66	     2337.46
 3008.21	     2492.87	     2230.10
 3019.07	     2395.18	     2330.15
 3029.94	     2485.72	     2231.94
 3040.80	     2421.48	     2308.19
 3051.67	     2474.56	     2240.49
 3062.54	     2445.36	     2287.83
 3073.40	     2460.92	     2253.45
 3084.27	     2465.31	     2267.38
 3095.13	     2442.33	     2269.08
 3106.00	     2481.52	     2252.18
 3116.86	     2424.56	     2289.16
 3127.73	     2489.11	     2239.98
 3138.60	     2400.82	     2316.86
 3149.46	     2494.22	     2234.19
 3160.33	     2379.60	     2341.11
 3171.19	     2494.62	     2228.45
 3182.06	     2381.13	     2342.33
 3192.92	     2489.74	     2228.66
 3203.79	     2409.49	     2319.29
 3214.66	     2481.62	     2234.27
 3225.52	     2434.15	     2298.33
 3236.39	     2468.30	     2244.70
 3247.25	     2457.09	     2278.01
 3258.12	     2452.93	     2258.26
 3268.98	     2475.98	     2258.11
 3279.85	     2434.58	     2277.22
 3290.71	     2486.93	     2245.58
 3301.58	     2413.20	     2301.73
 3312.45	     2495.16	     2234.89
 3323.31	     2390.26	     2326.94
 3334.18	     2496.83	     2228.55
 3345.04	     2366.60	     2348.24
 3355.07	     2366.79	     2348.02
 3365.09	     2366.68	     2348.21
 3375.12	     2366.56	     2348.42
 3385.14	     2366.47	     2348.61
 3395.16	     2366.40	     2348.78
 3405.19	     2366.34	     2348.98
 3415.21	     2366.28	     2349.16
 3425.24	     2366.24	     2349.33
 3435.26	     2366.22	     2349.52
 3445.28	     2366.19	     2349.71
 3455.31	     2366.18	     2349.88
 3465.33	     2366.19	     2350.06
 3475.36	     2366.18	     2350.26
 3485.38	     2366.17	     2350.43
 3495.41	     2366.19	     2350.60
 3505.43	     2366.19	     2350.80
 3515.45	     2366.19	     2350.97
 3525.48	     2366.29	     2351.13
 3535.50	     2366.24	     2351.36
 3545.53	     2366.23	     2351.54
 3555.55	     2366.23	     2351.70
 3565.57	     2366.22	     2351.89
 3575.60	     2366.23	     2352.07
 3585.62	     2366.23	     2352.22
 3595.65	     2366.22	     2352.37
 3605.67	     2366.22	     2352.53
 3615.69	     2366.22	     2352.68
 3625.72	     2366.23	     2352.82
 3635.74	     2366.23	     2352.96
 3645.77	     2366.25	     2353.07
 3655.79	     2366.26	     2353.19
 3665.82	     2366.25	     2353.34
 3675.84	     2366.27	     2353.46
 3685.86	     2366.28	     2353.54
 3695.89	     2366.28	     2353.65
 3705.91	     2365.93	     2354.15
 3716.05	     2365.86	     2354.18
 3726.19	     2365.64	     2354.42
 3736.32	     2365.42	     2354.67
 3746.46	     2365.20	     2354.91
 3756.59	     2364.98	     2355.15
 3766.73	     2364.76	     2355.40
 3776.87	     2364.54	     2355.64
 3787.00	     2364.32	     2355.88
 3797.14	     2364.10	     2356.13
 3807.28	     2363.89	     2356.37
 3817.41	     2363.66	     2356.61
 3827.55	     2363.44	     2356.86
 3837.69	     2363.24	     2357.12
 3847.82	     2363.01	     2357.37
 3857.96	     2362.78	     2357.61
 3868.10	     2362.55	     2357.86
 3878.23	     2362.32	     2358.11
 3888.37	     2362.09	     2358.36
 3898.51	     2361.86	     2358.61
 3908.64	     2361.63	     2358.86
 3918.78	     2361.40	     2359.11
 3928.92	     2361.17	     2359.35
 3939.05	     2360.94	     2359.60
 3949.19	     2360.71	     2359.85
 3959.33	     2360.30	     2360.30
