  1	  2	  3	  4	  5	  6	  7	  8	  9	 10	 11	 12	 13	以上是沿线管道号
与进水口距离	  最大压力值	 最小压力值
    0.00	     2807.00	     2807.00
   10.77	     2807.29	     2806.65
   21.55	     2807.48	     2806.44
   32.32	     2807.67	     2806.23
   43.10	     2807.86	     2806.01
   53.87	     2808.04	     2805.80
   64.65	     2808.24	     2805.59
   75.42	     2808.40	     2805.37
   86.20	     2808.56	     2805.17
   96.97	     2808.73	     2804.97
  107.75	     2808.89	     2804.77
  118.53	     2809.06	     2804.57
  129.30	     2809.22	     2804.37
  140.08	     2809.30	     2804.32
  151.08	     2809.91	     2803.68
  162.09	     2810.10	     2803.38
  173.09	     2810.46	     2803.08
  184.10	     2810.61	     2802.78
  195.11	     2810.96	     2802.47
  206.11	     2811.12	     2802.17
  217.12	     2811.47	     2801.87
  228.13	     2811.63	     2801.57
  239.13	     2811.97	     2801.26
  250.14	     2812.14	     2800.96
  261.15	     2812.50	     2800.66
  272.15	     2812.67	     2800.35
  283.16	     2813.03	     2800.05
  294.17	     2813.20	     2799.75
  305.17	     2813.55	     2799.45
  316.18	     2813.73	     2799.15
  327.19	     2814.08	     2798.84
  338.19	     2814.27	     2798.54
  349.20	     2814.61	     2798.24
  360.21	     2814.80	     2797.93
  371.21	     2815.13	     2797.63
  382.22	     2815.34	     2797.33
  393.23	     2815.66	     2797.02
  404.23	     2815.88	     2796.71
  415.24	     2816.19	     2796.41
  426.25	     2816.42	     2796.10
  437.25	     2816.71	     2795.80
  448.26	     2816.96	     2795.51
  459.27	     2817.24	     2795.20
  470.27	     2817.49	     2794.90
  481.28	     2817.77	     2794.59
  492.29	     2818.03	     2794.28
  503.29	     2818.29	     2793.98
  514.30	     2818.56	     2793.68
  525.31	     2818.82	     2793.38
  536.31	     2819.10	     2793.07
  547.32	     2819.35	     2792.77
  558.33	     2819.63	     2792.47
  569.33	     2819.88	     2792.16
  580.34	     2820.16	     2791.85
  591.34	     2820.40	     2791.55
  602.35	     2820.70	     2791.24
  613.36	     2820.93	     2790.93
  624.36	     2821.22	     2790.62
  635.37	     2821.45	     2790.31
  646.38	     2821.75	     2790.00
  657.38	     2821.98	     2789.70
  668.39	     2822.28	     2789.39
  679.40	     2822.51	     2789.08
  690.40	     2822.81	     2788.77
  701.41	     2823.03	     2788.46
  712.42	     2823.34	     2788.16
  723.42	     2823.56	     2787.85
  734.43	     2823.86	     2787.54
  745.44	     2824.08	     2787.23
  756.44	     2824.38	     2786.92
  767.45	     2824.60	     2786.62
  778.46	     2824.90	     2786.31
  789.46	     2825.12	     2786.01
  800.47	     2825.43	     2785.70
  811.48	     2825.64	     2785.33
  822.48	     2825.94	     2784.99
  833.49	     2826.06	     2784.69
  844.50	     2826.46	     2784.39
  855.50	     2826.58	     2784.09
  866.51	     2826.98	     2783.79
  877.52	     2827.09	     2783.50
  888.52	     2827.49	     2783.20
  899.53	     2827.60	     2782.91
  910.54	     2828.00	     2782.61
  921.54	     2828.12	     2782.32
  932.55	     2828.51	     2782.02
  943.56	     2828.63	     2781.73
  954.56	     2829.01	     2781.43
  965.57	     2829.14	     2781.13
  976.58	     2829.52	     2780.84
  987.58	     2829.65	     2780.56
  998.59	     2830.01	     2780.26
 1009.59	     2830.16	     2779.96
 1020.60	     2830.52	     2779.67
 1031.61	     2830.67	     2779.38
 1042.61	     2831.02	     2779.08
 1053.62	     2831.18	     2778.78
 1064.63	     2831.52	     2778.50
 1075.63	     2831.69	     2778.20
 1086.64	     2832.02	     2777.90
 1097.65	     2832.20	     2777.61
 1108.65	     2832.52	     2777.32
 1119.66	     2832.71	     2777.02
 1130.67	     2833.03	     2776.73
 1141.67	     2833.22	     2776.43
 1152.68	     2833.53	     2776.13
 1163.69	     2833.73	     2775.84
 1174.69	     2834.02	     2775.54
 1185.70	     2834.25	     2775.25
 1196.71	     2834.53	     2774.95
 1207.71	     2834.76	     2774.66
 1218.72	     2835.02	     2774.36
 1229.73	     2835.28	     2774.07
 1240.73	     2835.51	     2773.77
 1251.74	     2835.80	     2773.47
 1262.75	     2836.02	     2773.17
 1273.75	     2836.32	     2772.88
 1284.76	     2836.52	     2772.59
 1295.77	     2836.83	     2772.29
 1306.77	     2837.03	     2771.98
 1317.78	     2837.35	     2771.69
 1328.79	     2837.53	     2771.39
 1339.79	     2837.86	     2771.09
 1350.80	     2838.03	     2770.79
 1361.81	     2838.37	     2770.49
 1372.81	     2838.53	     2770.20
 1383.82	     2838.88	     2769.90
 1394.83	     2839.05	     2769.59
 1405.83	     2839.40	     2769.29
 1416.84	     2839.55	     2768.99
 1427.85	     2839.92	     2768.69
 1438.85	     2840.06	     2768.40
 1449.86	     2840.43	     2768.10
 1460.86	     2840.58	     2767.79
 1471.87	     2840.89	     2767.49
 1482.88	     2840.92	     2767.70
 1493.54	     2936.34	     2738.40
 1504.21	     2848.75	     2768.01
 1514.88	     2936.57	     2736.95
 1526.03	     2858.43	     2768.41
 1537.17	     2936.43	     2736.06
 1548.32	     2861.54	     2768.79
 1559.47	     2935.46	     2734.82
 1570.61	     2867.33	     2769.25
 1581.76	     2933.55	     2735.18
 1592.91	     2873.46	     2769.65
 1604.06	     2931.74	     2734.54
 1615.20	     2879.84	     2770.11
 1626.35	     2929.79	     2734.82
 1637.50	     2885.65	     2770.44
 1648.65	     2927.73	     2736.46
 1659.79	     2891.56	     2770.81
 1670.94	     2925.01	     2737.58
 1682.09	     2897.18	     2770.82
 1693.24	     2921.70	     2739.21
 1704.38	     2902.68	     2770.73
 1715.53	     2918.26	     2742.38
 1726.68	     2908.29	     2770.70
 1737.82	     2915.22	     2745.83
 1748.97	     2913.13	     2769.33
 1760.12	     2912.83	     2749.69
 1771.27	     2918.25	     2766.13
 1782.41	     2910.50	     2753.15
 1793.56	     2922.38	     2763.07
 1804.71	     2907.87	     2757.76
 1815.86	     2926.01	     2760.28
 1827.00	     2904.54	     2758.79
 1838.15	     2930.01	     2756.80
 1849.30	     2900.85	     2755.78
 1860.45	     2932.95	     2753.66
 1871.59	     2897.12	     2753.37
 1882.74	     2936.96	     2751.09
 1893.89	     2893.01	     2751.61
 1905.04	     2938.77	     2749.41
 1916.02	     2908.68	     2749.10
 1927.01	     2940.77	     2747.03
 1938.00	     2903.66	     2746.30
 1948.99	     2942.33	     2743.51
 1959.98	     2897.74	     2742.16
 1970.97	     2944.13	     2740.05
 1981.96	     2891.62	     2739.37
 1992.95	     2946.09	     2738.04
 2003.94	     2884.92	     2736.08
 2014.93	     2949.57	     2734.33
 2025.92	     2878.24	     2732.66
 2036.91	     2951.70	     2730.57
 2047.90	     2873.72	     2729.39
 2058.89	     2953.07	     2727.57
 2069.88	     2868.90	     2725.88
 2080.87	     2953.84	     2724.33
 2091.86	     2869.75	     2722.83
 2102.85	     2953.86	     2721.30
 2113.84	     2870.59	     2719.83
 2124.83	     2954.02	     2718.31
 2135.82	     2872.29	     2716.84
 2146.81	     2953.35	     2715.28
 2157.80	     2875.27	     2713.51
 2168.79	     2953.25	     2711.77
 2179.78	     2875.82	     2709.98
 2190.77	     2951.99	     2708.39
 2201.76	     2877.64	     2706.87
 2212.75	     2950.41	     2705.37
 2223.74	     2878.57	     2703.90
 2234.73	     2948.69	     2702.29
 2245.72	     2880.72	     2700.50
 2256.71	     2946.38	     2698.91
 2267.70	     2882.76	     2697.37
 2278.69	     2944.43	     2695.87
 2289.68	     2888.44	     2694.31
 2300.67	     2941.98	     2692.72
 2311.66	     2894.27	     2691.20
 2322.65	     2939.74	     2689.71
 2333.64	     2898.97	     2688.20
 2344.63	     2939.09	     2686.75
 2355.62	     2903.94	     2685.19
 2366.61	     2938.67	     2683.44
 2377.59	     2908.88	     2681.80
 2388.58	     2937.94	     2680.17
 2399.57	     2913.60	     2678.62
 2410.56	     2935.20	     2677.03
 2421.55	     2917.89	     2675.46
 2432.54	     2932.25	     2673.88
 2443.53	     2921.99	     2672.35
 2454.52	     2928.31	     2670.76
 2465.51	     2926.61	     2669.21
 2476.50	     2923.38	     2667.71
 2487.49	     2931.62	     2666.18
 2498.48	     2917.17	     2664.73
 2509.47	     2936.30	     2663.19
 2520.46	     2912.13	     2661.87
 2531.45	     2938.88	     2660.36
 2542.44	     2906.37	     2658.88
 2553.43	     2944.05	     2657.31
 2564.42	     2899.71	     2655.69
 2575.41	     2947.60	     2654.22
 2586.40	     2894.22	     2652.65
 2597.39	     2950.53	     2651.18
 2608.38	     2889.72	     2649.72
 2619.37	     2953.21	     2648.29
 2630.36	     2884.74	     2647.00
 2641.35	     2954.24	     2645.61
 2652.34	     2884.22	     2644.03
 2663.33	     2954.79	     2642.73
 2674.32	     2883.98	     2641.30
 2685.31	     2955.09	     2639.98
 2696.30	     2882.30	     2638.54
 2707.29	     2955.86	     2637.04
 2718.28	     2884.42	     2635.72
 2729.27	     2956.47	     2634.45
 2740.26	     2882.33	     2633.16
 2751.25	     2956.15	     2631.98
 2762.24	     2882.57	     2630.82
 2773.23	     2955.89	     2629.81
 2784.22	     2883.21	     2628.97
 2795.21	     2955.11	     2627.80
 2806.71	     2901.81	     2626.13
 2818.21	     2952.17	     2624.52
 2829.72	     2898.88	     2622.90
 2841.22	     2950.29	     2621.33
 2852.73	     2898.53	     2619.80
 2870.11	     2897.50	     2207.46
 2876.64	     2812.74	     2509.97
 2886.20	     2930.93	     2172.12
 2895.76	     2410.25	     2309.14
 2908.52	     2536.76	     2179.58
 2921.28	     2421.00	     2298.81
 2932.15	     2451.12	     2259.38
 2943.01	     2427.76	     2293.82
 2953.88	     2446.20	     2262.05
 2964.74	     2433.94	     2288.61
 2975.61	     2442.14	     2263.64
 2986.48	     2438.49	     2284.72
 2997.34	     2438.75	     2265.77
 3008.21	     2443.55	     2280.36
 3019.07	     2436.48	     2267.96
 3029.94	     2447.22	     2278.30
 3040.80	     2435.19	     2270.08
 3051.67	     2450.72	     2275.66
 3062.54	     2433.61	     2272.88
 3073.40	     2453.04	     2273.37
 3084.27	     2430.96	     2276.18
 3095.13	     2455.44	     2271.29
 3106.00	     2429.03	     2279.59
 3116.86	     2457.75	     2269.60
 3127.73	     2425.57	     2283.94
 3138.60	     2458.36	     2265.99
 3149.46	     2421.19	     2288.54
 3160.33	     2459.56	     2261.88
 3171.19	     2419.78	     2287.87
 3182.06	     2460.07	     2258.23
 3192.92	     2416.80	     2288.65
 3203.79	     2461.35	     2253.76
 3214.66	     2411.92	     2291.50
 3225.52	     2462.24	     2249.57
 3236.39	     2407.13	     2296.82
 3247.25	     2464.33	     2246.82
 3258.12	     2401.73	     2303.15
 3268.98	     2465.57	     2243.72
 3279.85	     2394.85	     2313.28
 3290.71	     2468.68	     2240.85
 3301.58	     2386.28	     2323.66
 3312.45	     2470.91	     2238.82
 3323.31	     2374.09	     2323.79
 3334.18	     2472.49	     2240.20
 3345.04	     2366.84	     2324.00
 3355.07	     2366.72	     2324.23
 3365.09	     2366.37	     2324.61
 3375.12	     2366.02	     2324.98
 3385.14	     2365.69	     2325.35
 3395.16	     2365.35	     2325.71
 3405.19	     2365.00	     2326.09
 3415.21	     2364.66	     2326.46
 3425.24	     2364.33	     2326.82
 3435.26	     2363.99	     2327.19
 3445.28	     2363.65	     2327.55
 3455.31	     2363.31	     2327.91
 3465.33	     2362.97	     2328.28
 3475.36	     2362.62	     2328.65
 3485.38	     2362.29	     2329.01
 3495.41	     2361.96	     2329.37
 3505.43	     2361.60	     2329.73
 3515.45	     2361.27	     2330.09
 3525.48	     2360.96	     2330.39
 3535.50	     2360.58	     2330.79
 3545.53	     2360.24	     2331.16
 3555.55	     2359.91	     2331.51
 3565.57	     2359.57	     2331.88
 3575.60	     2359.22	     2332.24
 3585.62	     2358.89	     2332.58
 3595.65	     2358.56	     2332.93
 3605.67	     2358.22	     2333.29
 3615.69	     2357.88	     2333.64
 3625.72	     2357.55	     2334.00
 3635.74	     2357.20	     2334.35
 3645.77	     2356.87	     2334.69
 3655.79	     2356.55	     2335.03
 3665.82	     2356.22	     2335.38
 3675.84	     2355.87	     2335.72
 3685.86	     2355.55	     2336.06
 3695.89	     2355.22	     2336.39
 3705.91	     2354.65	     2336.89
 3716.05	     2354.39	     2337.13
 3726.19	     2354.01	     2337.45
 3736.32	     2353.62	     2337.77
 3746.46	     2353.24	     2338.09
 3756.59	     2352.86	     2338.42
 3766.73	     2352.47	     2338.74
 3776.87	     2352.09	     2339.06
 3787.00	     2351.70	     2339.38
 3797.14	     2351.32	     2339.70
 3807.28	     2350.93	     2340.03
 3817.41	     2350.55	     2340.35
 3827.55	     2350.16	     2340.67
 3837.69	     2349.78	     2341.00
 3847.82	     2349.39	     2341.33
 3857.96	     2349.00	     2341.65
 3868.10	     2348.61	     2341.98
 3878.23	     2348.23	     2342.31
 3888.37	     2347.84	     2342.63
 3898.51	     2347.45	     2342.96
 3908.64	     2347.06	     2343.29
 3918.78	     2346.68	     2343.61
 3928.92	     2346.29	     2343.94
 3939.05	     2345.90	     2344.27
 3949.19	     2345.51	     2344.59
 3959.33	     2345.00	     2345.00
