    时间	    开度值	      蜗壳压力	      尾水管压力	    流量	      转速	      出力	  单位转速	  单位流量	  单位力矩	球阀前压力	球阀后压力	蜗壳进口压力	尾水管出口压力
   0.000	   0.600	       534.467	        56.638	   -61.829	  -428.600	  -319.714	   -83.040	    -0.162	    20.856	469.469574	469.817059	534.467365	2323.458992
   0.200	   0.600	       523.343	        61.671	   -60.948	  -419.974	  -301.695	   -83.164	    -0.163	    20.981	455.444544	455.444700	525.623277	2327.097108
   0.400	   0.600	       511.042	        67.349	   -59.723	  -411.681	  -284.122	   -83.157	    -0.163	    20.973	443.630255	443.630508	513.633977	2332.144885
   0.600	   0.600	       500.078	        73.292	   -58.534	  -403.713	  -267.866	   -83.145	    -0.163	    20.962	432.520777	432.521271	502.546155	2337.734743
   0.800	   0.600	       489.402	        78.536	   -57.382	  -396.049	  -252.810	   -83.130	    -0.163	    20.947	421.728356	421.729305	491.733406	2342.762029
   1.000	   0.600	       475.106	        78.197	   -55.928	  -388.681	  -238.142	   -82.988	    -0.161	    20.803	407.730037	407.731059	477.664166	2341.806186
   1.200	   0.600	       459.117	        74.857	   -54.364	  -381.613	  -224.262	   -82.783	    -0.159	    20.598	392.701472	392.702570	462.627353	2337.909682
   1.400	   0.600	       444.628	        72.139	   -52.688	  -374.842	  -210.943	   -82.557	    -0.157	    20.332	378.082329	378.083513	447.904516	2334.609616
   1.600	   0.600	       430.611	        69.385	   -51.151	  -368.352	  -198.822	   -82.354	    -0.154	    20.096	363.941771	363.943067	433.775211	2331.220537
   1.800	   0.600	       420.258	        70.055	   -49.831	  -362.121	  -187.943	   -82.205	    -0.153	    19.921	353.546153	353.547586	423.692030	2332.160089
   2.000	   0.600	       412.848	        73.255	   -48.628	  -356.123	  -177.985	   -82.080	    -0.151	    19.775	345.399669	345.401245	415.152651	2334.333845
   2.200	   0.600	       404.667	        74.995	   -47.410	  -350.348	  -168.624	   -81.935	    -0.150	    19.607	337.308898	337.310650	406.971149	2335.813107
   2.400	   0.600	       397.539	        77.240	   -46.218	  -344.783	  -159.998	   -81.785	    -0.148	    19.448	330.000454	330.002430	399.704854	2337.846384
   2.600	   0.600	       388.454	        76.572	   -44.859	  -339.421	  -151.627	   -81.564	    -0.145	    19.214	323.286354	323.288589	392.023328	2337.190172
   2.800	   0.600	       388.847	        82.440	   -42.228	  -334.292	  -141.867	   -80.963	    -0.138	    18.541	325.618147	325.620589	393.905493	2340.390535
   3.000	   0.600	       388.748	        88.644	   -39.411	  -329.423	  -132.681	   -80.533	    -0.130	    17.929	325.230505	325.232884	393.261598	2345.990596
   3.200	   0.600	       385.959	        95.270	   -36.418	  -324.815	  -123.378	   -80.602	    -0.122	    17.421	322.820258	322.822541	390.944239	2351.640326
   3.400	   0.600	       383.843	       102.625	   -33.635	  -320.472	  -114.783	   -80.782	    -0.114	    16.951	319.713273	319.715465	386.165678	2359.287525
   3.600	   0.600	       375.946	       104.463	   -30.084	  -316.406	  -105.035	   -81.085	    -0.104	    16.238	313.511779	313.513795	381.372384	2358.864061
   3.800	   0.600	       368.243	       103.206	   -26.415	  -312.665	   -94.796	   -81.003	    -0.092	    15.157	307.176464	307.178241	374.803373	2357.087042
   4.000	   0.600	       360.319	       101.715	   -22.609	  -309.267	   -84.805	   -81.028	    -0.080	    14.020	299.152796	299.154312	366.831552	2355.381417
   4.200	   0.600	       362.124	        96.251	   -19.502	  -306.174	   -76.758	   -79.044	    -0.068	    12.446	297.398226	297.399538	365.608954	2350.879073
   4.400	   0.600	       352.909	        93.423	   -16.810	  -303.354	   -69.307	   -79.231	    -0.059	    11.609	288.620657	288.621833	356.676794	2347.651164
   4.600	   0.600	       346.444	        91.699	   -14.162	  -300.789	   -62.330	   -79.251	    -0.050	    10.715	282.375431	282.376439	351.012952	2344.949041
   4.800	   0.600	       339.770	        89.060	   -11.499	  -298.474	   -55.644	   -79.238	    -0.041	     9.786	275.966064	275.966882	344.348872	2342.248283
   5.000	   0.600	       338.055	        91.422	    -9.136	  -296.376	   -50.321	   -79.305	    -0.033	     9.055	273.065354	273.066012	341.147971	2344.339395
   5.200	   0.600	       334.789	        91.786	    -6.984	  -294.465	   -45.531	   -79.363	    -0.025	     8.365	271.334168	271.334669	340.107724	2345.502809
   5.400	   0.600	       336.372	        96.793	    -4.206	  -292.750	   -39.866	   -79.446	    -0.015	     7.470	273.673777	273.674006	341.513426	2348.855420
   5.600	   0.600	       338.421	       101.196	    -1.250	  -291.233	   -36.257	   -79.417	    -0.005	     6.895	275.938774	275.938798	343.387129	2352.921189
   5.800	   0.600	       339.267	       103.940	     2.218	  -289.819	   -33.667	   -79.352	     0.008	     6.486	276.996178	276.996099	344.708271	2356.172999
   6.000	   0.600	       342.121	       107.585	     5.273	  -288.484	   -31.964	   -79.131	     0.020	     6.209	281.914671	281.914020	348.665094	2359.241818
   6.200	   0.600	       345.471	       108.777	     9.121	  -287.195	   -31.348	   -78.447	     0.034	     6.066	284.504353	284.501901	352.338449	2360.378191
   6.400	   0.600	       350.815	       108.374	    12.895	  -285.868	   -33.646	   -77.194	     0.047	     6.392	290.447835	290.441006	357.146871	2360.694614
   6.600	   0.600	       358.056	       105.772	    16.561	  -284.384	   -38.278	   -75.329	     0.059	     7.034	296.762685	296.746590	363.340684	2358.907973
   6.800	   0.600	       362.463	       101.703	    19.341	  -282.699	   -42.640	   -73.697	     0.068	     7.635	299.424189	299.390080	366.669198	2355.639368
   7.000	   0.600	       365.997	        97.209	    22.146	  -280.824	   -46.957	   -72.151	     0.077	     8.221	300.812081	300.734266	368.452975	2350.941430
   7.200	   0.600	       368.323	        92.011	    24.799	  -278.752	   -51.734	   -70.682	     0.085	     8.888	304.689355	304.557043	372.662409	2346.627644
   7.400	   0.600	       372.573	        88.630	    27.306	  -276.439	   -57.625	   -69.192	     0.092	     9.727	308.102670	307.930571	375.897985	2344.212781
   7.600	   0.600	       379.762	        89.622	    29.273	  -273.850	   -63.275	   -67.843	     0.098	    10.563	313.451030	313.237555	381.751932	2345.381943
   7.800	   0.600	       383.072	        88.237	    30.807	  -271.010	   -68.051	   -66.632	     0.102	    11.306	318.534138	318.278870	385.504202	2345.379576
   8.000	   0.600	       392.440	        90.035	    32.573	  -267.905	   -74.030	   -65.069	     0.107	    12.141	327.314029	327.006221	395.020731	2346.582249
   8.200	   0.600	       400.757	        89.762	    34.338	  -264.496	   -80.266	   -63.376	     0.111	    12.977	335.996867	335.624312	403.448837	2346.259577
   8.400	   0.600	       412.242	        89.148	    36.465	  -260.717	   -88.393	   -61.322	     0.116	    13.970	346.678184	346.223457	414.115146	2346.469035
   8.600	   0.600	       422.312	        90.203	    38.148	  -256.559	   -94.691	   -59.545	     0.120	    14.808	357.258098	356.712473	425.327861	2348.307719
   8.800	   0.600	       433.041	        89.466	    40.068	  -252.010	  -102.010	   -57.532	     0.123	    15.713	368.294032	367.634819	436.299349	2348.051299
   9.000	   0.600	       444.323	        90.266	    41.843	  -247.048	  -108.330	   -55.583	     0.127	    16.532	379.846550	379.053324	447.157179	2348.921534
   9.200	   0.600	       453.345	        88.562	    43.619	  -241.681	  -114.239	   -53.593	     0.131	    17.312	387.508680	386.556307	454.509050	2347.926911
   9.400	   0.600	       458.942	        86.577	    45.047	  -235.957	  -118.064	   -51.808	     0.133	    17.967	394.866320	393.734536	462.225096	2346.529539
   9.600	   0.600	       464.221	        84.414	    46.443	  -229.903	  -121.385	   -50.000	     0.136	    18.601	397.996529	396.651432	465.777590	2344.923728
   9.800	   0.600	       468.220	        81.626	    47.768	  -223.534	  -123.979	   -48.204	     0.139	    19.211	403.152160	401.544011	470.323586	2342.689142
  10.000	   0.600	       472.392	        80.525	    48.938	  -216.863	  -125.435	   -46.465	     0.142	    19.778	406.829475	404.912285	473.873238	2341.774749
  10.200	   0.600	       473.926	        79.818	    49.814	  -209.943	  -125.136	   -44.868	     0.144	    20.277	407.534062	405.258432	474.899707	2341.905219
  10.400	   0.600	       472.317	        79.121	    50.415	  -202.856	  -123.232	   -43.416	     0.146	    20.726	406.566912	403.864998	472.699921	2341.046076
  10.600	   0.600	       471.377	        78.594	    51.028	  -195.631	  -121.184	   -41.903	     0.148	    21.167	406.385079	403.139665	472.326568	2340.917841
  10.800	   0.600	       469.398	        77.476	    51.608	  -188.273	  -118.725	   -40.382	     0.149	    21.608	404.489861	400.994084	470.216680	2339.398815
  11.000	   0.600	       470.994	        77.586	    52.365	  -180.752	  -116.789	   -38.706	     0.151	    22.069	406.307153	402.531248	472.225073	2340.119343
  11.200	   0.600	       469.827	        77.839	    52.870	  -173.089	  -113.501	   -37.142	     0.153	    22.490	406.267533	402.213825	471.171320	2341.055094
  11.400	   0.600	       470.370	        78.445	    53.475	  -165.295	  -110.386	   -35.482	     0.155	    22.920	406.758746	402.399531	471.759993	2341.873425
  11.600	   0.600	       471.613	        80.438	    54.008	  -157.372	  -106.737	   -33.822	     0.157	    23.335	407.700488	403.008774	472.230771	2343.188147
  11.800	   0.600	       471.878	        79.563	    54.692	  -149.302	  -103.380	   -32.050	     0.158	    23.766	408.354181	403.280115	472.731579	2343.106082
  12.000	   0.600	       473.344	        79.975	    55.346	  -141.072	   -99.597	   -30.251	     0.160	    24.180	410.534671	405.042981	474.705290	2343.771589
  12.200	   0.600	       473.220	        79.105	    55.971	  -132.685	   -95.394	   -28.433	     0.162	    24.590	410.790128	404.842296	474.256053	2343.505843
  12.400	   0.600	       473.979	        78.777	    56.603	  -124.140	   -90.892	   -26.572	     0.164	    24.986	412.021045	405.568422	475.161307	2342.698034
  12.600	   0.600	       474.980	        79.096	    57.192	  -115.447	   -85.934	   -24.696	     0.165	    25.371	413.928486	406.922988	475.859897	2343.455079
  12.800	   0.600	       474.827	        78.141	    57.780	  -106.608	   -80.660	   -22.788	     0.167	    25.749	414.340342	406.737289	476.061449	2343.324393
  13.000	   0.600	       475.216	        78.609	    58.272	   -97.639	   -74.838	   -20.878	     0.168	    26.103	414.586441	406.334956	475.823323	2343.545731
  13.200	   0.600	       475.225	        78.683	    58.760	   -88.557	   -68.740	   -18.942	     0.170	    26.452	415.606874	406.634278	475.597794	2343.702029
  13.400	   0.600	       474.006	        77.831	    59.201	   -79.367	   -62.286	   -16.988	     0.171	    26.781	415.202667	405.449038	474.561003	2343.398593
  13.600	   0.600	       474.229	        78.000	    59.661	   -70.071	   -55.627	   -15.001	     0.172	    27.099	416.037068	405.399487	475.094206	2343.807852
  13.800	   0.600	       473.252	        77.790	    60.045	   -60.682	   -48.602	   -13.006	     0.174	    27.405	415.821930	404.218660	473.471642	2343.321377
  14.000	   0.600	       472.109	        77.324	    60.410	   -51.210	   -41.350	   -10.988	     0.175	    27.687	416.100765	403.411104	472.735750	2343.181176
  14.200	   0.600	       471.311	        77.694	    60.726	   -41.671	   -33.864	    -8.956	     0.176	    27.960	416.164839	402.590791	471.959454	2343.727041
  14.400	   0.600	       471.138	        77.403	    61.124	   -32.057	   -26.286	    -6.890	     0.177	    28.215	416.117045	402.214074	471.526103	2343.627312
  14.600	   0.600	       471.455	        77.874	    61.481	   -22.365	   -18.478	    -4.809	     0.178	    28.450	417.103847	402.863325	471.971003	2344.191944
  14.800	   0.600	       471.784	        78.269	    61.836	   -12.600	   -10.487	    -2.710	     0.180	    28.676	417.786899	403.216876	472.392054	2344.764735
  15.000	   0.600	       472.155	        78.389	    62.189	    -2.762	    -2.315	    -0.594	     0.181	    28.872	418.353249	403.450130	472.682295	2345.058281
  15.200	   0.600	       472.141	        78.560	    62.510	     7.138	     6.019	     1.536	     0.182	    29.069	418.303744	403.071572	472.762448	2345.245931
  15.400	   0.600	       472.512	        78.269	    62.855	    17.101	    14.515	     3.677	     0.182	    29.219	419.014761	403.440149	472.951929	2345.104350
  15.600	   0.600	       471.736	        77.402	    63.144	    27.119	    23.123	     5.830	     0.183	    29.354	418.742733	402.829606	472.211769	2344.671948
  15.800	   0.600	       472.131	        77.352	    63.449	    37.185	    31.864	     7.991	     0.184	    29.475	419.329523	403.077911	472.517577	2344.763090
  16.000	   0.600	       472.158	        77.319	    63.705	    47.290	    40.652	    10.163	     0.185	    29.572	419.585010	402.995312	472.395454	2344.463521
  16.200	   0.600	       472.218	        77.176	    63.952	    57.427	    49.496	    12.340	     0.185	    29.643	420.384465	403.466213	472.854497	2344.827354
  16.400	   0.600	       472.999	        77.987	    64.168	    67.584	    58.341	    14.525	     0.186	    29.698	420.776360	403.536616	473.151448	2345.406613
  16.600	   0.600	       472.607	        77.491	    64.371	    77.753	    67.174	    16.710	     0.187	    29.720	421.388012	403.821122	473.010885	2345.351960
  16.800	   0.600	       472.737	        77.653	    64.544	    87.925	    75.936	    18.898	     0.187	    29.718	421.399701	403.522522	472.922745	2345.366526
  17.000	   0.600	       472.998	        77.527	    64.738	    98.096	    84.731	    21.076	     0.188	    29.698	421.856891	403.656348	473.399379	2345.493223
  17.200	   0.600	       472.932	        77.016	    64.900	   108.261	    93.391	    23.249	     0.188	    29.631	422.054642	403.537017	472.889222	2344.850958
  17.400	   0.600	       473.246	        77.135	    65.028	   118.407	   101.886	    25.423	     0.188	    29.545	423.025214	404.187711	473.494140	2345.315915
  17.600	   0.600	       473.758	        77.145	    65.160	   128.529	   110.315	    27.580	     0.189	    29.436	423.567632	404.419177	473.835151	2345.073273
  17.800	   0.600	       474.309	        77.114	    65.269	   138.619	   118.578	    29.724	     0.189	    29.297	424.476193	405.035646	474.565877	2345.289723
  18.000	   0.600	       475.255	        77.570	    65.358	   148.673	   126.670	    31.861	     0.189	    29.145	425.612621	405.887356	475.286972	2345.666592
  18.200	   0.600	       475.690	        77.302	    65.440	   158.685	   134.639	    33.977	     0.189	    28.973	426.465268	406.472524	475.907522	2345.705009
  18.400	   0.600	       476.385	        77.402	    65.497	   168.651	   142.375	    36.085	     0.189	    28.785	426.981091	406.720066	476.342037	2345.505537
  18.600	   0.600	       476.870	        77.366	    65.539	   178.565	   149.899	    38.181	     0.189	    28.586	427.638121	407.121145	476.865406	2345.664509
  18.800	   0.600	       476.948	        76.952	    65.570	   188.417	   157.126	    40.262	     0.189	    28.362	428.262389	407.486187	477.077866	2345.195755
  19.000	   0.600	       477.017	        76.795	    65.576	   198.201	   163.987	    42.341	     0.189	    28.123	428.709148	407.672697	477.241526	2345.381911
  19.200	   0.600	       477.652	        77.057	    65.593	   207.905	   170.629	    44.393	     0.189	    27.870	429.242437	407.954060	477.373652	2345.226451
  19.400	   0.600	       477.965	        77.093	    65.575	   217.521	   176.784	    46.429	     0.189	    27.579	429.679961	408.143679	477.769499	2345.311046
  19.600	   0.600	       478.016	        77.095	    65.516	   227.039	   182.455	    48.456	     0.189	    27.265	431.021152	408.465157	478.009280	2345.635006
  19.800	   0.600	       478.391	        77.123	    65.431	   236.445	   187.729	    50.439	     0.188	    26.911	432.052179	408.431579	478.189963	2345.603028
  20.000	   0.600	       478.152	        76.648	    65.289	   245.730	   192.432	    52.399	     0.188	    26.522	432.890492	408.129265	477.704819	2344.850112
  20.200	   0.600	       478.152	        76.332	    65.135	   254.887	   196.799	    54.326	     0.187	    26.124	434.022272	408.077884	477.790781	2344.607235
  20.400	   0.600	       477.607	        75.933	    64.968	   263.913	   200.788	    56.255	     0.187	    25.747	434.874700	407.643871	477.409683	2344.140573
  20.600	   0.600	       476.481	        75.729	    64.799	   272.804	   204.431	    58.214	     0.187	    25.416	435.251726	406.642334	476.334281	2343.996433
  20.800	   0.600	       476.049	        76.902	    64.646	   281.562	   207.858	    60.203	     0.187	    25.138	436.267405	406.134577	475.829116	2344.694684
  21.000	   0.600	       474.151	        77.489	    64.530	   290.195	   211.213	    62.245	     0.187	    24.942	436.086794	404.269643	473.931400	2345.267868
  21.200	   0.600	       472.411	        78.267	    64.425	   298.706	   214.413	    64.279	     0.187	    24.758	436.240456	402.606297	472.448123	2346.304440
  21.400	   0.600	       471.546	        79.060	    64.342	   307.102	   217.616	    66.227	     0.187	    24.545	435.930017	401.696726	471.447318	2346.867105
  21.600	   0.600	       470.470	        78.555	    64.241	   315.393	   220.568	    68.062	     0.187	    24.258	435.377257	400.538368	470.129202	2346.391402
  21.800	   0.600	       470.478	        78.152	    64.093	   323.569	   223.040	    69.783	     0.187	    23.880	435.678787	400.301435	470.075853	2345.921710
  22.000	   0.600	       470.538	        76.733	    63.849	   331.619	   224.653	    71.371	     0.185	    23.372	436.036087	400.170486	470.076744	2344.618985
  22.200	   0.600	       470.521	        75.210	    63.528	   339.519	   225.411	    72.915	     0.184	    22.807	436.413328	400.151229	469.983698	2343.046875
  22.400	   0.600	       472.149	        74.611	    63.127	   347.250	   225.344	    74.343	     0.182	    22.154	438.346684	401.765877	471.661575	2342.395338
  22.600	   0.600	       473.501	        74.144	    62.657	   354.796	   224.421	    75.762	     0.181	    21.482	439.377469	402.550779	472.256648	2341.497919
  22.800	   0.600	       475.595	        74.541	    62.147	   362.143	   222.895	    77.141	     0.179	    20.801	441.641439	404.620723	474.569683	2341.913548
  23.000	   0.600	       477.645	        75.400	    61.629	   369.291	   221.096	    78.523	     0.177	    20.162	444.082086	406.866433	476.770021	2342.544198
  23.200	   0.600	       479.505	        76.048	    61.146	   376.246	   219.328	    79.859	     0.175	    19.560	446.232700	408.800323	478.647458	2342.961444
  23.400	   0.600	       481.306	        77.078	    60.693	   383.022	   217.657	    81.199	     0.174	    19.022	448.485930	410.751414	480.544909	2343.788119
  23.600	   0.600	       482.888	        77.511	    60.310	   389.637	   216.363	    82.465	     0.172	    18.527	450.372408	412.283418	482.151028	2344.000975
  23.800	   0.600	       484.090	        77.669	    59.968	   396.105	   215.254	    83.709	     0.171	    18.077	452.308147	413.780434	483.531426	2344.042447
  24.000	   0.600	       485.547	        77.932	    59.658	   402.437	   214.236	    84.907	     0.170	    17.650	454.352312	415.325077	485.116246	2344.281153
  24.200	   0.600	       486.037	        77.836	    59.326	   408.640	   212.827	    86.138	     0.169	    17.237	454.963425	415.478577	485.381733	2343.882042
  24.400	   0.600	       486.218	        77.684	    58.978	   414.703	   211.075	    87.365	     0.168	    16.825	455.556968	415.593672	485.706689	2343.687039
  24.600	   0.600	       485.261	        77.280	    58.558	   420.619	   208.458	    88.655	     0.167	    16.399	455.077828	414.742782	484.781784	2343.372742
  24.800	   0.600	       483.866	        76.748	    58.117	   426.375	   205.449	    89.948	     0.165	    15.972	453.413978	412.923723	483.052022	2342.417529
  25.000	   0.600	       482.474	        76.082	    57.607	   431.961	   201.704	    91.188	     0.164	    15.499	452.013246	411.780575	481.852588	2341.857856
  25.200	   0.600	       480.946	        75.685	    57.059	   437.369	   197.413	    92.439	     0.163	    15.017	449.573587	409.702965	480.031046	2341.081108
  25.400	   0.600	       480.356	        75.029	    56.408	   442.584	   192.186	    93.505	     0.161	    14.437	448.533730	409.111159	479.391381	2340.423616
  25.600	   0.600	       480.211	        74.864	    55.719	   447.594	   186.451	    94.532	     0.159	    13.840	447.755350	408.853699	479.047168	2340.045005
  25.800	   0.600	       481.607	        74.398	    54.971	   452.391	   180.201	    95.289	     0.156	    13.163	448.635444	410.342832	480.631840	2339.487102
  26.000	   0.600	       483.608	        74.294	    54.212	   456.974	   173.708	    95.969	     0.154	    12.487	449.658705	411.968329	481.972799	2338.866613
  26.200	   0.600	       486.840	        74.457	    53.435	   461.344	   167.025	    96.486	     0.151	    11.795	452.287876	415.274910	485.477749	2338.960651
  26.400	   0.600	       490.141	        74.542	    52.670	   465.502	   160.353	    96.938	     0.148	    11.127	454.947328	418.581174	488.653277	2338.605776
  26.600	   0.600	       493.940	        74.871	    51.903	   469.455	   153.635	    97.317	     0.145	    10.475	458.320032	422.597116	492.724378	2338.851824
  26.800	   0.600	       497.844	        75.452	    51.168	   473.212	   147.133	    97.673	     0.143	     9.866	461.455850	426.343329	496.488608	2338.982163
  27.000	   0.600	       501.384	        75.740	    50.481	   476.784	   141.104	    98.000	     0.140	     9.313	464.502920	429.949789	500.049116	2339.060489
  27.200	   0.600	       504.826	        76.155	    49.800	   480.181	   134.968	    98.317	     0.138	     8.777	467.782655	433.764053	503.671466	2339.347505
  27.400	   0.600	       507.678	        76.356	    49.192	   483.416	   129.751	    98.646	     0.135	     8.325	470.078818	436.523674	506.767050	2339.429938
  27.600	   0.600	       510.177	        76.514	    48.555	   486.499	   124.190	    98.979	     0.133	     7.870	471.920709	438.848881	508.852151	2338.984590
  27.800	   0.600	       512.052	        76.235	    47.927	   489.430	   118.698	    99.303	     0.131	     7.436	473.181780	440.602999	511.033337	2338.883567
  28.000	   0.600	       512.993	        75.577	    47.201	   492.207	   112.849	    99.655	     0.129	     7.000	473.543647	441.580781	511.890963	2338.084050
  28.200	   0.600	       513.213	        74.578	    46.428	   494.827	   106.542	   100.017	     0.127	     6.552	472.542201	441.257974	511.830848	2336.883642
  28.400	   0.600	       513.093	        73.535	    45.564	   497.275	    99.863	   100.375	     0.124	     6.094	472.154521	441.306005	511.675391	2335.568023
  28.600	   0.600	       512.550	        72.242	    44.624	   499.556	    93.043	   100.717	     0.121	     5.639	470.655422	440.241817	510.877872	2333.983475
  28.800	   0.600	       512.195	        71.575	    43.621	   501.658	    85.720	   101.072	     0.119	     5.166	470.086332	440.165736	510.720902	2333.242666
  29.000	   0.600	       512.512	        71.207	    42.578	   503.587	    78.896	   101.347	     0.116	     4.726	469.519022	440.175206	510.861597	2332.727273
  29.200	   0.600	       513.207	        71.459	    41.501	   505.346	    71.905	   101.616	     0.113	     4.285	469.618521	440.901546	511.409688	2332.317892
  29.400	   0.600	       514.157	        72.001	    40.442	   506.940	    65.171	   101.857	     0.110	     3.866	470.003708	441.893567	512.357326	2332.700292
  29.600	   0.600	       515.455	        72.539	    39.428	   508.382	    59.186	   102.028	     0.107	     3.493	470.671344	443.161926	513.766869	2332.991950
  29.800	   0.600	       516.335	        72.834	    38.443	   509.682	    53.342	   102.192	     0.104	     3.134	471.254481	444.278136	514.748589	2332.966337
  30.000	   0.600	       517.563	        73.455	    37.572	   510.852	    48.181	   102.331	     0.102	     2.819	472.352847	445.780623	516.179374	2333.392607
  30.200	   0.600	       518.581	        73.582	    36.722	   511.908	    43.528	   102.415	     0.099	     2.535	472.918315	446.717093	517.116127	2333.114886
  30.400	   0.600	       519.473	        73.691	    35.932	   512.858	    39.174	   102.494	     0.097	     2.272	473.606316	447.702809	518.101122	2333.190758
  30.600	   0.600	       520.273	        73.863	    35.153	   513.707	    34.874	   102.570	     0.095	     2.016	474.469093	448.860683	519.242276	2333.294697
  30.800	   0.600	       520.414	        73.493	    34.412	   514.460	    30.773	   102.642	     0.093	     1.773	474.063195	448.701863	519.156181	2332.557507
  31.000	   0.600	       520.929	        73.300	    33.606	   515.117	    26.681	   102.671	     0.090	     1.533	474.092897	449.076848	519.464775	2332.159167
  31.200	   0.600	       520.559	        72.399	    32.770	   515.678	    22.435	   102.701	     0.088	     1.285	473.192592	448.587007	519.267636	2331.341127
  31.400	   0.600	       519.844	        71.332	    31.906	   516.141	    18.060	   102.732	     0.086	     1.032	471.942705	447.788493	518.454902	2330.074203
  31.600	   0.600	       519.226	        70.561	    30.985	   516.501	    13.408	   102.764	     0.083	     0.765	470.726563	447.129106	517.771447	2329.144803
  31.800	   0.600	       518.735	        69.684	    30.029	   516.755	     8.955	   102.749	     0.081	     0.510	469.493120	446.658088	517.160847	2328.010595
  32.000	   0.600	       518.708	        69.411	    29.054	   516.908	     4.459	   102.730	     0.078	     0.254	468.114266	446.440867	517.072357	2327.495705
  32.200	   0.600	       518.864	        69.490	    28.112	   516.960	     0.129	   102.712	     0.075	     0.007	467.392702	446.811464	517.569221	2327.602448
  32.400	   0.600	       519.005	        69.719	    27.184	   516.914	    -4.112	   102.694	     0.073	    -0.234	466.560932	447.031969	517.545691	2327.490902
  32.600	   0.600	       520.003	        70.516	    26.330	   516.779	    -7.619	   102.627	     0.071	    -0.433	466.636029	448.058097	518.551692	2328.064129
  32.800	   0.600	       520.333	        70.791	    25.503	   516.565	   -10.994	   102.563	     0.068	    -0.625	466.281297	448.586203	519.136134	2328.227303
  33.000	   0.600	       520.372	        70.940	    24.757	   516.280	   -14.014	   102.506	     0.066	    -0.797	465.421514	448.523621	519.088578	2328.209018
  33.200	   0.600	       520.330	        71.160	    24.076	   515.928	   -16.738	   102.453	     0.065	    -0.953	465.260994	449.034688	519.356187	2328.224907
  33.400	   0.600	       519.438	        70.669	    23.477	   515.519	   -19.103	   102.408	     0.063	    -1.089	463.952112	448.193153	518.653362	2327.823146
  33.600	   0.600	       519.159	        70.660	    22.844	   515.056	   -21.421	   102.336	     0.061	    -1.223	462.881626	447.628504	518.137643	2327.439171
  33.800	   0.600	       518.463	        70.206	    22.227	   514.542	   -23.551	   102.251	     0.060	    -1.346	461.934738	447.165954	517.619290	2327.218217
  34.000	   0.600	       517.652	        69.748	    21.634	   513.979	   -25.575	   102.170	     0.058	    -1.464	460.603764	446.315887	516.751361	2326.546558
  34.200	   0.600	       516.652	        69.152	    21.013	   513.369	   -27.682	   102.086	     0.056	    -1.588	459.109465	445.318481	515.825834	2325.897162
  34.400	   0.600	       515.649	        68.630	    20.384	   512.709	   -29.796	   102.000	     0.055	    -1.713	457.439274	444.171971	514.672525	2325.141428
  34.600	   0.600	       514.429	        67.934	    19.714	   511.999	   -32.035	   101.909	     0.053	    -1.846	455.609184	442.910015	513.556093	2324.520857
  34.800	   0.600	       513.341	        67.491	    19.073	   511.238	   -34.140	   101.822	     0.051	    -1.973	454.023669	441.851795	512.344650	2323.900903
  35.000	   0.600	       512.323	        67.011	    18.424	   510.423	   -36.471	   101.713	     0.050	    -2.113	452.695256	441.072412	511.610988	2323.491379
  35.200	   0.600	       511.646	        67.006	    17.806	   509.556	   -38.653	   101.608	     0.048	    -2.247	451.296049	440.175062	510.608732	2323.054700
  35.400	   0.600	       510.957	        67.138	    17.230	   508.638	   -40.631	   101.512	     0.046	    -2.370	450.433109	439.781524	510.262171	2323.293952
  35.600	   0.600	       510.208	        67.396	    16.732	   507.677	   -42.269	   101.430	     0.045	    -2.475	449.391006	439.128465	509.590475	2323.536455
  35.800	   0.600	       509.572	        67.946	    16.313	   506.679	   -43.566	   101.361	     0.044	    -2.563	448.798546	438.812978	509.105975	2323.828973
  36.000	   0.600	       508.859	        68.599	    15.991	   505.656	   -44.457	   101.310	     0.043	    -2.629	447.793030	437.979281	508.244109	2324.406143
  36.200	   0.600	       507.462	        68.631	    15.687	   504.610	   -45.263	   101.262	     0.042	    -2.690	446.474032	436.819236	507.214918	2324.448663
  36.400	   0.600	       505.797	        68.474	    15.415	   503.545	   -45.923	   101.219	     0.042	    -2.745	444.857688	435.317885	505.442496	2324.188331
  36.600	   0.600	       503.737	        68.046	    15.213	   502.465	   -46.297	   101.189	     0.041	    -2.783	442.866410	433.366458	503.652656	2323.786178
  36.800	   0.600	       501.114	        67.107	    15.038	   501.376	   -46.555	   101.164	     0.041	    -2.816	440.427971	430.913381	501.089729	2322.790807
  37.000	   0.600	       499.135	        66.823	    14.863	   500.278	   -46.806	   101.138	     0.041	    -2.848	438.183024	428.672615	498.980411	2322.399740
  37.200	   0.600	       496.919	        66.283	    14.650	   499.165	   -47.646	   101.107	     0.040	    -2.917	436.175960	426.693077	496.898467	2322.072479
  37.400	   0.600	       494.791	        65.871	    14.445	   498.032	   -48.383	   101.078	     0.040	    -2.980	433.597882	424.141797	494.442623	2321.495454
  37.600	   0.600	       492.938	        65.746	    14.220	   496.876	   -49.227	   101.044	     0.039	    -3.052	432.002642	422.611424	492.816354	2321.324168
  37.800	   0.600	       490.630	        65.252	    14.038	   495.701	   -49.787	   101.019	     0.039	    -3.107	429.523182	420.146404	490.493246	2320.667026
  38.000	   0.600	       488.560	        65.036	    13.866	   494.510	   -50.269	   100.995	     0.038	    -3.158	427.699503	418.297030	488.564672	2320.515987
  38.200	   0.600	       486.460	        64.887	    13.760	   493.312	   -50.344	   100.982	     0.038	    -3.185	425.733674	416.232430	486.459395	2320.428161
  38.400	   0.600	       484.662	        65.152	    13.737	   492.111	   -49.919	   100.984	     0.038	    -3.182	424.605667	414.892995	484.926074	2320.457549
  38.600	   0.600	       483.282	        65.891	    13.775	   490.924	   -49.128	   100.996	     0.038	    -3.155	423.386870	413.342944	483.288889	2321.007939
  38.800	   0.600	       481.473	        66.248	    13.879	   489.757	   -47.959	   101.020	     0.039	    -3.103	422.430792	411.966371	481.974161	2321.577595
  39.000	   0.600	       479.567	        66.511	    14.026	   488.619	   -46.563	   101.052	     0.039	    -3.036	420.961245	410.064988	480.017272	2321.775092
  39.200	   0.600	       477.670	        66.841	    14.267	   487.517	   -44.631	   101.100	     0.040	    -2.932	419.878411	408.394354	478.262984	2322.001548
  39.400	   0.600	       475.060	        66.462	    14.576	   486.465	   -42.580	   101.161	     0.041	    -2.819	418.071249	405.836698	475.592833	2321.696697
  39.600	   0.600	       472.462	        66.043	    14.891	   485.452	   -41.038	   101.225	     0.042	    -2.738	416.124544	403.115160	473.070794	2321.296789
  39.800	   0.600	       469.885	        65.535	    15.171	   484.471	   -39.651	   101.282	     0.043	    -2.664	414.364327	400.576408	470.493754	2320.726711
  40.000	   0.600	       466.937	        64.581	    15.443	   483.524	   -38.317	   101.338	     0.044	    -2.593	412.019165	397.422038	467.475185	2319.968904
  40.200	   0.600	       464.309	        63.866	    15.694	   482.604	   -37.081	   101.390	     0.045	    -2.526	410.441268	395.037181	464.855469	2319.240454
  40.400	   0.600	       461.897	        63.346	    15.971	   481.715	   -35.770	   101.447	     0.045	    -2.453	408.649695	392.375513	462.430416	2318.760730
  40.600	   0.600	       459.643	        62.891	    16.220	   480.855	   -34.578	   101.499	     0.046	    -2.386	407.542262	390.341156	460.310277	2318.397512
  40.800	   0.600	       457.864	        62.886	    16.490	   480.024	   -33.331	   101.555	     0.047	    -2.315	406.706850	388.556324	458.314908	2318.352049
  41.000	   0.600	       456.237	        63.013	    16.784	   479.221	   -32.015	   101.616	     0.048	    -2.237	406.380075	387.185255	456.946642	2318.450842
  41.200	   0.600	       454.526	        63.044	    17.113	   478.450	   -30.597	   101.683	     0.049	    -2.151	405.558811	385.155823	455.133887	2318.344662
  41.400	   0.600	       452.904	        63.172	    17.496	   477.715	   -29.007	   101.760	     0.050	    -2.052	405.646282	383.840528	453.675705	2318.550758
  41.600	   0.600	       450.946	        62.891	    17.901	   477.019	   -27.398	   101.838	     0.052	    -1.950	405.543704	382.178032	451.763110	2318.434699
  41.800	   0.600	       449.426	        62.964	    18.381	   476.362	   -25.673	   101.915	     0.053	    -1.837	405.897012	380.698272	450.398421	2318.434808
  42.000	   0.600	       448.042	        63.122	    18.887	   475.749	   -23.892	   101.996	     0.055	    -1.719	406.539856	379.258259	448.959395	2318.525450
  42.200	   0.600	       446.189	        62.753	    19.413	   475.180	   -22.067	   102.080	     0.056	    -1.596	406.804163	377.338141	447.197037	2318.287938
  42.400	   0.600	       444.715	        62.647	    19.899	   474.653	   -20.394	   102.158	     0.058	    -1.482	407.616653	375.817624	445.616462	2318.223367
  42.600	   0.600	       442.414	        61.608	    20.350	   474.168	   -18.849	   102.231	     0.059	    -1.376	407.737671	373.470278	443.359265	2317.533372
  42.800	   0.600	       440.138	        60.521	    20.792	   473.719	   -17.349	   102.302	     0.061	    -1.272	407.997143	371.139610	440.842389	2316.407395
  43.000	   0.600	       438.105	        59.577	    21.197	   473.305	   -15.983	   102.368	     0.062	    -1.177	408.439478	368.937077	438.763973	2315.512902
  43.200	   0.600	       436.092	        58.430	    21.555	   472.923	   -14.686	   102.409	     0.063	    -1.085	409.189414	367.025772	436.742086	2314.511898
  43.400	   0.600	       434.619	        57.668	    21.844	   472.572	   -13.590	   102.436	     0.064	    -1.006	410.098313	365.394470	435.194257	2313.940897
  43.600	   0.600	       433.793	        57.495	    22.097	   472.244	   -12.631	   102.459	     0.065	    -0.938	411.685956	364.467948	434.204748	2313.578825
  43.800	   0.600	       432.729	        57.040	    22.340	   471.940	   -11.713	   102.481	     0.065	    -0.872	412.903592	363.069267	433.078635	2313.286728
  44.000	   0.600	       432.177	        57.069	    22.605	   471.660	   -10.728	   102.505	     0.066	    -0.800	415.618354	362.957705	432.683726	2313.380350
  44.200	   0.600	       431.456	        56.880	    22.848	   471.402	    -9.826	   102.527	     0.067	    -0.734	417.609575	362.094668	431.890970	2313.072476
  44.400	   0.600	       430.747	        56.667	    23.091	   471.167	    -8.934	   102.548	     0.068	    -0.669	419.792935	361.166577	431.097903	2312.872226
  44.600	   0.600	       430.026	        56.403	    23.331	   470.954	    -8.058	   102.570	     0.069	    -0.604	422.285577	360.517318	430.570371	2312.675996
  44.800	   0.600	       429.063	        55.870	    23.596	   470.766	    -7.101	   102.594	     0.069	    -0.534	424.514996	359.570991	429.436332	2312.225362
  45.000	   0.600	       428.168	        55.347	    23.813	   470.599	    -6.317	   102.613	     0.070	    -0.475	426.991511	358.775278	428.781538	2311.854350
  45.200	   0.600	       427.302	        54.810	    24.007	   470.451	    -5.618	   102.631	     0.071	    -0.423	429.105941	357.737034	427.631242	2311.333295
  45.400	   0.600	       426.305	        54.108	    24.186	   470.320	    -4.975	   102.647	     0.071	    -0.375	431.275673	356.749202	426.671000	2310.583677
  45.600	   0.600	       425.234	        53.486	    24.318	   470.199	    -4.647	   102.686	     0.072	    -0.351	433.274522	355.655668	425.543877	2310.071041
  45.800	   0.600	       424.330	        52.762	    24.387	   470.086	    -4.359	   102.687	     0.072	    -0.330	434.916818	354.389282	424.414626	2309.447112
  46.000	   0.600	       423.263	        51.866	    24.396	   469.977	    -4.302	   102.687	     0.072	    -0.325	436.219011	353.384067	423.295218	2308.626445
  46.200	   0.600	       422.529	        51.307	    24.354	   469.867	    -4.433	   102.687	     0.072	    -0.336	437.290162	352.390568	422.317426	2307.869653
  46.400	   0.600	       421.726	        50.685	    24.278	   469.752	    -4.697	   102.685	     0.072	    -0.356	438.500329	351.598138	421.603438	2307.353941
  46.600	   0.600	       421.192	        50.102	    24.194	   469.633	    -4.807	   102.650	     0.071	    -0.364	439.948194	351.129719	421.100048	2306.899055
  46.800	   0.600	       421.217	        50.276	    24.087	   469.508	    -5.147	   102.642	     0.071	    -0.390	441.382340	350.853558	420.947881	2306.826703
  47.000	   0.600	       420.936	        50.148	    23.957	   469.375	    -5.564	   102.631	     0.071	    -0.422	442.656596	350.380478	420.608502	2306.708136
  47.200	   0.600	       420.644	        50.032	    23.842	   469.232	    -5.926	   102.622	     0.070	    -0.450	444.521887	350.437614	420.531154	2306.904048
  47.400	   0.600	       420.476	        50.064	    23.756	   469.081	    -6.189	   102.615	     0.070	    -0.470	446.157374	350.207496	420.186967	2306.778746
  47.600	   0.600	       420.053	        49.845	    23.644	   468.922	    -6.537	   102.606	     0.070	    -0.497	447.577189	349.743921	419.824396	2306.343996
  47.800	   0.600	       419.381	        49.379	    23.510	   468.753	    -6.961	   102.595	     0.069	    -0.530	448.808122	349.162887	419.113936	2306.056559
  48.000	   0.600	       418.740	        48.968	    23.387	   468.573	    -7.341	   102.585	     0.069	    -0.559	450.067519	348.652103	418.698493	2305.635868
  48.200	   0.600	       417.951	        48.414	    23.238	   468.383	    -7.807	   102.573	     0.069	    -0.595	450.542486	347.491104	417.606399	2304.978724
  48.400	   0.600	       417.532	        48.242	    23.072	   468.179	    -8.328	   102.560	     0.068	    -0.636	451.829628	347.194657	417.357315	2304.906282
  48.600	   0.600	       417.048	        48.024	    22.900	   467.962	    -8.868	   102.546	     0.068	    -0.678	452.705796	346.690132	416.640473	2304.546748
  48.800	   0.600	       416.635	        47.880	    22.681	   467.729	    -9.561	   102.528	     0.067	    -0.732	453.206213	345.998959	416.179154	2304.316188
  49.000	   0.600	       416.340	        47.867	    22.434	   467.478	   -10.346	   102.507	     0.066	    -0.793	453.956228	345.610502	416.042430	2304.276690
  49.200	   0.600	       415.571	        47.409	    22.185	   467.209	   -11.129	   102.487	     0.066	    -0.854	454.326670	344.980258	415.125705	2303.882713
  49.400	   0.600	       414.956	        47.141	    21.948	   466.921	   -11.869	   102.467	     0.065	    -0.912	454.614881	344.309429	414.537667	2303.601271
  49.600	   0.600	       414.458	        47.015	    21.699	   466.613	   -12.641	   102.447	     0.064	    -0.973	454.683400	343.726688	414.014703	2303.394123
  49.800	   0.600	       413.738	        46.705	    21.468	   466.287	   -13.344	   102.428	     0.064	    -1.029	455.211045	343.485976	413.526408	2303.114508
  50.000	   0.600	       413.499	        46.920	    21.273	   465.943	   -13.923	   102.413	     0.063	    -1.075	455.866403	343.425547	413.320906	2303.289862
  50.200	   0.600	       413.338	        47.229	    21.053	   465.582	   -14.579	   102.395	     0.062	    -1.128	455.859966	342.808934	412.962427	2303.454098
  50.400	   0.600	       412.813	        47.132	    20.836	   465.205	   -15.172	   102.368	     0.062	    -1.176	456.208515	342.530271	412.456603	2303.451109
  50.600	   0.600	       412.592	        47.358	    20.649	   464.813	   -15.644	   102.341	     0.061	    -1.215	456.820683	342.481263	412.427333	2303.672663
  50.800	   0.600	       411.968	        47.184	    20.442	   464.408	   -16.169	   102.311	     0.061	    -1.259	456.454751	341.485542	411.503958	2303.293871
  51.000	   0.600	       411.177	        46.864	    20.238	   463.991	   -16.684	   102.282	     0.060	    -1.301	456.322977	340.602272	410.893633	2303.124641
  51.200	   0.600	       410.528	        46.716	    20.045	   463.562	   -17.161	   102.255	     0.060	    -1.342	456.542322	340.101253	410.157309	2302.875403
  51.400	   0.600	       409.807	        46.493	    19.828	   463.119	   -17.704	   102.223	     0.059	    -1.387	455.966691	338.957811	409.356079	2302.486705
  51.600	   0.600	       409.324	        46.518	    19.599	   462.663	   -18.279	   102.190	     0.058	    -1.436	456.152266	338.442309	408.864787	2302.725687
  51.800	   0.600	       408.624	        46.377	    19.402	   462.193	   -18.754	   102.162	     0.058	    -1.477	456.660969	338.317993	408.421875	2302.755274
  52.000	   0.600	       408.126	        46.461	    19.205	   461.710	   -19.224	   102.134	     0.057	    -1.517	456.943263	337.588167	407.668981	2302.414076
  52.200	   0.600	       407.663	        46.561	    18.967	   461.213	   -19.806	   102.100	     0.057	    -1.567	457.431009	337.106431	407.355318	2302.618436
  52.400	   0.600	       406.860	        46.384	    18.771	   460.702	   -20.262	   102.072	     0.056	    -1.608	458.045087	336.759492	406.738066	2302.471854
  52.600	   0.600	       406.083	        46.271	    18.594	   460.178	   -20.654	   102.048	     0.056	    -1.644	458.350612	336.064365	405.957202	2302.181887
  52.800	   0.600	       405.478	        46.312	    18.377	   459.640	   -21.163	   102.016	     0.055	    -1.689	458.467037	334.972861	405.207289	2302.269562
  53.000	   0.600	       404.649	        46.160	    18.173	   459.091	   -21.624	   101.988	     0.054	    -1.731	458.701076	334.095486	404.213063	2302.054200
  53.200	   0.600	       404.108	        46.338	    17.992	   458.529	   -22.013	   101.962	     0.054	    -1.768	459.849529	334.047778	403.977782	2302.203798
  53.400	   0.600	       403.593	        46.530	    17.780	   457.955	   -22.489	   101.932	     0.053	    -1.812	460.101742	333.005516	403.404649	2302.262585
  53.600	   0.600	       402.872	        46.515	    17.552	   457.370	   -23.007	   101.900	     0.053	    -1.860	460.476340	332.028093	402.489746	2302.344676
  53.800	   0.600	       402.204	        46.632	    17.388	   456.776	   -23.333	   101.877	     0.052	    -1.893	461.497680	331.924160	402.090325	2302.465833
  54.000	   0.600	       401.503	        46.718	    17.211	   456.171	   -23.690	   101.853	     0.052	    -1.928	461.616374	330.889399	401.282747	2302.545863
  54.200	   0.600	       400.570	        46.580	    17.027	   455.557	   -24.065	   101.827	     0.051	    -1.966	461.861562	329.996527	400.356831	2302.413448
  54.400	   0.600	       399.573	        46.407	    16.882	   454.933	   -24.344	   101.804	     0.051	    -1.996	462.459609	329.687375	399.483348	2302.464237
  54.600	   0.600	       398.697	        46.356	    16.732	   454.298	   -24.647	   101.779	     0.051	    -2.028	462.213129	328.525107	398.413925	2301.915718
  54.800	   0.600	       397.786	        46.216	    16.526	   453.651	   -25.124	   101.743	     0.050	    -2.075	462.351214	327.700637	397.748675	2302.085506
  55.000	   0.600	       396.943	        46.201	    16.349	   452.992	   -25.500	   101.712	     0.050	    -2.114	462.918083	326.954927	396.773680	2302.195639
  55.200	   0.600	       396.167	        46.278	    16.177	   452.320	   -25.856	   101.683	     0.049	    -2.152	463.217782	326.046896	395.853578	2301.859118
  55.400	   0.600	       395.714	        46.579	    15.911	   451.634	   -26.502	   101.634	     0.048	    -2.213	463.005864	324.671741	395.127494	2301.955723
  55.600	   0.600	       394.801	        46.493	    15.688	   450.935	   -27.008	   101.595	     0.048	    -2.264	463.449812	324.124715	394.494751	2302.249559
  55.800	   0.600	       394.013	        46.583	    15.489	   450.223	   -27.428	   101.560	     0.047	    -2.309	463.717751	323.263706	393.552065	2302.027250
  56.000	   0.600	       393.303	        46.670	    15.211	   449.498	   -28.092	   101.509	     0.046	    -2.374	464.020082	321.825527	392.631324	2302.092717
  56.200	   0.600	       392.042	        46.212	    14.917	   448.757	   -28.795	   101.455	     0.046	    -2.443	465.308004	320.960233	391.623276	2302.159145
  56.400	   0.600	       390.866	        45.954	    14.697	   447.999	   -29.260	   101.416	     0.045	    -2.493	467.443510	320.542705	390.498093	2301.768846
  56.600	   0.600	       389.861	        45.811	    14.409	   447.223	   -29.928	   101.363	     0.044	    -2.560	469.360229	319.192691	389.472732	2301.467578
  56.800	   0.600	       388.691	        45.459	    14.061	   446.425	   -30.771	   101.298	     0.043	    -2.643	471.757773	318.148730	388.489415	2301.200572
  57.000	   0.600	       387.622	        45.302	    13.760	   445.604	   -31.455	   101.243	     0.042	    -2.714	474.644729	317.790632	387.268373	2301.033094
  57.200	   0.600	       387.099	        45.775	    13.498	   444.760	   -32.009	   101.195	     0.041	    -2.775	476.285203	316.929200	386.850064	2301.113499
  57.400	   0.600	       386.528	        46.090	    13.121	   443.895	   -33.050	   101.125	     0.040	    -2.878	477.360646	315.616233	385.913773	2301.453966
  57.600	   0.600	       385.972	        46.564	    12.808	   442.995	   -34.250	   101.070	     0.039	    -2.998	479.448738	315.550548	385.511450	2302.053559
  57.800	   0.600	       385.353	        47.000	    12.469	   442.057	   -35.552	   101.009	     0.038	    -3.128	480.687950	314.710293	384.767478	2302.171276
  58.000	   0.600	       384.475	        47.122	    12.040	   441.083	   -37.267	   100.931	     0.037	    -3.295	480.503499	312.604008	383.763060	2302.151438
  58.200	   0.600	       383.266	        47.106	    11.732	   440.079	   -38.371	   100.876	     0.036	    -3.412	481.872923	312.311004	383.044639	2302.647176
  58.400	   0.600	       381.932	        47.075	    11.484	   439.048	   -39.166	   100.833	     0.036	    -3.505	482.435559	311.059443	381.441279	2302.551615
  58.600	   0.600	       380.971	        47.351	    11.146	   437.988	   -40.375	   100.773	     0.035	    -3.635	481.529156	309.119313	379.974989	2302.609864
  58.800	   0.600	       379.912	        47.626	    10.852	   436.899	   -41.349	   100.721	     0.034	    -3.746	481.439272	309.339240	379.690659	2303.561994
  59.000	   0.600	       378.420	        47.682	    10.706	   435.784	   -41.599	   100.697	     0.033	    -3.796	481.027096	308.915387	378.190994	2303.147300
  59.200	   0.600	       377.517	        48.238	    10.454	   434.643	   -42.333	   100.654	     0.033	    -3.890	478.590144	307.327296	377.093072	2303.297988
  59.400	   0.600	       376.392	        48.560	    10.184	   433.478	   -43.013	   100.602	     0.032	    -3.981	475.873122	306.175160	376.150927	2303.975819
  59.600	   0.600	       374.684	        48.414	    10.026	   432.303	   -42.996	   100.569	     0.031	    -4.009	474.315684	305.588011	374.717709	2303.876531
  59.800	   0.600	       374.285	        49.544	     9.841	   431.121	   -43.044	   100.528	     0.031	    -4.043	471.891483	303.767713	373.822295	2303.991841
  60.000	   0.600	       373.333	        49.868	     9.497	   429.932	   -43.490	   100.445	     0.030	    -4.112	469.153677	301.631664	372.660267	2304.830630
  60.200	   0.600	       372.214	        50.409	     9.390	   428.741	   -43.332	   100.424	     0.030	    -4.130	466.291227	301.585396	372.072767	2305.398081
  60.400	   0.600	       371.737	        51.628	     9.312	   427.554	   -43.101	   100.410	     0.030	    -4.141	463.633234	301.030797	371.534390	2306.209122
  60.600	   0.600	       370.815	        52.258	     9.153	   426.373	   -43.078	   100.375	     0.029	    -4.171	460.285584	298.613733	370.406170	2307.088954
  60.800	   0.600	       369.411	        52.595	     9.121	   425.199	   -42.738	   100.374	     0.029	    -4.172	460.195749	299.222371	369.523285	2308.299970
  61.000	   0.600	       367.608	        52.800	     9.267	   424.033	   -41.968	   100.419	     0.030	    -4.134	459.780761	298.598700	367.999025	2308.082569
  61.200	   0.600	       365.667	        52.699	     9.321	   422.876	   -41.433	   100.440	     0.030	    -4.117	458.168664	295.716830	365.882465	2307.760069
  61.400	   0.600	       363.639	        52.493	     9.376	   421.730	   -40.902	   100.461	     0.030	    -4.099	458.906486	295.034436	364.416047	2308.242574
  61.600	   0.600	       361.575	        52.566	     9.645	   420.595	   -39.861	   100.539	     0.031	    -4.034	460.063279	294.596095	362.553663	2307.620110
  61.800	   0.600	       360.791	        53.588	     9.718	   419.471	   -39.305	   100.566	     0.031	    -4.011	459.238291	291.422314	360.986177	2307.842074
  62.000	   0.600	       359.910	        54.305	     9.673	   418.358	   -39.039	   100.561	     0.031	    -4.016	459.486669	289.637881	359.732974	2309.228051
  62.200	   0.600	       358.503	        54.664	     9.750	   417.256	   -38.489	   100.588	     0.032	    -3.993	460.766425	289.599973	358.624646	2309.573707
  62.400	   0.600	       358.098	        55.851	     9.727	   416.165	   -38.181	   100.589	     0.032	    -3.992	459.333438	286.650944	357.427340	2309.559828
  62.600	   0.600	       356.777	        55.820	     9.523	   415.084	   -38.304	   100.541	     0.031	    -4.033	458.953759	283.766389	356.155285	2310.571788
  62.800	   0.600	       354.365	        55.084	     9.588	   414.022	   -37.802	   100.565	     0.031	    -4.012	462.358617	283.625449	354.433239	2310.708678
  63.000	   0.600	       352.898	        55.400	     9.734	   412.975	   -37.166	   100.612	     0.032	    -3.979	464.537657	282.426351	352.954957	2310.355426
  63.200	   0.600	       351.697	        55.702	     9.728	   411.946	   -36.807	   100.616	     0.032	    -3.970	464.934399	279.585202	351.489635	2311.027192
  63.400	   0.600	       349.409	        55.094	     9.902	   410.934	   -35.700	   100.657	     0.033	    -3.882	468.940210	281.283899	350.270100	2311.727032
  63.600	   0.600	       348.383	        55.914	    10.245	   409.937	   -33.893	   100.734	     0.034	    -3.718	471.454334	281.590163	349.238488	2311.177385
  63.800	   0.600	       347.614	        56.673	    10.331	   408.954	   -33.185	   100.757	     0.034	    -3.669	470.709143	278.666399	348.167988	2311.206987
  64.000	   0.600	       346.029	        56.547	    10.379	   407.984	   -32.649	   100.772	     0.035	    -3.636	472.255670	278.276796	347.006729	2312.268487
  64.200	   0.600	       344.996	        57.181	    10.629	   407.029	   -31.279	   100.830	     0.036	    -3.512	473.420145	278.035678	345.470079	2311.674915
  64.400	   0.600	       344.624	        58.062	    10.531	   406.083	   -31.363	   100.814	     0.035	    -3.546	469.645664	273.168903	344.060458	2311.537006
  64.600	   0.600	       343.488	        57.970	    10.264	   405.148	   -32.147	   100.763	     0.034	    -3.656	468.648916	271.070607	342.886525	2312.620581
  64.800	   0.600	       342.158	        57.969	    10.267	   404.224	   -31.820	   100.769	     0.035	    -3.644	470.559646	272.100946	342.151638	2312.915240
  65.000	   0.600	       341.738	        58.765	    10.184	   403.311	   -31.848	   100.756	     0.034	    -3.671	468.094838	268.410026	340.882035	2312.469036
  65.200	   0.600	       340.668	        58.643	     9.877	   402.407	   -32.790	   100.696	     0.033	    -3.800	466.746239	266.600855	340.235644	2314.288131
  65.400	   0.600	       338.653	        58.083	    10.034	   401.512	   -31.847	   100.734	     0.034	    -3.719	470.229935	269.779834	339.353637	2314.848382
  65.600	   0.600	       337.650	        58.681	    10.338	   400.625	   -30.325	   100.803	     0.035	    -3.569	470.718635	269.330940	338.125620	2314.165636
  65.800	   0.600	       336.991	        59.308	    10.372	   399.746	   -29.897	   100.815	     0.035	    -3.543	469.498477	266.640395	337.253704	2315.006524
  66.000	   0.600	       334.965	        58.800	    10.634	   398.879	   -28.571	   100.876	     0.036	    -3.412	473.889599	270.019098	336.473028	2315.681077
  66.200	   0.600	       334.494	        60.000	    11.050	   398.021	   -26.648	   100.971	     0.038	    -3.209	474.719287	269.573556	335.283057	2314.494343
  66.400	   0.600	       334.819	        61.443	    10.980	   397.172	   -26.664	   100.961	     0.038	    -3.231	471.299378	264.571784	334.502665	2315.159392
  66.600	   0.600	       333.763	        61.369	    10.800	   396.333	   -27.108	   100.927	     0.037	    -3.304	471.723657	263.914597	333.518171	2316.603326
  66.800	   0.600	       333.182	        62.061	    10.902	   395.506	   -26.453	   100.954	     0.038	    -3.246	473.256186	264.236857	332.731358	2315.942001
  67.000	   0.600	       333.805	        63.459	    10.563	   394.687	   -27.522	   100.885	     0.036	    -3.393	468.603695	257.943070	331.931983	2316.157895
  67.200	   0.600	       332.368	        62.655	    10.110	   393.880	   -29.027	   100.792	     0.035	    -3.594	468.430969	256.620141	331.304321	2317.788410
  67.400	   0.600	       330.486	        61.989	    10.206	   393.083	   -28.402	   100.817	     0.035	    -3.540	472.819203	260.196183	330.897830	2317.986658
  67.600	   0.600	       330.076	        62.799	    10.318	   392.296	   -27.720	   100.846	     0.036	    -3.478	471.610592	256.987187	329.662159	2317.236757
  67.800	   0.600	       328.496	        62.200	    10.227	   391.519	   -27.828	   100.830	     0.036	    -3.511	472.889307	256.346318	328.995948	2319.264577
  68.000	   0.600	       326.437	        61.761	    10.741	   390.753	   -25.625	   100.947	     0.037	    -3.260	480.762715	263.081007	328.946840	2319.625387
  68.200	   0.600	       326.222	        63.211	    11.315	   389.994	   -23.220	   101.078	     0.040	    -2.979	481.557338	262.322834	327.927243	2318.118104
  68.400	   0.600	       326.307	        64.338	    11.320	   389.244	   -22.984	   101.084	     0.040	    -2.966	478.838408	257.822206	327.064275	2319.244189
  68.600	   0.600	       324.958	        64.172	    11.474	   388.503	   -22.194	   101.123	     0.040	    -2.883	483.082500	261.495541	326.514850	2320.208231
  68.800	   0.600	       325.126	        65.653	    11.751	   387.768	   -21.255	   101.191	     0.041	    -2.780	481.395412	258.980757	325.018306	2318.305621
  69.000	   0.600	       326.083	        67.110	    11.292	   387.040	   -22.463	   101.092	     0.040	    -2.949	474.423535	250.623837	323.857990	2319.296977
  69.200	   0.600	       324.865	        66.295	    10.749	   386.322	   -24.281	   100.976	     0.038	    -3.198	474.534701	250.514805	323.236325	2321.471441
  69.400	   0.600	       323.910	        66.286	    10.723	   385.610	   -24.169	   100.975	     0.038	    -3.201	475.913345	252.116134	322.787498	2320.150665
  69.600	   0.600	       324.527	        67.421	    10.304	   384.904	   -25.516	   100.886	     0.036	    -3.392	470.219944	245.158656	322.445035	2320.844271
  69.800	   0.600	       322.532	        66.008	     9.951	   384.200	   -26.608	   100.811	     0.035	    -3.552	472.371774	246.432261	321.953781	2323.523750
  70.000	   0.600	       320.095	        65.062	    10.463	   383.505	   -24.515	   100.930	     0.037	    -3.298	480.246144	253.999149	321.702982	2323.293157
  70.200	   0.600	       320.209	        66.645	    10.973	   382.820	   -22.452	   101.048	     0.039	    -3.044	478.937754	251.323558	321.048351	2322.079934
  70.400	   0.600	       318.919	        66.399	    11.093	   382.143	   -21.823	   101.080	     0.040	    -2.976	480.324416	251.208146	320.445219	2324.372265
  70.600	   0.600	       317.132	        66.297	    11.816	   381.471	   -19.653	   101.251	     0.042	    -2.703	489.113811	259.703660	320.376009	2323.744922
  70.800	   0.600	       318.098	        68.760	    12.356	   380.793	   -18.277	   101.384	     0.044	    -2.534	486.543552	255.935339	319.475474	2321.420797
  71.000	   0.600	       319.246	        70.353	    11.936	   380.125	   -19.080	   101.290	     0.043	    -2.655	479.649136	247.358698	318.386179	2322.966356
  71.200	   0.600	       318.123	        69.800	    11.651	   379.471	   -19.577	   101.227	     0.042	    -2.734	483.310431	251.016519	317.989315	2324.670050
  71.400	   0.600	       319.116	        71.554	    11.550	   378.822	   -19.659	   101.208	     0.042	    -2.759	479.387807	246.975595	317.212616	2322.312613
  71.600	   0.600	       320.164	        72.470	    10.607	   378.178	   -22.474	   100.995	     0.038	    -3.157	469.994539	236.188009	316.570186	2324.087627
  71.800	   0.600	       317.919	        70.385	     9.933	   377.531	   -24.696	   100.846	     0.036	    -3.477	473.912298	239.751395	316.601572	2327.380233
  72.000	   0.600	       315.863	        69.522	    10.259	   376.895	   -23.353	   100.924	     0.037	    -3.309	479.140558	244.959790	316.234619	2325.423416
  72.200	   0.600	       315.963	        70.475	    10.270	   376.264	   -23.136	   100.931	     0.037	    -3.295	474.619840	238.252811	315.622408	2325.829090
  72.400	   0.600	       313.050	        68.587	    10.455	   375.639	   -22.309	   100.977	     0.038	    -3.196	481.837012	244.057477	315.241100	2329.357236
  72.600	   0.600	       310.444	        68.070	    11.670	   375.026	   -18.555	   101.264	     0.043	    -2.687	493.771534	255.568570	314.789816	2327.655050
  72.800	   0.600	       311.971	        71.304	    12.507	   374.408	   -16.590	   101.470	     0.046	    -2.424	490.029557	249.900220	313.995241	2325.356072
  73.000	   0.600	       312.104	        72.167	    12.435	   373.799	   -16.621	   101.457	     0.046	    -2.440	489.480747	247.636056	313.758265	2328.543393
  73.200	   0.600	       311.202	        72.539	    12.885	   373.191	   -15.521	   101.571	     0.047	    -2.295	496.556803	255.053222	312.905813	2327.552781
  73.400	   0.600	       313.892	        75.988	    12.845	   372.581	   -15.487	   101.566	     0.047	    -2.301	487.058518	245.035008	311.611414	2324.687508
  73.600	   0.600	       315.573	        77.054	    11.521	   371.986	   -18.226	   101.251	     0.042	    -2.704	474.779188	231.671407	310.736453	2327.719428
  73.800	   0.600	       313.310	        74.688	    10.685	   371.401	   -20.367	   101.057	     0.039	    -3.024	479.913701	237.779175	310.546915	2329.839178
  74.000	   0.600	       313.523	        75.449	    10.471	   370.818	   -20.945	   101.012	     0.039	    -3.122	475.743707	233.975565	310.252623	2326.754228
  74.200	   0.600	       313.430	        75.143	     9.508	   370.227	   -24.088	   100.793	     0.035	    -3.592	466.455713	222.981713	310.087592	2329.464769
  74.400	   0.600	       309.199	        71.554	     9.379	   369.636	   -24.362	   100.766	     0.035	    -3.648	478.336315	234.550224	310.823122	2333.598503
  74.600	   0.600	       306.440	        70.959	    10.759	   369.062	   -19.502	   101.090	     0.040	    -2.953	489.802210	245.939603	310.694452	2330.411108
  74.800	   0.600	       307.404	        73.463	    11.532	   368.498	   -17.465	   101.280	     0.043	    -2.667	485.083027	238.256519	309.958264	2330.299391
  75.000	   0.600	       305.000	        72.418	    12.139	   367.940	   -16.065	   101.433	     0.045	    -2.472	496.154525	247.980844	310.216548	2334.073921
  75.200	   0.600	       303.658	        73.402	    13.672	   367.374	   -12.733	   101.815	     0.051	    -1.983	508.549760	260.862192	309.785682	2330.503602
  75.400	   0.600	       307.785	        78.594	    14.077	   366.796	   -11.866	   101.900	     0.053	    -1.860	495.278663	245.915555	307.969432	2326.888646
  75.600	   0.600	       309.289	        79.727	    12.923	   366.234	   -14.089	   101.639	     0.048	    -2.207	488.077905	237.406268	307.457094	2331.800083
  75.800	   0.600	       308.276	        78.962	    12.480	   365.689	   -14.908	   101.535	     0.047	    -2.341	492.818208	243.910351	306.336369	2330.665359
  76.000	   0.600	       311.466	        81.968	    11.628	   365.147	   -16.574	   101.330	     0.044	    -2.603	476.515078	227.417979	304.907374	2327.535895
  76.200	   0.600	       312.377	        81.469	     9.552	   364.600	   -22.379	   100.837	     0.036	    -3.497	462.742198	212.119335	304.595856	2333.309031
  76.400	   0.600	       307.167	        76.284	     8.872	   364.047	   -24.490	   100.681	     0.033	    -3.832	476.641265	227.347594	305.637216	2336.443317
  76.600	   0.600	       305.623	        76.193	     9.613	   363.503	   -21.882	   100.858	     0.036	    -3.452	477.859815	228.194705	305.316044	2331.983448
  76.800	   0.600	       304.669	        75.950	     9.631	   362.966	   -21.676	   100.866	     0.036	    -3.435	472.862441	219.767589	305.038041	2336.011166
  77.000	   0.600	       298.910	        71.968	    10.732	   362.441	   -17.929	   101.130	     0.040	    -2.869	495.697516	241.684260	305.703937	2339.933684
  77.200	   0.600	       297.107	        73.505	    13.347	   361.921	   -12.427	   101.783	     0.051	    -2.023	511.130832	257.054862	305.420720	2333.539633
  77.400	   0.600	       301.124	        78.992	    14.317	   361.389	   -10.527	   101.990	     0.055	    -1.728	499.075659	241.535903	303.946231	2332.414984
  77.600	   0.600	       300.690	        79.171	    14.255	   360.863	   -10.557	   101.982	     0.054	    -1.740	507.186684	248.852571	304.045560	2336.952669
  77.800	   0.600	       301.843	        81.492	    14.896	   360.332	    -9.304	   102.116	     0.057	    -1.545	513.641095	257.495987	303.560406	2331.589553
  78.000	   0.600	       308.153	        87.604	    13.792	   359.804	   -11.230	   101.897	     0.053	    -1.864	485.391041	228.139446	301.282484	2328.035877
  78.200	   0.600	       309.484	        86.751	    10.927	   359.300	   -16.829	   101.201	     0.042	    -2.768	472.147798	214.230137	300.780934	2336.347370
  78.400	   0.600	       305.996	        82.734	     9.761	   358.801	   -20.168	   100.923	     0.037	    -3.312	480.618832	226.189777	301.014560	2335.446053
  78.600	   0.600	       307.035	        83.643	     8.982	   358.293	   -22.541	   100.740	     0.034	    -3.704	463.188677	208.358652	300.423014	2331.482829
  78.800	   0.600	       305.206	        80.613	     7.455	   357.767	   -25.843	   100.305	     0.028	    -4.229	456.213765	198.504226	300.963400	2340.085713
  79.000	   0.600	       295.807	        73.186	     8.437	   357.258	   -24.007	   100.616	     0.032	    -3.970	487.449460	230.554533	302.371995	2343.347745
  79.200	   0.600	       293.612	        74.473	    11.308	   356.768	   -15.564	   101.316	     0.043	    -2.620	496.459163	238.160942	301.684044	2335.560362
  79.400	   0.600	       294.738	        77.541	    12.637	   356.288	   -12.844	   101.656	     0.049	    -2.186	493.859449	230.426270	301.156249	2340.085388
  79.600	   0.600	       290.946	        75.864	    14.414	   355.810	    -9.481	   102.055	     0.056	    -1.633	523.198943	259.407372	301.298775	2343.448491
  79.800	   0.600	       293.558	        80.674	    16.955	   355.299	    -4.730	   102.496	     0.066	    -0.825	531.638006	269.482987	300.394964	2333.032752
  80.000	   0.600	       302.112	        89.612	    16.336	   354.797	    -5.877	   102.428	     0.064	    -1.028	500.577298	235.162549	297.923339	2332.146498
  80.200	   0.600	       302.565	        89.019	    13.998	   354.311	    -9.988	   101.982	     0.054	    -1.740	499.357988	234.446897	296.998368	2339.333847
  80.400	   0.600	       303.183	        89.272	    12.871	   353.846	   -11.959	   101.738	     0.050	    -2.081	496.914789	236.156404	295.811347	2332.837790
  80.600	   0.600	       309.324	        93.342	    10.210	   353.379	   -17.406	   101.068	     0.039	    -3.001	456.006583	194.158964	294.130400	2330.627883
  80.800	   0.600	       306.978	        87.418	     6.561	   352.883	   -26.154	   100.055	     0.025	    -4.438	447.741823	184.888814	294.782651	2343.409037
  81.000	   0.600	       298.019	        79.069	     6.564	   352.406	   -26.028	   100.059	     0.025	    -4.435	473.356122	214.006244	296.578224	2342.543220
  81.200	   0.600	       296.007	        79.475	     7.931	   351.930	   -23.587	   100.495	     0.031	    -4.071	464.280424	202.297558	296.940956	2337.172432
  81.400	   0.600	       291.589	        76.444	     8.606	   351.453	   -21.906	   100.691	     0.033	    -3.811	472.670207	205.004291	298.311256	2347.925780
  81.600	   0.600	       281.954	        70.793	    12.089	   351.006	   -12.973	   101.563	     0.047	    -2.305	523.884432	256.902995	299.518851	2348.985743
  81.800	   0.600	       284.820	        77.563	    16.609	   350.537	    -4.769	   102.482	     0.066	    -0.866	530.685805	262.722846	297.642003	2335.341503
  82.000	   0.600	       291.860	        85.445	    17.397	   350.069	    -3.204	   102.576	     0.069	    -0.585	516.244575	242.946572	296.472227	2339.705387
  82.200	   0.600	       291.655	        85.819	    17.477	   349.609	    -2.996	   102.588	     0.069	    -0.550	539.892653	268.822895	296.214151	2342.637372
  82.400	   0.600	       297.371	        92.181	    17.706	   349.135	    -2.505	   102.618	     0.070	    -0.462	527.386602	260.447559	293.636945	2328.967509
  82.600	   0.600	       307.998	       101.202	    13.790	   348.676	    -9.494	   101.985	     0.054	    -1.735	470.575382	200.335910	290.715151	2331.011740
  82.800	   0.600	       305.918	        94.960	     8.805	   348.239	   -20.466	   100.759	     0.034	    -3.665	466.214249	198.136859	290.827324	2343.448605
  83.000	   0.600	       301.709	        89.422	     7.214	   347.791	   -23.797	   100.294	     0.028	    -4.238	466.707340	204.059979	290.199847	2336.591629
  83.200	   0.600	       304.202	        90.010	     5.311	   347.330	   -26.901	    99.697	     0.021	    -4.753	427.355045	161.615541	289.883703	2336.297824
  83.400	   0.600	       294.812	        79.589	     3.744	   346.868	   -30.176	    99.315	     0.014	    -5.312	443.388464	174.232253	292.629138	2354.014336
  83.600	   0.600	       279.003	        68.975	     7.650	   346.435	   -22.758	   100.444	     0.030	    -4.113	499.300940	232.023695	294.553398	2350.169024
  83.800	   0.600	       279.020	        74.526	    12.640	   346.013	   -11.083	   101.752	     0.050	    -2.063	498.711272	226.033814	293.336614	2340.789178
  84.000	   0.600	       279.251	        77.145	    15.086	   345.598	    -6.875	   102.285	     0.060	    -1.298	514.877888	234.798731	293.782363	2352.018110
  84.200	   0.600	       277.083	        76.756	    18.953	   345.161	     0.414	   102.717	     0.076	     0.079	571.355222	295.334144	294.434613	2348.136427
  84.400	   0.600	       289.438	        89.218	    21.810	   344.708	     6.491	   102.706	     0.088	     1.245	552.189174	278.374389	290.876096	2329.159841
  84.600	   0.600	       300.477	       101.183	    18.654	   344.272	    -0.098	   102.710	     0.075	    -0.019	506.762975	227.534369	287.989425	2336.536411
  84.800	   0.600	       299.239	        98.870	    14.603	   343.852	    -7.442	   102.198	     0.059	    -1.424	516.697516	242.464845	287.936195	2341.555349
  85.000	   0.600	       303.076	       100.911	    11.828	   343.448	   -12.153	   101.563	     0.047	    -2.305	483.275750	215.390796	285.529174	2327.106536
  85.200	   0.600	       311.399	       103.257	     5.853	   343.019	   -24.874	    99.885	     0.023	    -4.580	411.885683	139.882424	284.248825	2333.901729
  85.400	   0.600	       301.559	        88.693	     1.228	   342.584	   -34.763	    98.621	     0.005	    -6.263	428.611650	158.234643	287.178246	2352.759522
  85.600	   0.600	       287.194	        77.066	     3.011	   342.168	   -30.415	    99.146	     0.012	    -5.559	456.057478	189.616456	288.660982	2343.750357
  85.800	   0.600	       284.377	        77.221	     5.405	   341.747	   -25.285	    99.747	     0.021	    -4.695	435.596628	161.016457	288.790200	2343.780124
  86.000	   0.600	       271.494	        68.391	     8.183	   341.335	   -20.582	   100.647	     0.033	    -3.905	488.196665	206.183000	292.605269	2364.393095
  86.200	   0.600	       261.956	        65.811	    15.942	   340.945	    -4.773	   102.457	     0.065	    -0.942	569.043552	290.866524	293.657925	2351.852406
  86.400	   0.600	       276.132	        80.628	    21.904	   340.519	     7.034	   102.687	     0.089	     1.399	552.792548	271.394273	289.426464	2335.985107
  86.600	   0.600	       285.122	        90.023	    22.075	   340.108	     7.434	   102.677	     0.090	     1.484	551.340019	264.199491	287.395558	2348.545571
  86.800	   0.600	       287.102	        92.447	    22.133	   339.696	     7.590	   102.672	     0.090	     1.520	587.701231	308.987873	286.704855	2340.516577
  87.000	   0.600	       300.859	       107.288	    19.930	   339.276	     2.959	   102.756	     0.081	     0.596	522.297532	246.892745	281.346649	2319.783106
  87.200	   0.600	       311.305	       114.117	    11.289	   338.880	   -12.357	   101.461	     0.046	    -2.435	442.026016	160.583683	277.660649	2334.944780
  87.400	   0.600	       304.193	        99.812	     4.218	   338.487	   -26.873	    99.456	     0.017	    -5.105	450.989829	176.896994	278.384298	2345.511487
  87.600	   0.600	       300.069	        93.814	     2.051	   338.091	   -31.440	    98.877	     0.008	    -5.924	421.011798	152.888378	279.420806	2331.840723
  87.800	   0.600	       300.861	        91.191	    -1.157	   337.679	   -39.109	    97.947	    -0.005	    -7.258	368.925678	 93.535972	281.753235	2344.092876
  88.000	   0.600	       277.655	        69.173	    -0.559	   337.284	   -37.467	    98.110	    -0.002	    -7.001	440.284578	161.986905	286.195396	2368.697128
  88.200	   0.600	       257.486	        59.577	     8.038	   336.911	   -19.902	   100.637	     0.032	    -3.926	509.901901	232.498535	288.586825	2351.623605
  88.400	   0.600	       261.782	        70.548	    15.397	   336.546	    -5.190	   102.416	     0.063	    -1.064	503.330887	214.121815	286.970500	2347.468394
  88.600	   0.600	       262.379	        72.329	    19.840	   336.174	     3.055	   102.758	     0.082	     0.632	571.186036	276.701725	289.530194	2365.720188
  88.800	   0.600	       270.189	        76.986	    26.014	   335.791	    16.982	   102.034	     0.107	     3.478	636.060757	353.661177	288.437021	2341.350531
  89.000	   0.600	       292.394	        98.718	    26.901	   335.381	    19.238	   101.824	     0.110	     3.938	565.411957	281.737688	280.935972	2321.994949
  89.200	   0.600	       301.965	       113.238	    20.063	   334.998	     3.586	   102.767	     0.083	     0.750	523.598273	234.624601	276.944700	2340.292934
  89.400	   0.600	       299.488	       109.480	    13.882	   334.635	    -7.376	   102.126	     0.057	    -1.529	530.621054	253.330478	274.795845	2332.704277
  89.600	   0.600	       307.640	       112.577	     7.764	   334.274	   -19.861	   100.572	     0.032	    -4.006	429.434809	155.987143	272.641562	2316.302488
  89.800	   0.600	       313.482	       107.630	    -1.888	   333.886	   -39.651	    97.742	    -0.007	    -7.580	351.838925	 72.448293	275.484762	2341.111611
  90.000	   0.600	       291.031	        83.535	    -5.445	   333.501	   -51.159	    97.261	    -0.021	    -9.718	403.113230	128.481598	277.183276	2358.268010
  90.200	   0.600	       274.350	        70.241	    -1.198	   333.117	   -37.686	    97.931	    -0.005	    -7.283	410.215967	135.959127	278.753020	2342.166626
  90.400	   0.600	       265.118	        66.410	     2.930	   332.742	   -27.965	    99.147	     0.012	    -5.558	404.945218	114.123884	281.749310	2358.391728
  90.600	   0.600	       243.604	        53.104	    10.247	   332.400	   -13.087	   101.238	     0.042	    -2.720	538.525178	241.475224	286.180997	2379.747898
  90.800	   0.600	       248.026	        61.792	    22.283	   332.056	     8.435	   102.632	     0.093	     1.807	619.085394	330.864716	286.034440	2346.698947
  91.000	   0.600	       273.084	        81.793	    27.943	   331.676	    22.267	   101.380	     0.115	     4.672	579.915121	285.303425	279.384990	2337.984860
  91.200	   0.600	       281.281	        91.074	    27.455	   331.296	    20.938	   101.533	     0.114	     4.421	619.846760	325.159532	280.149509	2355.127978
  91.400	   0.600	       291.470	       102.469	    26.680	   331.185	    18.824	   101.790	     0.111	     3.999	622.679372	339.806323	271.669948	2326.981028
  91.600	   0.600	       308.501	       124.473	    18.981	   330.814	     1.894	   102.742	     0.080	     0.411	484.198087	200.983386	266.726190	2309.528689
  91.800	   0.600	       313.736	       120.198	     5.359	   330.465	   -22.663	    99.792	     0.022	    -4.658	411.731525	123.219704	266.336499	2337.317021
  92.000	   0.600	       301.477	        99.712	    -2.444	   330.118	   -39.940	    97.615	    -0.010	    -7.879	418.849552	143.686582	266.780634	2336.720451
  92.200	   0.600	       297.234	        94.411	    -5.143	   329.748	   -48.563	    97.267	    -0.020	    -9.544	337.998626	 63.263532	266.377925	2327.006980
  92.400	   0.600	       286.576	        85.844	    -7.993	   330.154	   -60.819	    97.921	    -0.032	   -12.070	338.324184	 59.442120	286.063579	2350.406125
  92.600	   0.600	       252.150	        50.201	    -2.435	   330.276	   -39.967	    97.617	    -0.010	    -7.874	462.475940	177.656043	281.186784	2372.116139
  92.800	   0.600	       235.557	        48.351	    10.693	   329.945	   -11.911	   101.380	     0.044	    -2.539	511.359998	221.482043	282.228018	2348.817428
  93.000	   0.600	       246.615	        63.886	    19.788	   329.616	     3.514	   102.764	     0.083	     0.772	531.604920	224.816873	281.159373	2360.412998
  93.200	   0.600	       251.950	        65.469	    26.198	   329.284	    17.686	   101.873	     0.109	     3.829	648.127982	343.694997	284.575905	2367.728320
  93.400	   0.600	       272.429	        74.482	    32.373	   329.677	    36.592	    99.255	     0.132	     7.494	657.472181	365.925040	275.708786	2330.341846
  93.600	   0.600	       298.794	       107.469	    29.168	   329.768	    25.869	   100.848	     0.120	     5.464	534.751878	234.166927	263.591105	2330.636534
  93.800	   0.600	       306.202	       123.715	    18.969	   329.425	     1.997	   102.744	     0.080	     0.439	544.804532	257.419394	262.655023	2334.651662
  94.000	   0.600	       306.155	       119.513	    10.246	   329.101	   -12.531	   101.266	     0.043	    -2.685	502.467172	227.890259	258.534093	2311.249541
  94.200	   0.600	       306.569	       110.285	     0.970	   328.754	   -31.184	    98.556	     0.004	    -6.349	362.973998	 89.970045	270.685757	2329.923218
  94.400	   0.600	       299.401	       101.486	    -8.470	   328.660	   -62.422	    98.176	    -0.034	   -12.623	383.162203	112.770318	287.362611	2350.747869
  94.600	   0.600	       276.954	        79.713	    -8.787	   328.864	   -64.100	    98.410	    -0.035	   -13.000	440.799351	178.736112	291.663228	2327.726383
  94.800	   0.600	       261.412	        60.513	    -3.443	   328.726	   -42.406	    97.417	    -0.014	    -8.438	361.447127	 77.346808	268.171746	2336.738804
  95.000	   0.600	       242.394	        49.259	     3.313	   328.395	   -26.059	    99.255	     0.014	    -5.399	432.373191	124.080757	275.908239	2371.662262
  95.200	   0.600	       230.157	        48.324	    14.768	   328.094	    -5.216	   102.386	     0.062	    -1.153	603.085273	302.938256	284.931527	2357.675407
  95.400	   0.600	       245.332	        59.017	    27.269	   327.755	    20.564	   101.497	     0.114	     4.481	571.794850	258.891534	264.354421	2320.344347
  95.600	   0.600	       269.182	        74.872	    31.559	   327.826	    33.766	    99.590	     0.129	     7.080	564.176957	256.277364	279.871862	2365.504484
  95.800	   0.600	       282.926	        87.815	    31.772	   328.160	    34.504	    99.494	     0.130	     7.199	639.847170	350.750757	277.210651	2364.785355
  96.000	   0.600	       310.268	       121.774	    28.319	   328.442	    23.378	   101.162	     0.118	     5.029	531.310904	266.952064	257.078129	2290.298714
  96.200	   0.600	       314.302	       132.303	    14.556	   328.103	    -5.532	   102.337	     0.061	    -1.222	404.647240	114.297296	253.620989	2314.531041
  96.400	   0.600	       308.253	       111.974	     0.021	   327.794	   -33.054	    98.268	     0.000	    -6.750	456.863574	175.655419	266.658220	2357.458284
  96.600	   0.600	       292.348	        93.257	    -6.900	   327.449	   -54.676	    97.506	    -0.028	   -11.028	427.161038	160.412459	264.796381	2327.653448
  96.800	   0.600	       282.013	        88.689	    -9.545	   327.625	   -67.297	    99.040	    -0.039	   -13.981	365.432158	 95.998922	298.599100	2323.344812
  97.000	   0.600	       266.975	        71.165	    -8.833	   327.855	   -63.873	    98.467	    -0.036	   -13.089	485.686046	213.181771	301.559970	2343.659047
  97.200	   0.600	       231.060	        35.911	     0.710	   327.537	   -31.406	    98.476	     0.003	    -6.456	535.436584	243.974079	266.540922	2338.553283
  97.400	   0.600	       229.199	        48.097	    14.399	   327.220	    -5.664	   102.310	     0.061	    -1.260	475.355491	171.757187	269.900225	2328.055162
  97.600	   0.600	       241.941	        60.832	    22.884	   326.905	    10.103	   102.496	     0.097	     2.263	533.833838	206.111849	273.267526	2354.714034
  97.800	   0.600	       243.464	        51.622	    30.882	   326.837	    31.446	    99.901	     0.127	     6.695	593.828791	283.809768	275.808800	2337.119548
  98.000	   0.600	       276.297	        74.351	    35.474	   327.014	    49.030	    97.622	     0.143	     9.952	458.764837	167.000770	284.591774	2341.537317
  98.200	   0.600	       301.016	       114.423	    28.216	   326.725	    23.134	   101.147	     0.118	     5.054	478.888983	179.488386	261.147518	2349.468947
  98.400	   0.600	       305.716	       126.378	    16.628	   326.423	    -1.925	   102.627	     0.071	    -0.434	555.015585	263.577768	246.605351	2325.166587
  98.600	   0.600	       308.795	       121.737	     6.430	   326.112	   -20.106	   100.180	     0.027	    -4.334	439.382608	168.993754	248.682855	2300.048160
  98.800	   0.600	       297.586	       100.198	    -3.470	   325.800	   -41.452	    97.405	    -0.014	    -8.471	429.128796	164.497110	276.305001	2370.223197
  99.000	   0.600	       276.602	        95.117	   -11.979	   325.509	   -79.458	   101.611	    -0.050	   -17.717	564.340942	308.361983	324.095262	2328.701510
  99.200	   0.600	       257.489	        65.263	    -9.058	   325.583	   -63.961	    98.696	    -0.037	   -13.446	522.704365	270.229266	300.424095	2295.949076
  99.400	   0.600	       235.711	        41.664	    -0.711	   325.235	   -33.997	    98.061	    -0.003	    -7.078	377.639610	 72.966833	264.610070	2348.923720
  99.600	   0.600	       225.721	        41.510	     7.640	   324.952	   -18.156	   100.607	     0.032	    -3.989	551.453836	226.197743	261.793775	2355.733492
  99.800	   0.600	       226.466	        49.167	    19.583	   324.654	     3.539	   102.759	     0.084	     0.814	560.511524	237.163460	246.641424	2305.928700
 100.000	   0.600	       244.747	        57.263	    29.996	   324.312	    28.548	   100.247	     0.125	     6.265	414.151149	 82.722249	245.001534	2306.551081
