    时间	    汇点水头	    大井水位	    升管水位	    大井流量	    升管流量	    底板压差
   0.000	     -0.082	   2344.918	    2344.918	      0.000	      0.000	      0.000
   0.200	     -0.083	   2344.917	    2344.917	     -0.122	      0.000	     -0.000
   0.400	     -0.083	   2344.917	    2344.917	      0.123	      0.000	      0.000
   0.600	     -0.082	   2344.918	    2344.918	      0.021	      0.000	      0.000
   0.800	     -0.082	   2344.918	    2344.918	     -0.020	      0.000	     -0.000
   1.000	     -0.082	   2344.918	    2344.918	     -0.017	      0.000	     -0.000
   1.200	     -0.083	   2344.917	    2344.917	      0.033	      0.000	      0.000
   1.400	     -0.082	   2344.918	    2344.918	      0.147	      0.000	      0.000
   1.600	     -0.082	   2344.918	    2344.918	     -0.077	      0.000	     -0.000
   1.800	     -0.082	   2344.918	    2344.918	      0.050	      0.000	      0.000
   2.000	     -0.081	   2344.919	    2344.919	      0.221	      0.000	      0.000
   2.200	     -0.080	   2344.920	    2344.920	      0.017	      0.000	      0.000
   2.400	     -0.079	   2344.921	    2344.921	      0.164	      0.000	      0.000
   2.600	     -0.077	   2344.923	    2344.923	      0.261	      0.000	      0.000
   2.800	     -0.075	   2344.925	    2344.925	      0.426	      0.000	      0.000
   3.000	     -0.072	   2344.928	    2344.928	      0.357	      0.000	      0.000
   3.200	     -0.069	   2344.931	    2344.931	      0.345	      0.000	      0.000
   3.400	     -0.065	   2344.935	    2344.935	      0.680	      0.000	      0.000
   3.600	     -0.060	   2344.940	    2344.940	      0.696	      0.000	      0.000
   3.800	     -0.054	   2344.945	    2344.945	      0.797	      0.000	      0.000
   4.000	     -0.047	   2344.952	    2344.952	      1.095	      0.000	      0.000
   4.200	     -0.039	   2344.961	    2344.961	      1.177	      0.000	      0.000
   4.400	     -0.029	   2344.971	    2344.971	      1.343	      0.000	      0.000
   4.600	     -0.018	   2344.982	    2344.982	      1.477	      0.000	      0.000
   4.800	     -0.004	   2344.995	    2344.995	      1.972	      0.000	      0.001
   5.000	      0.012	   2345.012	    2345.012	      2.242	      0.000	      0.001
   5.200	      0.029	   2345.029	    2345.029	      2.307	      0.000	      0.001
   5.400	      0.050	   2345.048	    2345.048	      2.735	      0.000	      0.001
   5.600	      0.073	   2345.072	    2345.072	      3.119	      0.000	      0.002
   5.800	      0.099	   2345.097	    2345.097	      3.456	      0.000	      0.002
   6.000	      0.128	   2345.126	    2345.126	      3.854	      0.000	      0.002
   6.200	      0.160	   2345.157	    2345.157	      4.331	      0.000	      0.003
   6.400	      0.197	   2345.193	    2345.193	      4.889	      0.000	      0.004
   6.600	      0.236	   2345.232	    2345.232	      5.148	      0.000	      0.004
   6.800	      0.280	   2345.274	    2345.274	      5.778	      0.000	      0.005
   7.000	      0.329	   2345.322	    2345.322	      6.464	      0.000	      0.007
   7.200	      0.382	   2345.374	    2345.374	      6.951	      0.000	      0.008
   7.400	      0.439	   2345.430	    2345.430	      7.523	      0.000	      0.009
   7.600	      0.501	   2345.491	    2345.491	      8.180	      0.000	      0.010
   7.800	      0.570	   2345.557	    2345.557	      8.919	      0.000	      0.012
   8.000	      0.643	   2345.629	    2345.629	      9.452	      0.000	      0.014
   8.200	      0.720	   2345.704	    2345.704	     10.033	      0.000	      0.016
   8.400	      0.805	   2345.786	    2345.786	     10.950	      0.000	      0.019
   8.600	      0.894	   2345.874	    2345.874	     11.548	      0.000	      0.021
   8.800	      0.989	   2345.966	    2345.966	     12.235	      0.000	      0.023
   9.000	      1.090	   2346.064	    2346.064	     12.953	      0.000	      0.026
   9.200	      1.197	   2346.167	    2346.167	     13.710	      0.000	      0.030
   9.400	      1.310	   2346.277	    2346.277	     14.408	      0.000	      0.033
   9.600	      1.427	   2346.392	    2346.392	     15.041	      0.000	      0.036
   9.800	      1.552	   2346.512	    2346.512	     16.000	      0.000	      0.040
  10.000	      1.683	   2346.639	    2346.639	     16.702	      0.000	      0.044
  10.200	      1.817	   2346.771	    2346.771	     17.196	      0.000	      0.046
  10.400	      1.959	   2346.908	    2346.908	     17.986	      0.000	      0.051
  10.600	      2.106	   2347.051	    2347.051	     18.690	      0.000	      0.055
  10.800	      2.258	   2347.199	    2347.199	     19.443	      0.000	      0.059
  11.000	      2.414	   2347.352	    2347.352	     19.953	      0.000	      0.063
  11.200	      2.575	   2347.509	    2347.509	     20.595	      0.000	      0.067
  11.400	      2.743	   2347.672	    2347.672	     21.262	      0.000	      0.071
  11.600	      2.912	   2347.839	    2347.839	     21.599	      0.000	      0.073
  11.800	      3.087	   2348.009	    2348.009	     22.217	      0.000	      0.078
  12.000	      3.266	   2348.184	    2348.184	     22.821	      0.000	      0.082
  12.200	      3.447	   2348.363	    2348.363	     23.175	      0.000	      0.084
  12.400	      3.632	   2348.545	    2348.545	     23.571	      0.000	      0.087
  12.600	      3.819	   2348.729	    2348.729	     23.855	      0.000	      0.089
  12.800	      4.011	   2348.917	    2348.917	     24.400	      0.000	      0.094
  13.000	      4.203	   2349.108	    2349.108	     24.565	      0.000	      0.095
  13.200	      4.395	   2349.299	    2349.299	     24.727	      0.000	      0.096
  13.400	      4.593	   2349.493	    2349.493	     25.140	      0.000	      0.099
  13.600	      4.789	   2349.689	    2349.689	     25.188	      0.000	      0.100
  13.800	      4.986	   2349.885	    2349.885	     25.284	      0.000	      0.101
  14.000	      5.183	   2350.082	    2350.082	     25.339	      0.000	      0.101
  14.200	      5.381	   2350.279	    2350.279	     25.375	      0.000	      0.101
  14.400	      5.579	   2350.477	    2350.477	     25.417	      0.000	      0.102
  14.600	      5.773	   2350.673	    2350.673	     25.129	      0.000	      0.099
  14.800	      5.969	   2350.869	    2350.869	     25.198	      0.000	      0.100
  15.000	      6.162	   2351.064	    2351.064	     24.992	      0.000	      0.098
  15.200	      6.351	   2351.256	    2351.256	     24.560	      0.000	      0.095
  15.400	      6.540	   2351.447	    2351.447	     24.360	      0.000	      0.093
  15.600	      6.726	   2351.635	    2351.635	     24.047	      0.000	      0.091
  15.800	      6.910	   2351.821	    2351.821	     23.748	      0.000	      0.089
  16.000	      7.088	   2352.004	    2352.004	     23.206	      0.000	      0.085
  16.200	      7.262	   2352.182	    2352.182	     22.649	      0.000	      0.081
  16.400	      7.436	   2352.357	    2352.357	     22.312	      0.000	      0.078
  16.600	      7.601	   2352.528	    2352.528	     21.540	      0.000	      0.073
  16.800	      7.763	   2352.693	    2352.693	     21.026	      0.000	      0.070
  17.000	      7.921	   2352.855	    2352.855	     20.473	      0.000	      0.066
  17.200	      8.072	   2353.011	    2353.011	     19.683	      0.000	      0.061
  17.400	      8.217	   2353.161	    2353.161	     18.931	      0.000	      0.057
  17.600	      8.356	   2353.305	    2353.305	     18.072	      0.000	      0.052
  17.800	      8.491	   2353.443	    2353.443	     17.458	      0.000	      0.048
  18.000	      8.619	   2353.576	    2353.576	     16.596	      0.000	      0.043
  18.200	      8.738	   2353.700	    2353.700	     15.541	      0.000	      0.038
  18.400	      8.853	   2353.818	    2353.818	     14.827	      0.000	      0.035
  18.600	      8.959	   2353.929	    2353.929	     13.795	      0.000	      0.030
  18.800	      9.059	   2354.033	    2354.033	     12.828	      0.000	      0.026
  19.000	      9.151	   2354.129	    2354.129	     11.841	      0.000	      0.022
  19.200	      9.236	   2354.217	    2354.217	     10.868	      0.000	      0.019
  19.400	      9.314	   2354.298	    2354.298	      9.923	      0.000	      0.016
  19.600	      9.382	   2354.370	    2354.370	      8.707	      0.000	      0.012
  19.800	      9.444	   2354.434	    2354.434	      7.761	      0.000	      0.010
  20.000	      9.498	   2354.491	    2354.491	      6.794	      0.000	      0.007
  20.200	      9.544	   2354.539	    2354.539	      5.549	      0.000	      0.005
  20.400	      9.582	   2354.579	    2354.579	      4.574	      0.000	      0.003
  20.600	      9.612	   2354.610	    2354.610	      3.528	      0.000	      0.002
  20.800	      9.634	   2354.633	    2354.633	      2.543	      0.000	      0.001
  21.000	      9.649	   2354.649	    2354.649	      1.377	      0.000	      0.000
  21.200	      9.655	   2354.655	    2354.655	      0.252	      0.000	      0.000
  21.400	      9.654	   2354.654	    2354.654	     -0.612	      0.000	     -0.000
  21.600	      9.644	   2354.644	    2354.644	     -1.739	      0.000	     -0.000
  21.800	      9.625	   2354.626	    2354.626	     -2.755	      0.000	     -0.001
  22.000	      9.599	   2354.601	    2354.601	     -3.658	      0.000	     -0.002
  22.200	      9.565	   2354.568	    2354.568	     -4.721	      0.000	     -0.003
  22.400	      9.523	   2354.528	    2354.528	     -5.691	      0.000	     -0.005
  22.600	      9.473	   2354.480	    2354.480	     -6.700	      0.000	     -0.007
  22.800	      9.416	   2354.425	    2354.425	     -7.403	      0.000	     -0.009
  23.000	      9.353	   2354.364	    2354.364	     -8.293	      0.000	     -0.011
  23.200	      9.281	   2354.295	    2354.295	     -9.296	      0.000	     -0.014
  23.400	      9.204	   2354.220	    2354.220	    -10.011	      0.000	     -0.016
  23.600	      9.121	   2354.139	    2354.139	    -10.770	      0.000	     -0.018
  23.800	      9.032	   2354.053	    2354.053	    -11.516	      0.000	     -0.021
  24.000	      8.937	   2353.961	    2353.961	    -12.211	      0.000	     -0.023
  24.200	      8.837	   2353.863	    2353.863	    -12.835	      0.000	     -0.026
  24.400	      8.733	   2353.761	    2353.761	    -13.385	      0.000	     -0.028
  24.600	      8.622	   2353.654	    2353.654	    -14.137	      0.000	     -0.031
  24.800	      8.508	   2353.542	    2353.542	    -14.574	      0.000	     -0.033
  25.000	      8.392	   2353.427	    2353.427	    -14.983	      0.000	     -0.035
  25.200	      8.270	   2353.308	    2353.308	    -15.518	      0.000	     -0.038
  25.400	      8.146	   2353.185	    2353.185	    -15.940	      0.000	     -0.040
  25.600	      8.018	   2353.060	    2353.060	    -16.290	      0.000	     -0.042
  25.800	      7.889	   2352.932	    2352.932	    -16.544	      0.000	     -0.043
  26.000	      7.757	   2352.802	    2352.802	    -16.944	      0.000	     -0.045
  26.200	      7.622	   2352.668	    2352.668	    -17.262	      0.000	     -0.047
  26.400	      7.487	   2352.534	    2352.534	    -17.303	      0.000	     -0.047
  26.600	      7.350	   2352.399	    2352.399	    -17.576	      0.000	     -0.049
  26.800	      7.211	   2352.261	    2352.261	    -17.721	      0.000	     -0.049
  27.000	      7.073	   2352.123	    2352.123	    -17.835	      0.000	     -0.050
  27.200	      6.933	   2351.984	    2351.984	    -17.897	      0.000	     -0.050
  27.400	      6.794	   2351.844	    2351.844	    -17.971	      0.000	     -0.051
  27.600	      6.653	   2351.704	    2351.704	    -18.060	      0.000	     -0.051
  27.800	      6.514	   2351.564	    2351.564	    -17.863	      0.000	     -0.050
  28.000	      6.375	   2351.425	    2351.425	    -17.853	      0.000	     -0.050
  28.200	      6.235	   2351.286	    2351.286	    -17.946	      0.000	     -0.051
  28.400	      6.097	   2351.147	    2351.147	    -17.780	      0.000	     -0.050
  28.600	      5.960	   2351.009	    2351.009	    -17.665	      0.000	     -0.049
  28.800	      5.824	   2350.872	    2350.872	    -17.468	      0.000	     -0.048
  29.000	      5.689	   2350.736	    2350.736	    -17.424	      0.000	     -0.048
  29.200	      5.554	   2350.601	    2350.601	    -17.241	      0.000	     -0.047
  29.400	      5.422	   2350.468	    2350.468	    -17.023	      0.000	     -0.046
  29.600	      5.290	   2350.336	    2350.336	    -17.018	      0.000	     -0.046
  29.800	      5.160	   2350.204	    2350.204	    -16.750	      0.000	     -0.044
  30.000	      5.032	   2350.075	    2350.075	    -16.489	      0.000	     -0.043
  30.200	      4.905	   2349.947	    2349.947	    -16.380	      0.000	     -0.042
  30.400	      4.779	   2349.820	    2349.820	    -16.203	      0.000	     -0.041
  30.600	      4.654	   2349.694	    2349.694	    -16.083	      0.000	     -0.041
  30.800	      4.532	   2349.571	    2349.571	    -15.737	      0.000	     -0.039
  31.000	      4.410	   2349.449	    2349.449	    -15.662	      0.000	     -0.039
  31.200	      4.289	   2349.327	    2349.327	    -15.539	      0.000	     -0.038
  31.400	      4.171	   2349.208	    2349.208	    -15.209	      0.000	     -0.036
  31.600	      4.054	   2349.090	    2349.090	    -15.140	      0.000	     -0.036
  31.800	      3.937	   2348.972	    2348.972	    -14.987	      0.000	     -0.035
  32.000	      3.822	   2348.856	    2348.856	    -14.857	      0.000	     -0.035
  32.200	      3.707	   2348.741	    2348.741	    -14.718	      0.000	     -0.034
  32.400	      3.594	   2348.628	    2348.628	    -14.558	      0.000	     -0.033
  32.600	      3.480	   2348.514	    2348.514	    -14.615	      0.000	     -0.034
  32.800	      3.368	   2348.401	    2348.401	    -14.375	      0.000	     -0.033
  33.000	      3.257	   2348.289	    2348.289	    -14.348	      0.000	     -0.032
  33.200	      3.144	   2348.177	    2348.177	    -14.452	      0.000	     -0.033
  33.400	      3.032	   2348.065	    2348.065	    -14.362	      0.000	     -0.032
  33.600	      2.921	   2347.953	    2347.953	    -14.353	      0.000	     -0.032
  33.800	      2.809	   2347.842	    2347.842	    -14.308	      0.000	     -0.032
  34.000	      2.697	   2347.730	    2347.730	    -14.430	      0.000	     -0.033
  34.200	      2.584	   2347.617	    2347.617	    -14.539	      0.000	     -0.033
  34.400	      2.471	   2347.504	    2347.504	    -14.486	      0.000	     -0.033
  34.600	      2.357	   2347.391	    2347.391	    -14.738	      0.000	     -0.034
  34.800	      2.242	   2347.276	    2347.276	    -14.768	      0.000	     -0.034
  35.000	      2.126	   2347.161	    2347.161	    -14.839	      0.000	     -0.035
  35.200	      2.009	   2347.044	    2347.044	    -15.070	      0.000	     -0.036
  35.400	      1.890	   2346.926	    2346.926	    -15.252	      0.000	     -0.037
  35.600	      1.769	   2346.807	    2346.807	    -15.508	      0.000	     -0.038
  35.800	      1.648	   2346.686	    2346.686	    -15.575	      0.000	     -0.038
  36.000	      1.524	   2346.564	    2346.564	    -15.829	      0.000	     -0.039
  36.200	      1.398	   2346.439	    2346.439	    -16.187	      0.000	     -0.041
  36.400	      1.271	   2346.312	    2346.312	    -16.302	      0.000	     -0.042
  36.600	      1.141	   2346.184	    2346.184	    -16.646	      0.000	     -0.044
  36.800	      1.009	   2346.054	    2346.054	    -16.915	      0.000	     -0.045
  37.000	      0.874	   2345.921	    2345.921	    -17.204	      0.000	     -0.047
  37.200	      0.738	   2345.786	    2345.786	    -17.479	      0.000	     -0.048
  37.400	      0.600	   2345.649	    2345.649	    -17.729	      0.000	     -0.049
  37.600	      0.457	   2345.509	    2345.509	    -18.158	      0.000	     -0.052
  37.800	      0.314	   2345.367	    2345.367	    -18.383	      0.000	     -0.053
  38.000	      0.169	   2345.223	    2345.223	    -18.646	      0.000	     -0.055
  38.200	      0.019	   2345.076	    2345.076	    -19.082	      0.000	     -0.057
  38.400	     -0.131	   2344.927	    2344.927	    -19.321	      0.000	     -0.059
  38.600	     -0.285	   2344.776	    2344.776	    -19.624	      0.000	     -0.061
  38.800	     -0.440	   2344.622	    2344.622	    -19.867	      0.000	     -0.062
  39.000	     -0.598	   2344.466	    2344.466	    -20.236	      0.000	     -0.064
  39.200	     -0.760	   2344.307	    2344.307	    -20.564	      0.000	     -0.067
  39.400	     -0.921	   2344.147	    2344.147	    -20.722	      0.000	     -0.068
  39.600	     -1.086	   2343.984	    2343.984	    -21.059	      0.000	     -0.070
  39.800	     -1.252	   2343.819	    2343.819	    -21.289	      0.000	     -0.071
  40.000	     -1.420	   2343.653	    2343.653	    -21.466	      0.000	     -0.072
  40.200	     -1.590	   2343.484	    2343.484	    -21.743	      0.000	     -0.074
  40.400	     -1.761	   2343.315	    2343.315	    -21.949	      0.000	     -0.076
  40.600	     -1.935	   2343.143	    2343.143	    -22.184	      0.000	     -0.077
  40.800	     -2.107	   2342.970	    2342.970	    -22.214	      0.000	     -0.078
  41.000	     -2.282	   2342.797	    2342.797	    -22.377	      0.000	     -0.079
  41.200	     -2.459	   2342.621	    2342.621	    -22.596	      0.000	     -0.080
  41.400	     -2.635	   2342.446	    2342.446	    -22.626	      0.000	     -0.081
  41.600	     -2.812	   2342.270	    2342.270	    -22.705	      0.000	     -0.081
  41.800	     -2.989	   2342.093	    2342.093	    -22.744	      0.000	     -0.081
  42.000	     -3.166	   2341.916	    2341.916	    -22.766	      0.000	     -0.082
  42.200	     -3.343	   2341.738	    2341.738	    -22.739	      0.000	     -0.081
  42.400	     -3.519	   2341.562	    2341.562	    -22.660	      0.000	     -0.081
  42.600	     -3.696	   2341.385	    2341.385	    -22.704	      0.000	     -0.081
  42.800	     -3.870	   2341.209	    2341.209	    -22.528	      0.000	     -0.080
  43.000	     -4.044	   2341.035	    2341.035	    -22.364	      0.000	     -0.079
  43.200	     -4.217	   2340.861	    2340.861	    -22.263	      0.000	     -0.078
  43.400	     -4.388	   2340.689	    2340.689	    -22.072	      0.000	     -0.077
  43.600	     -4.558	   2340.518	    2340.518	    -21.854	      0.000	     -0.075
  43.800	     -4.725	   2340.349	    2340.349	    -21.557	      0.000	     -0.073
  44.000	     -4.890	   2340.182	    2340.182	    -21.355	      0.000	     -0.072
  44.200	     -5.054	   2340.016	    2340.016	    -21.092	      0.000	     -0.070
  44.400	     -5.213	   2339.854	    2339.854	    -20.659	      0.000	     -0.067
  44.600	     -5.371	   2339.695	    2339.695	    -20.371	      0.000	     -0.065
  44.800	     -5.525	   2339.537	    2339.537	    -19.970	      0.000	     -0.063
  45.000	     -5.677	   2339.384	    2339.384	    -19.566	      0.000	     -0.060
  45.200	     -5.825	   2339.233	    2339.233	    -19.132	      0.000	     -0.058
  45.400	     -5.969	   2339.086	    2339.086	    -18.679	      0.000	     -0.055
  45.600	     -6.110	   2338.943	    2338.943	    -18.243	      0.000	     -0.052
  45.800	     -6.246	   2338.803	    2338.803	    -17.616	      0.000	     -0.049
  46.000	     -6.378	   2338.668	    2338.668	    -17.114	      0.000	     -0.046
  46.200	     -6.508	   2338.536	    2338.536	    -16.655	      0.000	     -0.044
  46.400	     -6.631	   2338.409	    2338.409	    -16.029	      0.000	     -0.040
  46.600	     -6.751	   2338.287	    2338.287	    -15.452	      0.000	     -0.038
  46.800	     -6.865	   2338.169	    2338.169	    -14.796	      0.000	     -0.035
  47.000	     -6.976	   2338.056	    2338.056	    -14.233	      0.000	     -0.032
  47.200	     -7.082	   2337.947	    2337.947	    -13.585	      0.000	     -0.029
  47.400	     -7.182	   2337.845	    2337.845	    -12.904	      0.000	     -0.026
  47.600	     -7.278	   2337.746	    2337.746	    -12.352	      0.000	     -0.024
  47.800	     -7.368	   2337.653	    2337.653	    -11.616	      0.000	     -0.021
  48.000	     -7.453	   2337.565	    2337.565	    -10.903	      0.000	     -0.019
  48.200	     -7.534	   2337.483	    2337.483	    -10.271	      0.000	     -0.017
  48.400	     -7.609	   2337.406	    2337.406	     -9.578	      0.000	     -0.014
  48.600	     -7.679	   2337.334	    2337.334	     -8.931	      0.000	     -0.013
  48.800	     -7.743	   2337.267	    2337.267	     -8.134	      0.000	     -0.010
  49.000	     -7.802	   2337.207	    2337.207	     -7.506	      0.000	     -0.009
  49.200	     -7.857	   2337.151	    2337.151	     -6.841	      0.000	     -0.007
  49.400	     -7.905	   2337.101	    2337.101	     -6.048	      0.000	     -0.006
  49.600	     -7.949	   2337.056	    2337.056	     -5.424	      0.000	     -0.005
  49.800	     -7.987	   2337.016	    2337.016	     -4.721	      0.000	     -0.004
  50.000	     -8.020	   2336.982	    2336.982	     -4.046	      0.000	     -0.003
  50.200	     -8.048	   2336.953	    2336.953	     -3.371	      0.000	     -0.002
  50.400	     -8.071	   2336.930	    2336.930	     -2.672	      0.000	     -0.001
  50.600	     -8.089	   2336.911	    2336.911	     -2.111	      0.000	     -0.001
  50.800	     -8.103	   2336.898	    2336.898	     -1.353	      0.000	     -0.000
  51.000	     -8.111	   2336.889	    2336.889	     -0.750	      0.000	     -0.000
  51.200	     -8.115	   2336.885	    2336.885	     -0.222	      0.000	     -0.000
  51.400	     -8.114	   2336.886	    2336.886	      0.432	      0.000	      0.000
  51.600	     -8.108	   2336.892	    2336.892	      1.012	      0.000	      0.000
  51.800	     -8.097	   2336.902	    2336.902	      1.629	      0.000	      0.000
  52.000	     -8.082	   2336.917	    2336.917	      2.124	      0.000	      0.001
  52.200	     -8.064	   2336.935	    2336.935	      2.623	      0.000	      0.001
  52.400	     -8.040	   2336.958	    2336.958	      3.215	      0.000	      0.002
  52.600	     -8.013	   2336.985	    2336.985	      3.599	      0.000	      0.002
  52.800	     -7.983	   2337.015	    2337.015	      4.136	      0.000	      0.003
  53.000	     -7.948	   2337.049	    2337.049	      4.616	      0.000	      0.003
  53.200	     -7.910	   2337.086	    2337.086	      4.986	      0.000	      0.004
  53.400	     -7.869	   2337.126	    2337.126	      5.385	      0.000	      0.005
  53.600	     -7.825	   2337.169	    2337.169	      5.715	      0.000	      0.005
  53.800	     -7.778	   2337.216	    2337.216	      6.166	      0.000	      0.006
  54.000	     -7.729	   2337.265	    2337.265	      6.465	      0.000	      0.007
  54.200	     -7.677	   2337.316	    2337.316	      6.690	      0.000	      0.007
  54.400	     -7.623	   2337.369	    2337.369	      7.063	      0.000	      0.008
  54.600	     -7.567	   2337.425	    2337.425	      7.249	      0.000	      0.008
  54.800	     -7.509	   2337.482	    2337.482	      7.487	      0.000	      0.009
  55.000	     -7.450	   2337.541	    2337.541	      7.681	      0.000	      0.009
  55.200	     -7.389	   2337.602	    2337.602	      7.867	      0.000	      0.010
  55.400	     -7.326	   2337.664	    2337.664	      8.053	      0.000	      0.010
  55.600	     -7.263	   2337.726	    2337.726	      8.094	      0.000	      0.010
  55.800	     -7.199	   2337.790	    2337.790	      8.271	      0.000	      0.011
  56.000	     -7.134	   2337.855	    2337.855	      8.379	      0.000	      0.011
  56.200	     -7.069	   2337.920	    2337.920	      8.357	      0.000	      0.011
  56.400	     -7.003	   2337.985	    2337.985	      8.457	      0.000	      0.011
  56.600	     -6.937	   2338.051	    2338.051	      8.483	      0.000	      0.011
  56.800	     -6.871	   2338.117	    2338.117	      8.538	      0.000	      0.011
  57.000	     -6.805	   2338.184	    2338.184	      8.473	      0.000	      0.011
  57.200	     -6.740	   2338.249	    2338.249	      8.422	      0.000	      0.011
  57.400	     -6.674	   2338.315	    2338.315	      8.466	      0.000	      0.011
  57.600	     -6.609	   2338.380	    2338.380	      8.351	      0.000	      0.011
  57.800	     -6.544	   2338.445	    2338.445	      8.309	      0.000	      0.011
  58.000	     -6.480	   2338.509	    2338.509	      8.269	      0.000	      0.011
  58.200	     -6.417	   2338.573	    2338.573	      8.133	      0.000	      0.010
  58.400	     -6.354	   2338.636	    2338.636	      8.034	      0.000	      0.010
  58.600	     -6.292	   2338.698	    2338.698	      7.888	      0.000	      0.010
  58.800	     -6.231	   2338.759	    2338.759	      7.884	      0.000	      0.010
  59.000	     -6.171	   2338.820	    2338.820	      7.743	      0.000	      0.009
  59.200	     -6.112	   2338.879	    2338.879	      7.553	      0.000	      0.009
  59.400	     -6.053	   2338.938	    2338.938	      7.485	      0.000	      0.009
  59.600	     -5.996	   2338.996	    2338.996	      7.351	      0.000	      0.009
  59.800	     -5.939	   2339.052	    2339.052	      7.241	      0.000	      0.008
  60.000	     -5.884	   2339.108	    2339.108	      7.119	      0.000	      0.008
  60.200	     -5.829	   2339.163	    2339.163	      7.020	      0.000	      0.008
  60.400	     -5.775	   2339.217	    2339.217	      6.941	      0.000	      0.008
  60.600	     -5.722	   2339.271	    2339.271	      6.750	      0.000	      0.007
  60.800	     -5.670	   2339.323	    2339.323	      6.725	      0.000	      0.007
  61.000	     -5.618	   2339.375	    2339.375	      6.665	      0.000	      0.007
  61.200	     -5.567	   2339.426	    2339.426	      6.550	      0.000	      0.007
  61.400	     -5.516	   2339.477	    2339.477	      6.498	      0.000	      0.007
  61.600	     -5.466	   2339.527	    2339.527	      6.454	      0.000	      0.007
  61.800	     -5.416	   2339.578	    2339.578	      6.470	      0.000	      0.007
  62.000	     -5.366	   2339.628	    2339.628	      6.392	      0.000	      0.006
  62.200	     -5.317	   2339.677	    2339.677	      6.367	      0.000	      0.006
  62.400	     -5.266	   2339.727	    2339.727	      6.469	      0.000	      0.007
  62.600	     -5.216	   2339.777	    2339.777	      6.444	      0.000	      0.007
  62.800	     -5.166	   2339.828	    2339.828	      6.522	      0.000	      0.007
  63.000	     -5.115	   2339.879	    2339.879	      6.589	      0.000	      0.007
  63.200	     -5.063	   2339.930	    2339.930	      6.680	      0.000	      0.007
  63.400	     -5.010	   2339.983	    2339.983	      6.787	      0.000	      0.007
  63.600	     -4.957	   2340.036	    2340.036	      6.885	      0.000	      0.007
  63.800	     -4.902	   2340.090	    2340.090	      7.145	      0.000	      0.008
  64.000	     -4.845	   2340.146	    2340.146	      7.289	      0.000	      0.008
  64.200	     -4.788	   2340.203	    2340.203	      7.418	      0.000	      0.009
  64.400	     -4.729	   2340.262	    2340.262	      7.686	      0.000	      0.009
  64.600	     -4.667	   2340.323	    2340.323	      7.907	      0.000	      0.010
  64.800	     -4.604	   2340.386	    2340.386	      8.215	      0.000	      0.011
  65.000	     -4.539	   2340.450	    2340.450	      8.446	      0.000	      0.011
  65.200	     -4.471	   2340.517	    2340.517	      8.754	      0.000	      0.012
  65.400	     -4.401	   2340.586	    2340.586	      9.095	      0.000	      0.013
  65.600	     -4.328	   2340.658	    2340.658	      9.343	      0.000	      0.014
  65.800	     -4.253	   2340.732	    2340.732	      9.757	      0.000	      0.015
  66.000	     -4.174	   2340.810	    2340.810	     10.144	      0.000	      0.016
  66.200	     -4.093	   2340.890	    2340.890	     10.486	      0.000	      0.017
  66.400	     -4.008	   2340.973	    2340.973	     10.888	      0.000	      0.019
  66.600	     -3.921	   2341.059	    2341.059	     11.252	      0.000	      0.020
  66.800	     -3.830	   2341.149	    2341.149	     11.759	      0.000	      0.022
  67.000	     -3.735	   2341.242	    2341.242	     12.129	      0.000	      0.023
  67.200	     -3.638	   2341.337	    2341.337	     12.541	      0.000	      0.025
  67.400	     -3.536	   2341.437	    2341.437	     13.069	      0.000	      0.027
  67.600	     -3.431	   2341.540	    2341.540	     13.465	      0.000	      0.028
  67.800	     -3.323	   2341.647	    2341.647	     13.944	      0.000	      0.031
  68.000	     -3.210	   2341.757	    2341.757	     14.395	      0.000	      0.033
  68.200	     -3.095	   2341.871	    2341.871	     14.868	      0.000	      0.035
  68.400	     -2.975	   2341.988	    2341.988	     15.359	      0.000	      0.037
  68.600	     -2.852	   2342.109	    2342.109	     15.747	      0.000	      0.039
  68.800	     -2.724	   2342.234	    2342.234	     16.314	      0.000	      0.042
  69.000	     -2.594	   2342.362	    2342.362	     16.742	      0.000	      0.044
  69.200	     -2.460	   2342.494	    2342.494	     17.120	      0.000	      0.046
  69.400	     -2.322	   2342.629	    2342.629	     17.613	      0.000	      0.049
  69.600	     -2.181	   2342.768	    2342.768	     18.040	      0.000	      0.051
  69.800	     -2.036	   2342.910	    2342.910	     18.506	      0.000	      0.054
  70.000	     -1.889	   2343.055	    2343.055	     18.876	      0.000	      0.056
  70.200	     -1.738	   2343.203	    2343.203	     19.262	      0.000	      0.058
  70.400	     -1.584	   2343.355	    2343.355	     19.708	      0.000	      0.061
  70.600	     -1.427	   2343.510	    2343.510	     19.992	      0.000	      0.063
  70.800	     -1.268	   2343.667	    2343.667	     20.420	      0.000	      0.066
  71.000	     -1.105	   2343.827	    2343.827	     20.771	      0.000	      0.068
  71.200	     -0.941	   2343.989	    2343.989	     21.040	      0.000	      0.070
  71.400	     -0.774	   2344.154	    2344.154	     21.347	      0.000	      0.072
  71.600	     -0.605	   2344.321	    2344.321	     21.581	      0.000	      0.073
  71.800	     -0.434	   2344.491	    2344.491	     21.903	      0.000	      0.075
  72.000	     -0.261	   2344.662	    2344.662	     22.109	      0.000	      0.077
  72.200	     -0.088	   2344.834	    2344.834	     22.263	      0.000	      0.078
  72.400	      0.088	   2345.008	    2345.008	     22.507	      0.000	      0.080
  72.600	      0.264	   2345.184	    2345.184	     22.607	      0.000	      0.080
  72.800	      0.442	   2345.360	    2345.360	     22.763	      0.000	      0.082
  73.000	      0.620	   2345.538	    2345.538	     22.844	      0.000	      0.082
  73.200	      0.798	   2345.715	    2345.715	     22.914	      0.000	      0.083
  73.400	      0.977	   2345.894	    2345.894	     22.991	      0.000	      0.083
  73.600	      1.155	   2346.073	    2346.073	     22.926	      0.000	      0.083
  73.800	      1.334	   2346.251	    2346.251	     22.961	      0.000	      0.083
  74.000	      1.512	   2346.430	    2346.430	     22.927	      0.000	      0.083
  74.200	      1.689	   2346.607	    2346.607	     22.789	      0.000	      0.082
  74.400	      1.866	   2346.785	    2346.785	     22.716	      0.000	      0.081
  74.600	      2.041	   2346.961	    2346.961	     22.585	      0.000	      0.080
  74.800	      2.216	   2347.136	    2347.136	     22.475	      0.000	      0.080
  75.000	      2.388	   2347.310	    2347.310	     22.232	      0.000	      0.078
  75.200	      2.558	   2347.482	    2347.482	     22.005	      0.000	      0.076
  75.400	      2.728	   2347.653	    2347.653	     21.834	      0.000	      0.075
  75.600	      2.894	   2347.821	    2347.821	     21.502	      0.000	      0.073
  75.800	      3.058	   2347.987	    2347.987	     21.232	      0.000	      0.071
  76.000	      3.220	   2348.151	    2348.151	     20.941	      0.000	      0.069
  76.200	      3.379	   2348.312	    2348.312	     20.547	      0.000	      0.066
  76.400	      3.535	   2348.471	    2348.471	     20.170	      0.000	      0.064
  76.600	      3.688	   2348.626	    2348.626	     19.756	      0.000	      0.061
  76.800	      3.838	   2348.779	    2348.779	     19.426	      0.000	      0.059
  77.000	      3.985	   2348.928	    2348.928	     18.953	      0.000	      0.057
  77.200	      4.127	   2349.073	    2349.073	     18.467	      0.000	      0.054
  77.400	      4.267	   2349.215	    2349.215	     18.045	      0.000	      0.051
  77.600	      4.402	   2349.354	    2349.354	     17.517	      0.000	      0.048
  77.800	      4.534	   2349.488	    2349.488	     17.032	      0.000	      0.046
  78.000	      4.661	   2349.618	    2349.618	     16.512	      0.000	      0.043
  78.200	      4.785	   2349.745	    2349.745	     15.961	      0.000	      0.040
  78.400	      4.904	   2349.867	    2349.867	     15.421	      0.000	      0.038
  78.600	      5.019	   2349.984	    2349.984	     14.811	      0.000	      0.035
  78.800	      5.130	   2350.098	    2350.098	     14.287	      0.000	      0.032
  79.000	      5.236	   2350.207	    2350.207	     13.701	      0.000	      0.030
  79.200	      5.338	   2350.311	    2350.311	     13.104	      0.000	      0.027
  79.400	      5.435	   2350.411	    2350.411	     12.532	      0.000	      0.025
  79.600	      5.528	   2350.506	    2350.506	     11.911	      0.000	      0.022
  79.800	      5.617	   2350.596	    2350.596	     11.372	      0.000	      0.020
  80.000	      5.700	   2350.682	    2350.682	     10.737	      0.000	      0.018
  80.200	      5.779	   2350.763	    2350.763	     10.094	      0.000	      0.016
  80.400	      5.854	   2350.839	    2350.839	      9.550	      0.000	      0.014
  80.600	      5.924	   2350.911	    2350.911	      8.915	      0.000	      0.013
  80.800	      5.989	   2350.978	    2350.978	      8.326	      0.000	      0.011
  81.000	      6.050	   2351.040	    2351.040	      7.713	      0.000	      0.009
  81.200	      6.106	   2351.098	    2351.098	      7.147	      0.000	      0.008
  81.400	      6.159	   2351.152	    2351.152	      6.563	      0.000	      0.007
  81.600	      6.206	   2351.201	    2351.201	      5.951	      0.000	      0.006
  81.800	      6.250	   2351.245	    2351.245	      5.498	      0.000	      0.005
  82.000	      6.289	   2351.286	    2351.286	      4.929	      0.000	      0.004
  82.200	      6.324	   2351.321	    2351.321	      4.325	      0.000	      0.003
  82.400	      6.356	   2351.353	    2351.353	      3.855	      0.000	      0.002
  82.600	      6.383	   2351.381	    2351.381	      3.335	      0.000	      0.002
  82.800	      6.406	   2351.405	    2351.405	      2.854	      0.000	      0.001
  83.000	      6.426	   2351.425	    2351.425	      2.339	      0.000	      0.001
  83.200	      6.442	   2351.442	    2351.442	      1.904	      0.000	      0.001
  83.400	      6.455	   2351.455	    2351.455	      1.466	      0.000	      0.000
  83.600	      6.465	   2351.465	    2351.465	      0.972	      0.000	      0.000
  83.800	      6.471	   2351.471	    2351.471	      0.653	      0.000	      0.000
  84.000	      6.475	   2351.475	    2351.475	      0.268	      0.000	      0.000
  84.200	      6.475	   2351.475	    2351.475	     -0.141	      0.000	     -0.000
  84.400	      6.473	   2351.473	    2351.473	     -0.449	      0.000	     -0.000
  84.600	      6.468	   2351.468	    2351.468	     -0.807	      0.000	     -0.000
  84.800	      6.460	   2351.460	    2351.460	     -1.075	      0.000	     -0.000
  85.000	      6.451	   2351.451	    2351.451	     -1.398	      0.000	     -0.000
  85.200	      6.438	   2351.439	    2351.439	     -1.667	      0.000	     -0.000
  85.400	      6.425	   2351.425	    2351.425	     -1.875	      0.000	     -0.001
  85.600	      6.409	   2351.410	    2351.410	     -2.144	      0.000	     -0.001
  85.800	      6.392	   2351.393	    2351.393	     -2.289	      0.000	     -0.001
  86.000	      6.373	   2351.374	    2351.374	     -2.486	      0.000	     -0.001
  86.200	      6.353	   2351.354	    2351.354	     -2.650	      0.000	     -0.001
  86.400	      6.332	   2351.333	    2351.333	     -2.732	      0.000	     -0.001
  86.600	      6.310	   2351.311	    2351.311	     -2.901	      0.000	     -0.001
  86.800	      6.287	   2351.289	    2351.289	     -2.928	      0.000	     -0.001
  87.000	      6.264	   2351.266	    2351.266	     -3.014	      0.000	     -0.001
  87.200	      6.240	   2351.242	    2351.242	     -3.111	      0.000	     -0.002
  87.400	      6.216	   2351.218	    2351.218	     -3.129	      0.000	     -0.002
  87.600	      6.192	   2351.193	    2351.193	     -3.164	      0.000	     -0.002
  87.800	      6.168	   2351.169	    2351.169	     -3.111	      0.000	     -0.002
  88.000	      6.143	   2351.145	    2351.145	     -3.133	      0.000	     -0.002
  88.200	      6.119	   2351.121	    2351.121	     -3.123	      0.000	     -0.002
  88.400	      6.096	   2351.097	    2351.097	     -3.027	      0.000	     -0.001
  88.600	      6.072	   2351.074	    2351.074	     -3.037	      0.000	     -0.001
  88.800	      6.049	   2351.051	    2351.051	     -2.911	      0.000	     -0.001
  89.000	      6.027	   2351.029	    2351.029	     -2.812	      0.000	     -0.001
  89.200	      6.006	   2351.007	    2351.007	     -2.752	      0.000	     -0.001
  89.400	      5.985	   2350.986	    2350.986	     -2.644	      0.000	     -0.001
  89.600	      5.965	   2350.966	    2350.966	     -2.548	      0.000	     -0.001
  89.800	      5.947	   2350.947	    2350.947	     -2.356	      0.000	     -0.001
  90.000	      5.929	   2350.930	    2350.930	     -2.276	      0.000	     -0.001
  90.200	      5.912	   2350.912	    2350.912	     -2.181	      0.000	     -0.001
  90.400	      5.896	   2350.896	    2350.896	     -1.978	      0.000	     -0.001
  90.600	      5.881	   2350.881	    2350.881	     -1.900	      0.000	     -0.001
  90.800	      5.867	   2350.867	    2350.867	     -1.762	      0.000	     -0.000
  91.000	      5.854	   2350.854	    2350.854	     -1.630	      0.000	     -0.000
  91.200	      5.841	   2350.842	    2350.842	     -1.495	      0.000	     -0.000
  91.400	      5.830	   2350.831	    2350.831	     -1.379	      0.000	     -0.000
  91.600	      5.820	   2350.820	    2350.820	     -1.328	      0.000	     -0.000
  91.800	      5.810	   2350.810	    2350.810	     -1.165	      0.000	     -0.000
  92.000	      5.801	   2350.802	    2350.802	     -1.082	      0.000	     -0.000
  92.200	      5.793	   2350.793	    2350.793	     -1.052	      0.000	     -0.000
  92.400	      5.785	   2350.785	    2350.785	     -0.975	      0.000	     -0.000
  92.600	      5.778	   2350.778	    2350.778	     -0.939	      0.000	     -0.000
  92.800	      5.771	   2350.771	    2350.771	     -0.829	      0.000	     -0.000
  93.000	      5.764	   2350.765	    2350.765	     -0.843	      0.000	     -0.000
  93.200	      5.758	   2350.758	    2350.758	     -0.869	      0.000	     -0.000
  93.400	      5.751	   2350.751	    2350.751	     -0.799	      0.000	     -0.000
  93.600	      5.744	   2350.744	    2350.744	     -0.880	      0.000	     -0.000
  93.800	      5.737	   2350.737	    2350.737	     -0.944	      0.000	     -0.000
  94.000	      5.729	   2350.729	    2350.729	     -0.991	      0.000	     -0.000
  94.200	      5.720	   2350.721	    2350.721	     -1.099	      0.000	     -0.000
  94.400	      5.711	   2350.711	    2350.711	     -1.267	      0.000	     -0.000
  94.600	      5.701	   2350.701	    2350.701	     -1.442	      0.000	     -0.000
  94.800	      5.689	   2350.690	    2350.690	     -1.436	      0.000	     -0.000
  95.000	      5.677	   2350.677	    2350.677	     -1.708	      0.000	     -0.000
  95.200	      5.662	   2350.662	    2350.662	     -1.959	      0.000	     -0.001
  95.400	      5.646	   2350.647	    2350.647	     -2.056	      0.000	     -0.001
  95.600	      5.628	   2350.629	    2350.629	     -2.311	      0.000	     -0.001
  95.800	      5.608	   2350.609	    2350.609	     -2.672	      0.000	     -0.001
  96.000	      5.585	   2350.587	    2350.587	     -2.906	      0.000	     -0.001
  96.200	      5.561	   2350.562	    2350.562	     -3.163	      0.000	     -0.002
  96.400	      5.533	   2350.535	    2350.535	     -3.656	      0.000	     -0.002
  96.600	      5.503	   2350.506	    2350.506	     -4.040	      0.000	     -0.003
  96.800	      5.470	   2350.473	    2350.473	     -4.253	      0.000	     -0.003
  97.000	      5.434	   2350.438	    2350.438	     -4.776	      0.000	     -0.004
  97.200	      5.395	   2350.399	    2350.399	     -5.250	      0.000	     -0.004
  97.400	      5.352	   2350.357	    2350.357	     -5.455	      0.000	     -0.005
  97.600	      5.306	   2350.312	    2350.312	     -5.911	      0.000	     -0.006
  97.800	      5.256	   2350.263	    2350.263	     -6.432	      0.000	     -0.006
  98.000	      5.203	   2350.210	    2350.210	     -6.858	      0.000	     -0.007
  98.200	      5.145	   2350.154	    2350.154	     -7.312	      0.000	     -0.009
  98.400	      5.084	   2350.094	    2350.094	     -7.883	      0.000	     -0.010
  98.600	      5.019	   2350.030	    2350.030	     -8.485	      0.000	     -0.011
  98.800	      4.949	   2349.962	    2349.962	     -8.973	      0.000	     -0.013
  99.000	      4.875	   2349.890	    2349.890	     -9.535	      0.000	     -0.015
  99.200	      4.798	   2349.814	    2349.814	     -9.997	      0.000	     -0.016
  99.400	      4.716	   2349.734	    2349.734	    -10.579	      0.000	     -0.018
  99.600	      4.629	   2349.649	    2349.649	    -11.153	      0.000	     -0.020
  99.800	      4.539	   2349.561	    2349.561	    -11.472	      0.000	     -0.021
 100.000	      4.445	   2349.468	    2349.468	    -11.927	      0.000	     -0.023
