    时间	    汇点水头	    大井水位	    升管水位	    大井流量	    升管流量	    底板压差
   0.000	      0.283	   2345.283	    2345.283	      0.000	      0.000	      0.000
   0.400	      0.281	   2345.281	    2345.281	      0.182	      0.000	      0.000
   0.800	      0.282	   2345.282	    2345.282	     -0.028	      0.000	     -0.000
   1.200	      0.281	   2345.281	    2345.281	      0.026	      0.000	      0.000
   1.600	      0.282	   2345.282	    2345.282	     -0.190	      0.000	     -0.000
   2.000	      0.282	   2345.282	    2345.282	      0.155	      0.000	      0.000
   2.400	      0.281	   2345.281	    2345.281	     -0.072	      0.000	     -0.000
   2.800	      0.280	   2345.280	    2345.280	     -0.049	      0.000	     -0.000
   3.200	      0.278	   2345.278	    2345.278	     -0.299	      0.000	     -0.000
   3.600	      0.277	   2345.277	    2345.277	     -0.011	      0.000	     -0.000
   4.000	      0.272	   2345.272	    2345.272	     -0.097	      0.000	     -0.000
   4.400	      0.268	   2345.268	    2345.268	     -0.584	      0.000	     -0.000
   4.800	      0.260	   2345.260	    2345.260	     -0.542	      0.000	     -0.000
   5.200	      0.250	   2345.250	    2345.250	     -0.804	      0.000	     -0.000
   5.600	      0.236	   2345.236	    2345.236	     -0.847	      0.000	     -0.000
   6.000	      0.217	   2345.217	    2345.217	     -1.343	      0.000	     -0.000
   6.400	      0.195	   2345.195	    2345.195	     -1.654	      0.000	     -0.000
   6.800	      0.164	   2345.165	    2345.165	     -2.278	      0.000	     -0.001
   7.200	      0.129	   2345.130	    2345.130	     -2.426	      0.000	     -0.001
   7.600	      0.082	   2345.084	    2345.084	     -2.973	      0.000	     -0.001
   8.000	      0.028	   2345.031	    2345.031	     -3.946	      0.000	     -0.002
   8.400	     -0.036	   2344.967	    2344.967	     -4.424	      0.000	     -0.003
   8.800	     -0.112	   2344.892	    2344.892	     -5.223	      0.000	     -0.004
   9.200	     -0.200	   2344.805	    2344.805	     -5.839	      0.000	     -0.005
   9.600	     -0.304	   2344.704	    2344.704	     -7.044	      0.000	     -0.008
  10.000	     -0.419	   2344.591	    2344.591	     -7.808	      0.000	     -0.010
  10.400	     -0.551	   2344.461	    2344.461	     -8.839	      0.000	     -0.012
  10.800	     -0.698	   2344.317	    2344.317	     -9.678	      0.000	     -0.015
  11.200	     -0.864	   2344.154	    2344.154	    -10.704	      0.000	     -0.018
  11.600	     -1.045	   2343.978	    2343.978	    -12.090	      0.000	     -0.023
  12.000	     -1.242	   2343.784	    2343.784	    -12.940	      0.000	     -0.026
  12.400	     -1.456	   2343.575	    2343.575	    -14.009	      0.000	     -0.031
  12.800	     -1.685	   2343.349	    2343.349	    -14.806	      0.000	     -0.034
  13.200	     -1.931	   2343.109	    2343.109	    -16.027	      0.000	     -0.040
  13.600	     -2.188	   2342.856	    2342.856	    -16.696	      0.000	     -0.044
  14.000	     -2.458	   2342.590	    2342.590	    -17.446	      0.000	     -0.048
  14.400	     -2.735	   2342.315	    2342.315	    -17.868	      0.000	     -0.050
  14.800	     -3.024	   2342.030	    2342.030	    -18.442	      0.000	     -0.053
  15.200	     -3.315	   2341.741	    2341.741	    -18.929	      0.000	     -0.056
  15.600	     -3.608	   2341.447	    2341.447	    -18.744	      0.000	     -0.055
  16.000	     -3.903	   2341.154	    2341.154	    -18.873	      0.000	     -0.056
  16.400	     -4.192	   2340.861	    2340.861	    -18.470	      0.000	     -0.054
  16.800	     -4.479	   2340.575	    2340.575	    -18.352	      0.000	     -0.053
  17.200	     -4.752	   2340.297	    2340.297	    -17.596	      0.000	     -0.049
  17.600	     -5.017	   2340.028	    2340.028	    -16.810	      0.000	     -0.045
  18.000	     -5.264	   2339.775	    2339.775	    -15.653	      0.000	     -0.039
  18.400	     -5.496	   2339.537	    2339.537	    -14.589	      0.000	     -0.034
  18.800	     -5.707	   2339.321	    2339.321	    -13.410	      0.000	     -0.028
  19.200	     -5.895	   2339.127	    2339.127	    -11.562	      0.000	     -0.021
  19.600	     -6.059	   2338.957	    2338.957	    -10.028	      0.000	     -0.016
  20.000	     -6.195	   2338.816	    2338.816	     -8.139	      0.000	     -0.011
  20.400	     -6.302	   2338.704	    2338.704	     -6.316	      0.000	     -0.006
  20.800	     -6.378	   2338.625	    2338.625	     -3.946	      0.000	     -0.003
  21.200	     -6.423	   2338.578	    2338.578	     -1.889	      0.000	     -0.001
  21.600	     -6.433	   2338.567	    2338.567	      0.536	      0.000	      0.000
  22.000	     -6.409	   2338.590	    2338.590	      2.725	      0.000	      0.001
  22.400	     -6.345	   2338.651	    2338.651	      4.858	      0.000	      0.004
  22.800	     -6.245	   2338.747	    2338.747	      7.472	      0.000	      0.009
  23.200	     -6.108	   2338.878	    2338.878	      9.551	      0.000	      0.014
  23.600	     -5.935	   2339.044	    2339.044	     11.739	      0.000	      0.021
  24.000	     -5.729	   2339.242	    2339.242	     13.614	      0.000	      0.029
  24.400	     -5.489	   2339.472	    2339.472	     15.767	      0.000	      0.039
  24.800	     -5.225	   2339.728	    2339.728	     17.344	      0.000	      0.047
  25.200	     -4.934	   2340.010	    2340.010	     18.870	      0.000	      0.056
  25.600	     -4.623	   2340.313	    2340.313	     20.160	      0.000	      0.064
  26.000	     -4.294	   2340.636	    2340.636	     21.143	      0.000	      0.070
  26.400	     -3.952	   2340.971	    2340.971	     22.120	      0.000	      0.077
  26.800	     -3.603	   2341.318	    2341.318	     22.484	      0.000	      0.079
  27.200	     -3.249	   2341.670	    2341.670	     22.750	      0.000	      0.081
  27.600	     -2.896	   2342.024	    2342.024	     22.562	      0.000	      0.080
  28.000	     -2.545	   2342.375	    2342.375	     22.515	      0.000	      0.080
  28.400	     -2.206	   2342.719	    2342.719	     21.813	      0.000	      0.075
  28.800	     -1.878	   2343.053	    2343.053	     20.988	      0.000	      0.069
  29.200	     -1.567	   2343.371	    2343.371	     19.918	      0.000	      0.063
  29.600	     -1.274	   2343.671	    2343.671	     18.559	      0.000	      0.054
  30.000	     -1.005	   2343.948	    2343.948	     17.233	      0.000	      0.047
  30.400	     -0.762	   2344.201	    2344.201	     15.262	      0.000	      0.037
  30.800	     -0.544	   2344.427	    2344.427	     13.551	      0.000	      0.029
  31.200	     -0.357	   2344.622	    2344.622	     11.545	      0.000	      0.021
  31.600	     -0.199	   2344.786	    2344.786	      9.614	      0.000	      0.015
  32.000	     -0.075	   2344.917	    2344.917	      7.378	      0.000	      0.009
  32.400	      0.020	   2345.016	    2345.016	      5.229	      0.000	      0.004
  32.800	      0.081	   2345.080	    2345.080	      3.111	      0.000	      0.002
  33.200	      0.113	   2345.112	    2345.112	      0.989	      0.000	      0.000
  33.600	      0.112	   2345.112	    2345.112	     -0.804	      0.000	     -0.000
  34.000	      0.081	   2345.083	    2345.083	     -2.927	      0.000	     -0.001
  34.400	      0.023	   2345.026	    2345.026	     -4.498	      0.000	     -0.003
  34.800	     -0.062	   2344.944	    2344.944	     -6.043	      0.000	     -0.006
  35.200	     -0.169	   2344.840	    2344.840	     -7.244	      0.000	     -0.008
  35.600	     -0.296	   2344.715	    2344.715	     -8.583	      0.000	     -0.012
  36.000	     -0.436	   2344.577	    2344.577	     -9.365	      0.000	     -0.014
  36.400	     -0.589	   2344.426	    2344.426	     -9.874	      0.000	     -0.015
  36.800	     -0.749	   2344.268	    2344.268	    -10.402	      0.000	     -0.017
  37.200	     -0.913	   2344.104	    2344.104	    -10.335	      0.000	     -0.017
  37.600	     -1.075	   2343.942	    2343.942	    -10.471	      0.000	     -0.017
  38.000	     -1.231	   2343.784	    2343.784	     -9.951	      0.000	     -0.016
  38.400	     -1.380	   2343.634	    2343.634	     -9.298	      0.000	     -0.014
  38.800	     -1.515	   2343.496	    2343.496	     -8.279	      0.000	     -0.011
  39.200	     -1.635	   2343.373	    2343.373	     -7.379	      0.000	     -0.009
  39.600	     -1.734	   2343.271	    2343.271	     -5.957	      0.000	     -0.006
  40.000	     -1.813	   2343.190	    2343.190	     -4.296	      0.000	     -0.003
  40.400	     -1.867	   2343.135	    2343.135	     -2.740	      0.000	     -0.001
  40.800	     -1.894	   2343.106	    2343.106	     -0.846	      0.000	     -0.000
  41.200	     -1.892	   2343.108	    2343.108	      0.952	      0.000	      0.000
  41.600	     -1.858	   2343.141	    2343.141	      3.225	      0.000	      0.002
  42.000	     -1.791	   2343.205	    2343.205	      5.234	      0.000	      0.004
  42.400	     -1.688	   2343.303	    2343.303	      7.487	      0.000	      0.009
  42.800	     -1.552	   2343.434	    2343.434	      9.382	      0.000	      0.014
  43.200	     -1.380	   2343.599	    2343.599	     11.549	      0.000	      0.021
  43.600	     -1.177	   2343.794	    2343.794	     13.709	      0.000	      0.029
  44.000	     -0.942	   2344.021	    2344.021	     15.490	      0.000	      0.038
  44.400	     -0.677	   2344.276	    2344.276	     17.314	      0.000	      0.047
  44.800	     -0.387	   2344.558	    2344.558	     18.791	      0.000	      0.055
  45.200	     -0.070	   2344.864	    2344.864	     20.465	      0.000	      0.066
  45.600	      0.264	   2345.190	    2345.190	     21.620	      0.000	      0.073
  46.000	      0.615	   2345.535	    2345.535	     22.639	      0.000	      0.080
  46.400	      0.979	   2345.893	    2345.893	     23.318	      0.000	      0.085
  46.800	      1.354	   2346.263	    2346.263	     24.042	      0.000	      0.091
  47.200	      1.731	   2346.638	    2346.638	     24.369	      0.000	      0.094
  47.600	      2.108	   2347.016	    2347.016	     24.280	      0.000	      0.093
  48.000	      2.483	   2347.392	    2347.392	     24.070	      0.000	      0.091
  48.400	      2.850	   2347.763	    2347.763	     23.437	      0.000	      0.086
  48.800	      3.207	   2348.124	    2348.124	     22.922	      0.000	      0.083
  49.200	      3.547	   2348.472	    2348.472	     21.860	      0.000	      0.075
  49.600	      3.870	   2348.803	    2348.803	     20.636	      0.000	      0.067
  50.000	      4.170	   2349.113	    2349.113	     19.111	      0.000	      0.058
  50.400	      4.450	   2349.400	    2349.400	     17.675	      0.000	      0.049
  50.800	      4.700	   2349.659	    2349.659	     15.926	      0.000	      0.040
  51.200	      4.921	   2349.891	    2349.891	     13.757	      0.000	      0.030
  51.600	      5.112	   2350.090	    2350.090	     11.806	      0.000	      0.022
  52.000	      5.272	   2350.257	    2350.257	      9.588	      0.000	      0.015
  52.400	      5.398	   2350.389	    2350.389	      7.458	      0.000	      0.009
  52.800	      5.490	   2350.485	    2350.485	      5.086	      0.000	      0.004
  53.200	      5.548	   2350.547	    2350.547	      2.722	      0.000	      0.001
  53.600	      5.571	   2350.571	    2350.571	      0.299	      0.000	      0.000
  54.000	      5.559	   2350.560	    2350.560	     -1.808	      0.000	     -0.000
  54.400	      5.510	   2350.512	    2350.512	     -3.989	      0.000	     -0.002
  54.800	      5.425	   2350.432	    2350.432	     -6.360	      0.000	     -0.006
  55.200	      5.308	   2350.319	    2350.319	     -8.261	      0.000	     -0.011
  55.600	      5.159	   2350.175	    2350.175	    -10.164	      0.000	     -0.016
  56.000	      4.982	   2350.004	    2350.004	    -11.749	      0.000	     -0.022
  56.400	      4.779	   2349.807	    2349.807	    -13.449	      0.000	     -0.028
  56.800	      4.555	   2349.589	    2349.589	    -14.707	      0.000	     -0.034
  57.200	      4.312	   2349.351	    2349.351	    -15.803	      0.000	     -0.039
  57.600	      4.056	   2349.099	    2349.099	    -16.579	      0.000	     -0.043
  58.000	      3.788	   2348.834	    2348.834	    -17.150	      0.000	     -0.046
  58.400	      3.512	   2348.562	    2348.562	    -17.782	      0.000	     -0.050
  58.800	      3.236	   2348.286	    2348.286	    -17.805	      0.000	     -0.050
  59.200	      2.960	   2348.009	    2348.009	    -17.720	      0.000	     -0.049
  59.600	      2.689	   2347.736	    2347.736	    -17.260	      0.000	     -0.047
  60.000	      2.425	   2347.470	    2347.470	    -16.882	      0.000	     -0.045
  60.400	      2.174	   2347.215	    2347.215	    -16.054	      0.000	     -0.041
  60.800	      1.936	   2346.972	    2346.972	    -15.070	      0.000	     -0.036
  61.200	      1.717	   2346.747	    2346.747	    -13.839	      0.000	     -0.030
  61.600	      1.514	   2346.539	    2346.539	    -12.592	      0.000	     -0.025
  62.000	      1.334	   2346.355	    2346.355	    -11.312	      0.000	     -0.020
  62.400	      1.178	   2346.192	    2346.192	     -9.566	      0.000	     -0.015
  62.800	      1.044	   2346.055	    2346.055	     -8.049	      0.000	     -0.010
  63.200	      0.936	   2345.942	    2345.942	     -6.248	      0.000	     -0.006
  63.600	      0.853	   2345.856	    2345.856	     -4.745	      0.000	     -0.004
  64.000	      0.796	   2345.798	    2345.798	     -2.994	      0.000	     -0.001
  64.400	      0.764	   2345.764	    2345.764	     -1.294	      0.000	     -0.000
  64.800	      0.757	   2345.757	    2345.757	      0.408	      0.000	      0.000
  65.200	      0.774	   2345.773	    2345.773	      1.885	      0.000	      0.001
  65.600	      0.816	   2345.814	    2345.814	      3.170	      0.000	      0.002
  66.000	      0.879	   2345.876	    2345.876	      4.690	      0.000	      0.003
  66.400	      0.961	   2345.956	    2345.956	      5.748	      0.000	      0.005
  66.800	      1.061	   2346.054	    2346.054	      6.752	      0.000	      0.007
  67.200	      1.173	   2346.165	    2346.165	      7.451	      0.000	      0.009
  67.600	      1.298	   2346.288	    2346.288	      8.188	      0.000	      0.011
  68.000	      1.428	   2346.417	    2346.417	      8.530	      0.000	      0.011
  68.400	      1.563	   2346.551	    2346.551	      8.798	      0.000	      0.012
  68.800	      1.698	   2346.686	    2346.686	      8.676	      0.000	      0.012
  69.200	      1.830	   2346.820	    2346.820	      8.271	      0.000	      0.011
  69.600	      1.957	   2346.947	    2346.947	      8.018	      0.000	      0.010
  70.000	      2.073	   2347.065	    2347.065	      7.248	      0.000	      0.008
  70.400	      2.177	   2347.171	    2347.171	      6.371	      0.000	      0.006
  70.800	      2.266	   2347.262	    2347.262	      5.205	      0.000	      0.004
  71.200	      2.338	   2347.335	    2347.335	      4.111	      0.000	      0.003
  71.600	      2.388	   2347.387	    2347.387	      2.679	      0.000	      0.001
  72.000	      2.417	   2347.417	    2347.417	      1.134	      0.000	      0.000
  72.400	      2.422	   2347.422	    2347.422	     -0.500	      0.000	     -0.000
  72.800	      2.400	   2347.401	    2347.401	     -2.281	      0.000	     -0.001
  73.200	      2.350	   2347.352	    2347.352	     -3.937	      0.000	     -0.002
  73.600	      2.269	   2347.275	    2347.275	     -5.844	      0.000	     -0.005
  74.000	      2.160	   2347.169	    2347.169	     -7.712	      0.000	     -0.009
  74.400	      2.021	   2347.035	    2347.035	     -9.634	      0.000	     -0.015
  74.800	      1.853	   2346.873	    2346.873	    -11.269	      0.000	     -0.020
  75.200	      1.656	   2346.683	    2346.683	    -13.021	      0.000	     -0.026
  75.600	      1.434	   2346.467	    2346.467	    -14.679	      0.000	     -0.034
  76.000	      1.186	   2346.227	    2346.227	    -16.178	      0.000	     -0.041
  76.400	      0.917	   2345.965	    2345.965	    -17.575	      0.000	     -0.048
  76.800	      0.628	   2345.682	    2345.682	    -18.647	      0.000	     -0.055
  77.200	      0.320	   2345.382	    2345.382	    -19.845	      0.000	     -0.062
  77.600	      0.001	   2345.068	    2345.068	    -20.625	      0.000	     -0.067
  78.000	     -0.329	   2344.742	    2344.742	    -21.265	      0.000	     -0.071
  78.400	     -0.666	   2344.408	    2344.408	    -21.624	      0.000	     -0.073
  78.800	     -1.008	   2344.068	    2344.068	    -21.858	      0.000	     -0.075
  79.200	     -1.348	   2343.727	    2343.727	    -21.909	      0.000	     -0.076
  79.600	     -1.686	   2343.388	    2343.388	    -21.679	      0.000	     -0.074
  80.000	     -2.017	   2343.054	    2343.054	    -21.261	      0.000	     -0.071
  80.400	     -2.338	   2342.728	    2342.728	    -20.485	      0.000	     -0.066
  80.800	     -2.648	   2342.414	    2342.414	    -19.812	      0.000	     -0.062
  81.200	     -2.940	   2342.115	    2342.115	    -18.723	      0.000	     -0.055
  81.600	     -3.215	   2341.833	    2341.833	    -17.504	      0.000	     -0.048
  82.000	     -3.469	   2341.572	    2341.572	    -16.070	      0.000	     -0.041
  82.400	     -3.703	   2341.331	    2341.331	    -14.670	      0.000	     -0.034
  82.800	     -3.910	   2341.117	    2341.117	    -13.016	      0.000	     -0.027
  83.200	     -4.092	   2340.928	    2340.928	    -11.199	      0.000	     -0.020
  83.600	     -4.247	   2340.767	    2340.767	     -9.469	      0.000	     -0.014
  84.000	     -4.375	   2340.634	    2340.634	     -7.457	      0.000	     -0.009
  84.400	     -4.474	   2340.531	    2340.531	     -5.735	      0.000	     -0.005
  84.800	     -4.544	   2340.459	    2340.459	     -3.762	      0.000	     -0.002
  85.200	     -4.586	   2340.415	    2340.415	     -1.824	      0.000	     -0.001
  85.600	     -4.599	   2340.401	    2340.401	      0.125	      0.000	      0.000
  86.000	     -4.583	   2340.416	    2340.416	      1.833	      0.000	      0.001
  86.400	     -4.538	   2340.460	    2340.460	      3.597	      0.000	      0.002
  86.800	     -4.467	   2340.529	    2340.529	      5.343	      0.000	      0.004
  87.200	     -4.370	   2340.623	    2340.623	      6.796	      0.000	      0.007
  87.600	     -4.250	   2340.740	    2340.740	      8.233	      0.000	      0.011
  88.000	     -4.109	   2340.877	    2340.877	      9.364	      0.000	      0.014
  88.400	     -3.949	   2341.033	    2341.033	     10.560	      0.000	      0.017
  88.800	     -3.776	   2341.204	    2341.204	     11.418	      0.000	      0.020
  89.200	     -3.590	   2341.387	    2341.387	     12.201	      0.000	      0.023
  89.600	     -3.396	   2341.579	    2341.579	     12.576	      0.000	      0.025
  90.000	     -3.195	   2341.779	    2341.779	     12.907	      0.000	      0.026
  90.400	     -2.991	   2341.982	    2341.982	     13.138	      0.000	      0.027
  90.800	     -2.789	   2342.185	    2342.185	     12.992	      0.000	      0.027
  91.200	     -2.589	   2342.385	    2342.385	     12.760	      0.000	      0.026
  91.600	     -2.397	   2342.580	    2342.580	     12.209	      0.000	      0.023
  92.000	     -2.211	   2342.767	    2342.767	     11.731	      0.000	      0.022
  92.400	     -2.039	   2342.942	    2342.942	     10.929	      0.000	      0.019
  92.800	     -1.879	   2343.105	    2343.105	      9.998	      0.000	      0.016
  93.200	     -1.735	   2343.253	    2343.253	      8.895	      0.000	      0.013
  93.600	     -1.606	   2343.384	    2343.384	      7.830	      0.000	      0.010
  94.000	     -1.498	   2343.495	    2343.495	      6.642	      0.000	      0.007
  94.400	     -1.408	   2343.587	    2343.587	      5.277	      0.000	      0.004
  94.800	     -1.339	   2343.659	    2343.659	      3.936	      0.000	      0.002
  95.200	     -1.290	   2343.709	    2343.709	      2.462	      0.000	      0.001
  95.600	     -1.261	   2343.739	    2343.739	      1.243	      0.000	      0.000
  96.000	     -1.254	   2343.746	    2343.746	     -0.124	      0.000	     -0.000
  96.400	     -1.266	   2343.734	    2343.734	     -1.446	      0.000	     -0.000
  96.800	     -1.299	   2343.702	    2343.702	     -2.727	      0.000	     -0.001
  97.200	     -1.350	   2343.652	    2343.652	     -3.761	      0.000	     -0.002
  97.600	     -1.419	   2343.584	    2343.584	     -4.728	      0.000	     -0.003
  98.000	     -1.503	   2343.503	    2343.503	     -5.767	      0.000	     -0.005
  98.400	     -1.599	   2343.408	    2343.408	     -6.435	      0.000	     -0.006
  98.800	     -1.705	   2343.303	    2343.303	     -7.056	      0.000	     -0.008
  99.200	     -1.818	   2343.190	    2343.190	     -7.390	      0.000	     -0.009
  99.600	     -1.937	   2343.072	    2343.072	     -7.643	      0.000	     -0.009
 100.000	     -2.058	   2342.952	    2342.952	     -7.759	      0.000	     -0.009
 100.400	     -2.178	   2342.832	    2342.832	     -7.691	      0.000	     -0.009
 100.800	     -2.292	   2342.716	    2342.716	     -7.276	      0.000	     -0.008
 101.200	     -2.402	   2342.605	    2342.605	     -6.727	      0.000	     -0.007
 101.600	     -2.502	   2342.504	    2342.504	     -6.217	      0.000	     -0.006
 102.000	     -2.589	   2342.415	    2342.415	     -5.309	      0.000	     -0.004
 102.400	     -2.663	   2342.340	    2342.340	     -4.331	      0.000	     -0.003
 102.800	     -2.720	   2342.282	    2342.282	     -3.105	      0.000	     -0.002
 103.200	     -2.759	   2342.242	    2342.242	     -1.930	      0.000	     -0.001
 103.600	     -2.777	   2342.223	    2342.223	     -0.537	      0.000	     -0.000
 104.000	     -2.773	   2342.227	    2342.227	      0.957	      0.000	      0.000
 104.400	     -2.745	   2342.254	    2342.254	      2.558	      0.000	      0.001
 104.800	     -2.692	   2342.305	    2342.305	      4.232	      0.000	      0.003
 105.200	     -2.613	   2342.382	    2342.382	      5.686	      0.000	      0.005
 105.600	     -2.507	   2342.485	    2342.485	      7.396	      0.000	      0.008
 106.000	     -2.375	   2342.613	    2342.613	      9.023	      0.000	      0.013
 106.400	     -2.217	   2342.766	    2342.766	     10.694	      0.000	      0.018
 106.800	     -2.035	   2342.942	    2342.942	     12.110	      0.000	      0.023
 107.200	     -1.828	   2343.143	    2343.143	     13.555	      0.000	      0.029
 107.600	     -1.600	   2343.365	    2343.365	     14.923	      0.000	      0.035
 108.000	     -1.352	   2343.607	    2343.607	     16.183	      0.000	      0.041
 108.400	     -1.087	   2343.866	    2343.866	     17.234	      0.000	      0.047
 108.800	     -0.807	   2344.141	    2344.141	     18.047	      0.000	      0.051
 109.200	     -0.514	   2344.430	    2344.430	     18.928	      0.000	      0.056
 109.600	     -0.213	   2344.728	    2344.728	     19.451	      0.000	      0.059
 110.000	      0.096	   2345.034	    2345.034	     19.932	      0.000	      0.062
 110.400	      0.407	   2345.344	    2345.344	     20.003	      0.000	      0.063
 110.800	      0.720	   2345.657	    2345.657	     20.014	      0.000	      0.063
 111.200	      1.030	   2345.967	    2345.967	     19.875	      0.000	      0.062
 111.600	      1.334	   2346.274	    2346.274	     19.549	      0.000	      0.060
 112.000	      1.630	   2346.573	    2346.573	     18.960	      0.000	      0.057
 112.400	      1.914	   2346.862	    2346.862	     18.129	      0.000	      0.052
 112.800	      2.187	   2347.139	    2347.139	     17.372	      0.000	      0.048
 113.200	      2.442	   2347.401	    2347.401	     16.279	      0.000	      0.042
 113.600	      2.681	   2347.645	    2347.645	     15.101	      0.000	      0.036
 114.000	      2.899	   2347.869	    2347.869	     13.734	      0.000	      0.030
 114.400	      3.098	   2348.073	    2348.073	     12.381	      0.000	      0.024
 114.800	      3.272	   2348.254	    2348.254	     10.872	      0.000	      0.019
 115.200	      3.424	   2348.411	    2348.411	      9.355	      0.000	      0.014
 115.600	      3.552	   2348.542	    2348.542	      7.670	      0.000	      0.009
 116.000	      3.654	   2348.649	    2348.649	      5.917	      0.000	      0.006
 116.400	      3.733	   2348.729	    2348.729	      4.398	      0.000	      0.003
 116.800	      3.785	   2348.784	    2348.784	      2.708	      0.000	      0.001
 117.200	      3.813	   2348.813	    2348.813	      1.078	      0.000	      0.000
 117.600	      3.817	   2348.817	    2348.817	     -0.552	      0.000	     -0.000
 118.000	      3.798	   2348.798	    2348.798	     -1.978	      0.000	     -0.001
 118.400	      3.754	   2348.756	    2348.756	     -3.388	      0.000	     -0.002
 118.800	      3.689	   2348.693	    2348.693	     -4.720	      0.000	     -0.003
 119.200	      3.604	   2348.610	    2348.610	     -5.903	      0.000	     -0.005
 119.600	      3.502	   2348.510	    2348.510	     -6.989	      0.000	     -0.008
 120.000	      3.385	   2348.394	    2348.394	     -7.794	      0.000	     -0.010
 120.400	      3.254	   2348.266	    2348.266	     -8.563	      0.000	     -0.012
 120.800	      3.114	   2348.127	    2348.127	     -9.184	      0.000	     -0.013
 121.200	      2.966	   2347.981	    2347.981	     -9.655	      0.000	     -0.015
 121.600	      2.815	   2347.830	    2347.830	     -9.813	      0.000	     -0.015
 122.000	      2.660	   2347.676	    2347.676	     -9.880	      0.000	     -0.015
 122.400	      2.507	   2347.522	    2347.522	     -9.828	      0.000	     -0.015
 122.800	      2.357	   2347.371	    2347.371	     -9.575	      0.000	     -0.014
 123.200	      2.212	   2347.226	    2347.226	     -9.183	      0.000	     -0.013
 123.600	      2.076	   2347.087	    2347.087	     -8.528	      0.000	     -0.011
 124.000	      1.949	   2346.959	    2346.959	     -7.937	      0.000	     -0.010
 124.400	      1.834	   2346.842	    2346.842	     -7.103	      0.000	     -0.008
 124.800	      1.733	   2346.739	    2346.739	     -6.180	      0.000	     -0.006
 125.200	      1.646	   2346.651	    2346.651	     -5.133	      0.000	     -0.004
 125.600	      1.575	   2346.578	    2346.578	     -4.029	      0.000	     -0.003
 126.000	      1.522	   2346.524	    2346.524	     -2.962	      0.000	     -0.001
 126.400	      1.486	   2346.487	    2346.487	     -1.791	      0.000	     -0.001
 126.800	      1.469	   2346.469	    2346.469	     -0.609	      0.000	     -0.000
 127.200	      1.469	   2346.469	    2346.469	      0.675	      0.000	      0.000
 127.600	      1.487	   2346.487	    2346.487	      1.717	      0.000	      0.000
 128.000	      1.524	   2346.523	    2346.523	      2.845	      0.000	      0.001
 128.400	      1.578	   2346.576	    2346.576	      3.910	      0.000	      0.002
 128.800	      1.648	   2346.645	    2346.645	      4.909	      0.000	      0.004
 129.200	      1.732	   2346.727	    2346.727	      5.712	      0.000	      0.005
 129.600	      1.828	   2346.822	    2346.822	      6.439	      0.000	      0.006
 130.000	      1.935	   2346.927	    2346.927	      7.101	      0.000	      0.008
 130.400	      2.050	   2347.041	    2347.041	      7.515	      0.000	      0.009
 130.800	      2.171	   2347.161	    2347.161	      7.938	      0.000	      0.010
 131.200	      2.294	   2347.284	    2347.284	      7.948	      0.000	      0.010
 131.600	      2.419	   2347.409	    2347.409	      7.947	      0.000	      0.010
 132.000	      2.541	   2347.532	    2347.532	      7.799	      0.000	      0.010
 132.400	      2.659	   2347.651	    2347.651	      7.493	      0.000	      0.009
 132.800	      2.770	   2347.762	    2347.762	      6.914	      0.000	      0.008
 133.200	      2.872	   2347.866	    2347.866	      6.226	      0.000	      0.006
 133.600	      2.961	   2347.957	    2347.957	      5.473	      0.000	      0.005
 134.000	      3.037	   2348.034	    2348.034	      4.471	      0.000	      0.003
 134.400	      3.097	   2348.095	    2348.095	      3.415	      0.000	      0.002
 134.800	      3.139	   2348.139	    2348.139	      2.129	      0.000	      0.001
 135.200	      3.163	   2348.163	    2348.163	      0.891	      0.000	      0.000
 135.600	      3.165	   2348.165	    2348.165	     -0.504	      0.000	     -0.000
 136.000	      3.146	   2348.146	    2348.146	     -1.905	      0.000	     -0.001
 136.400	      3.102	   2348.104	    2348.104	     -3.500	      0.000	     -0.002
 136.800	      3.034	   2348.038	    2348.038	     -5.046	      0.000	     -0.004
 137.200	      2.942	   2347.948	    2347.948	     -6.496	      0.000	     -0.006
 137.600	      2.825	   2347.835	    2347.835	     -8.044	      0.000	     -0.010
 138.000	      2.684	   2347.698	    2347.698	     -9.504	      0.000	     -0.014
 138.400	      2.520	   2347.539	    2347.539	    -11.002	      0.000	     -0.019
 138.800	      2.335	   2347.358	    2347.358	    -12.261	      0.000	     -0.024
 139.200	      2.128	   2347.157	    2347.157	    -13.506	      0.000	     -0.029
 139.600	      1.904	   2346.938	    2346.938	    -14.660	      0.000	     -0.034
 140.000	      1.663	   2346.701	    2346.701	    -15.700	      0.000	     -0.039
 140.400	      1.408	   2346.451	    2346.451	    -16.531	      0.000	     -0.043
 140.800	      1.142	   2346.188	    2346.188	    -17.207	      0.000	     -0.046
 141.200	      0.865	   2345.915	    2345.915	    -17.780	      0.000	     -0.050
 141.600	      0.583	   2345.635	    2345.635	    -18.182	      0.000	     -0.052
 142.000	      0.296	   2345.350	    2345.350	    -18.476	      0.000	     -0.054
 142.400	      0.009	   2345.063	    2345.063	    -18.433	      0.000	     -0.053
 142.800	     -0.277	   2344.776	    2344.776	    -18.304	      0.000	     -0.053
 143.200	     -0.558	   2344.493	    2344.493	    -18.049	      0.000	     -0.051
 143.600	     -0.834	   2344.215	    2344.215	    -17.628	      0.000	     -0.049
 144.000	     -1.099	   2343.947	    2343.947	    -16.971	      0.000	     -0.045
 144.400	     -1.353	   2343.688	    2343.688	    -16.173	      0.000	     -0.041
 144.800	     -1.595	   2343.442	    2343.442	    -15.363	      0.000	     -0.037
 145.200	     -1.821	   2343.212	    2343.212	    -14.306	      0.000	     -0.032
 145.600	     -2.030	   2342.998	    2342.998	    -13.204	      0.000	     -0.028
 146.000	     -2.220	   2342.802	    2342.802	    -11.935	      0.000	     -0.023
 146.400	     -2.392	   2342.626	    2342.626	    -10.616	      0.000	     -0.018
 146.800	     -2.543	   2342.470	    2342.470	     -9.321	      0.000	     -0.014
 147.200	     -2.674	   2342.336	    2342.336	     -7.954	      0.000	     -0.010
 147.600	     -2.782	   2342.225	    2342.225	     -6.473	      0.000	     -0.007
 148.000	     -2.869	   2342.135	    2342.135	     -4.996	      0.000	     -0.004
 148.400	     -2.935	   2342.067	    2342.067	     -3.668	      0.000	     -0.002
 148.800	     -2.979	   2342.022	    2342.022	     -2.241	      0.000	     -0.001
 149.200	     -3.003	   2341.998	    2341.998	     -0.900	      0.000	     -0.000
 149.600	     -3.006	   2341.994	    2341.994	      0.441	      0.000	      0.000
 150.000	     -2.990	   2342.009	    2342.009	      1.607	      0.000	      0.000
 150.400	     -2.955	   2342.044	    2342.044	      2.710	      0.000	      0.001
 150.800	     -2.904	   2342.094	    2342.094	      3.737	      0.000	      0.002
 151.200	     -2.837	   2342.160	    2342.160	      4.654	      0.000	      0.003
 151.600	     -2.758	   2342.238	    2342.238	      5.479	      0.000	      0.005
 152.000	     -2.668	   2342.327	    2342.327	      5.992	      0.000	      0.006
 152.400	     -2.568	   2342.425	    2342.425	      6.513	      0.000	      0.007
 152.800	     -2.463	   2342.529	    2342.529	      6.866	      0.000	      0.007
 153.200	     -2.354	   2342.638	    2342.638	      7.121	      0.000	      0.008
 153.600	     -2.244	   2342.748	    2342.748	      7.115	      0.000	      0.008
 154.000	     -2.133	   2342.859	    2342.859	      7.006	      0.000	      0.008
 154.400	     -2.026	   2342.967	    2342.967	      6.807	      0.000	      0.007
 154.800	     -1.923	   2343.070	    2343.070	      6.469	      0.000	      0.007
 155.200	     -1.828	   2343.167	    2343.167	      5.973	      0.000	      0.006
 155.600	     -1.741	   2343.255	    2343.255	      5.304	      0.000	      0.004
 156.000	     -1.663	   2343.333	    2343.333	      4.676	      0.000	      0.003
 156.400	     -1.598	   2343.399	    2343.399	      3.859	      0.000	      0.002
 156.800	     -1.546	   2343.453	    2343.453	      3.059	      0.000	      0.001
 157.200	     -1.507	   2343.492	    2343.492	      2.045	      0.000	      0.001
 157.600	     -1.483	   2343.517	    2343.517	      1.051	      0.000	      0.000
 158.000	     -1.474	   2343.526	    2343.526	      0.093	      0.000	      0.000
 158.400	     -1.481	   2343.519	    2343.519	     -0.892	      0.000	     -0.000
 158.800	     -1.504	   2343.497	    2343.497	     -1.924	      0.000	     -0.001
 159.200	     -1.542	   2343.459	    2343.459	     -2.979	      0.000	     -0.001
 159.600	     -1.596	   2343.407	    2343.407	     -3.832	      0.000	     -0.002
 160.000	     -1.664	   2343.339	    2343.339	     -4.735	      0.000	     -0.003
 160.400	     -1.745	   2343.259	    2343.259	     -5.542	      0.000	     -0.005
 160.800	     -1.839	   2343.167	    2343.167	     -6.297	      0.000	     -0.006
 161.200	     -1.942	   2343.065	    2343.065	     -6.889	      0.000	     -0.007
 161.600	     -2.055	   2342.953	    2342.953	     -7.375	      0.000	     -0.009
 162.000	     -2.174	   2342.836	    2342.836	     -7.707	      0.000	     -0.009
 162.400	     -2.297	   2342.713	    2342.713	     -7.998	      0.000	     -0.010
 162.800	     -2.423	   2342.587	    2342.587	     -8.169	      0.000	     -0.011
 163.200	     -2.549	   2342.462	    2342.462	     -8.022	      0.000	     -0.010
 163.600	     -2.672	   2342.337	    2342.337	     -7.841	      0.000	     -0.010
 164.000	     -2.791	   2342.218	    2342.218	     -7.514	      0.000	     -0.009
 164.400	     -2.904	   2342.104	    2342.104	     -7.067	      0.000	     -0.008
 164.800	     -3.007	   2342.000	    2342.000	     -6.404	      0.000	     -0.006
 165.200	     -3.099	   2341.906	    2341.906	     -5.623	      0.000	     -0.005
 165.600	     -3.179	   2341.825	    2341.825	     -4.758	      0.000	     -0.004
 166.000	     -3.244	   2341.758	    2341.758	     -3.761	      0.000	     -0.002
 166.400	     -3.293	   2341.708	    2341.708	     -2.682	      0.000	     -0.001
 166.800	     -3.324	   2341.676	    2341.676	     -1.414	      0.000	     -0.000
 167.200	     -3.337	   2341.663	    2341.663	     -0.135	      0.000	     -0.000
 167.600	     -3.329	   2341.671	    2341.671	      1.157	      0.000	      0.000
 168.000	     -3.299	   2341.700	    2341.700	      2.497	      0.000	      0.001
 168.400	     -3.247	   2341.750	    2341.750	      3.950	      0.000	      0.002
 168.800	     -3.173	   2341.822	    2341.822	      5.387	      0.000	      0.005
 169.200	     -3.076	   2341.917	    2341.917	      6.748	      0.000	      0.007
 169.600	     -2.957	   2342.032	    2342.032	      8.107	      0.000	      0.010
 170.000	     -2.817	   2342.169	    2342.169	      9.417	      0.000	      0.014
 170.400	     -2.656	   2342.326	    2342.326	     10.746	      0.000	      0.018
 170.800	     -2.476	   2342.502	    2342.502	     11.861	      0.000	      0.022
 171.200	     -2.279	   2342.695	    2342.695	     12.939	      0.000	      0.026
 171.600	     -2.065	   2342.904	    2342.904	     13.909	      0.000	      0.030
 172.000	     -1.838	   2343.128	    2343.128	     14.770	      0.000	      0.034
 172.400	     -1.600	   2343.363	    2343.363	     15.519	      0.000	      0.038
 172.800	     -1.352	   2343.608	    2343.608	     16.017	      0.000	      0.040
 173.200	     -1.097	   2343.861	    2343.861	     16.425	      0.000	      0.042
 173.600	     -0.837	   2344.119	    2344.119	     16.693	      0.000	      0.044
 174.000	     -0.575	   2344.380	    2344.380	     16.877	      0.000	      0.045
 174.400	     -0.314	   2344.641	    2344.641	     16.762	      0.000	      0.044
 174.800	     -0.055	   2344.901	    2344.901	     16.561	      0.000	      0.043
 175.200	      0.198	   2345.157	    2345.157	     16.236	      0.000	      0.042
 175.600	      0.445	   2345.406	    2345.406	     15.770	      0.000	      0.039
 176.000	      0.682	   2345.646	    2345.646	     15.128	      0.000	      0.036
 176.400	      0.908	   2345.876	    2345.876	     14.358	      0.000	      0.033
 176.800	      1.122	   2346.093	    2346.093	     13.524	      0.000	      0.029
 177.200	      1.321	   2346.296	    2346.296	     12.540	      0.000	      0.025
 177.600	      1.504	   2346.483	    2346.483	     11.575	      0.000	      0.021
 178.000	      1.670	   2346.653	    2346.653	     10.355	      0.000	      0.017
 178.400	      1.819	   2346.806	    2346.806	      9.167	      0.000	      0.013
 178.800	      1.949	   2346.939	    2346.939	      7.971	      0.000	      0.010
 179.200	      2.061	   2347.054	    2347.054	      6.746	      0.000	      0.007
 179.600	      2.153	   2347.148	    2347.148	      5.453	      0.000	      0.005
 180.000	      2.226	   2347.223	    2347.223	      4.170	      0.000	      0.003
 180.400	      2.281	   2347.279	    2347.279	      2.977	      0.000	      0.001
 180.800	      2.316	   2347.316	    2347.316	      1.770	      0.000	      0.001
 181.200	      2.335	   2347.335	    2347.335	      0.657	      0.000	      0.000
 181.600	      2.336	   2347.336	    2347.336	     -0.468	      0.000	     -0.000
 182.000	      2.321	   2347.322	    2347.322	     -1.429	      0.000	     -0.000
 182.400	      2.291	   2347.292	    2347.292	     -2.318	      0.000	     -0.001
 182.800	      2.248	   2347.250	    2347.250	     -3.070	      0.000	     -0.001
 183.200	      2.193	   2347.195	    2347.195	     -3.812	      0.000	     -0.002
 183.600	      2.129	   2347.132	    2347.132	     -4.401	      0.000	     -0.003
 184.000	      2.057	   2347.060	    2347.060	     -4.785	      0.000	     -0.004
 184.400	      1.979	   2346.983	    2346.983	     -5.094	      0.000	     -0.004
 184.800	      1.898	   2346.902	    2346.902	     -5.257	      0.000	     -0.004
 185.200	      1.815	   2346.820	    2346.820	     -5.352	      0.000	     -0.005
 185.600	      1.734	   2346.738	    2346.738	     -5.220	      0.000	     -0.004
 186.000	      1.654	   2346.658	    2346.658	     -4.989	      0.000	     -0.004
 186.400	      1.579	   2346.582	    2346.582	     -4.671	      0.000	     -0.003
 186.800	      1.510	   2346.513	    2346.513	     -4.242	      0.000	     -0.003
 187.200	      1.449	   2346.452	    2346.452	     -3.685	      0.000	     -0.002
 187.600	      1.398	   2346.399	    2346.399	     -3.014	      0.000	     -0.001
 188.000	      1.357	   2346.357	    2346.357	     -2.277	      0.000	     -0.001
 188.400	      1.327	   2346.328	    2346.328	     -1.505	      0.000	     -0.000
 188.800	      1.311	   2346.311	    2346.311	     -0.711	      0.000	     -0.000
 189.200	      1.307	   2346.307	    2346.307	      0.231	      0.000	      0.000
 189.600	      1.318	   2346.318	    2346.318	      1.165	      0.000	      0.000
 190.000	      1.343	   2346.343	    2346.343	      2.054	      0.000	      0.001
 190.400	      1.383	   2346.382	    2346.382	      2.947	      0.000	      0.001
 190.800	      1.437	   2346.435	    2346.435	      3.860	      0.000	      0.002
 191.200	      1.505	   2346.502	    2346.502	      4.745	      0.000	      0.004
 191.600	      1.586	   2346.581	    2346.581	      5.503	      0.000	      0.005
 192.000	      1.679	   2346.673	    2346.673	      6.257	      0.000	      0.006
 192.400	      1.783	   2346.776	    2346.776	      6.892	      0.000	      0.007
 192.800	      1.897	   2346.888	    2346.888	      7.485	      0.000	      0.009
 193.200	      2.018	   2347.008	    2347.008	      7.982	      0.000	      0.010
 193.600	      2.145	   2347.134	    2347.134	      8.264	      0.000	      0.011
 194.000	      2.276	   2347.264	    2347.264	      8.465	      0.000	      0.011
 194.400	      2.409	   2347.398	    2347.398	      8.591	      0.000	      0.012
 194.800	      2.543	   2347.531	    2347.531	      8.591	      0.000	      0.012
 195.200	      2.674	   2347.663	    2347.663	      8.362	      0.000	      0.011
 195.600	      2.802	   2347.791	    2347.791	      8.070	      0.000	      0.010
 196.000	      2.923	   2347.914	    2347.914	      7.627	      0.000	      0.009
 196.400	      3.037	   2348.029	    2348.029	      7.094	      0.000	      0.008
 196.800	      3.140	   2348.133	    2348.133	      6.386	      0.000	      0.006
 197.200	      3.231	   2348.226	    2348.226	      5.553	      0.000	      0.005
 197.600	      3.309	   2348.306	    2348.306	      4.647	      0.000	      0.003
 198.000	      3.373	   2348.371	    2348.371	      3.642	      0.000	      0.002
 198.400	      3.420	   2348.419	    2348.419	      2.593	      0.000	      0.001
 198.800	      3.449	   2348.449	    2348.449	      1.334	      0.000	      0.000
 199.200	      3.461	   2348.461	    2348.461	      0.112	      0.000	      0.000
 199.600	      3.453	   2348.453	    2348.453	     -1.158	      0.000	     -0.000
 200.000	      3.424	   2348.425	    2348.425	     -2.422	      0.000	     -0.001
 200.400	      3.374	   2348.376	    2348.376	     -3.770	      0.000	     -0.002
 200.800	      3.304	   2348.308	    2348.308	     -5.111	      0.000	     -0.004
 201.200	      3.212	   2348.218	    2348.218	     -6.373	      0.000	     -0.006
 201.600	      3.101	   2348.110	    2348.110	     -7.607	      0.000	     -0.009
 202.000	      2.970	   2347.982	    2347.982	     -8.805	      0.000	     -0.012
 202.400	      2.820	   2347.836	    2347.836	     -9.973	      0.000	     -0.016
 202.800	      2.654	   2347.673	    2347.673	    -10.970	      0.000	     -0.019
 203.200	      2.472	   2347.495	    2347.495	    -11.920	      0.000	     -0.022
 203.600	      2.277	   2347.303	    2347.303	    -12.698	      0.000	     -0.025
 204.000	      2.070	   2347.098	    2347.098	    -13.471	      0.000	     -0.029
 204.400	      1.853	   2346.884	    2346.884	    -14.090	      0.000	     -0.031
 204.800	      1.629	   2346.662	    2346.662	    -14.508	      0.000	     -0.033
 205.200	      1.399	   2346.433	    2346.433	    -14.807	      0.000	     -0.034
 205.600	      1.166	   2346.201	    2346.201	    -15.007	      0.000	     -0.035
 206.000	      0.931	   2345.967	    2345.967	    -15.095	      0.000	     -0.036
 206.400	      0.698	   2345.733	    2345.733	    -14.943	      0.000	     -0.035
 206.800	      0.468	   2345.502	    2345.502	    -14.714	      0.000	     -0.034
 207.200	      0.244	   2345.276	    2345.276	    -14.350	      0.000	     -0.032
 207.600	      0.026	   2345.056	    2345.056	    -13.885	      0.000	     -0.030
 208.000	     -0.183	   2344.845	    2344.845	    -13.286	      0.000	     -0.028
 208.400	     -0.381	   2344.644	    2344.644	    -12.562	      0.000	     -0.025
 208.800	     -0.568	   2344.454	    2344.454	    -11.729	      0.000	     -0.022
 209.200	     -0.741	   2344.278	    2344.278	    -10.896	      0.000	     -0.019
 209.600	     -0.900	   2344.116	    2344.116	     -9.993	      0.000	     -0.016
 210.000	     -1.044	   2343.969	    2343.969	     -8.928	      0.000	     -0.013
 210.400	     -1.172	   2343.837	    2343.837	     -7.880	      0.000	     -0.010
 210.800	     -1.284	   2343.723	    2343.723	     -6.822	      0.000	     -0.007
 211.200	     -1.380	   2343.625	    2343.625	     -5.765	      0.000	     -0.005
 211.600	     -1.459	   2343.544	    2343.544	     -4.674	      0.000	     -0.003
 212.000	     -1.522	   2343.480	    2343.480	     -3.587	      0.000	     -0.002
 212.400	     -1.569	   2343.432	    2343.432	     -2.572	      0.000	     -0.001
 212.800	     -1.601	   2343.399	    2343.399	     -1.601	      0.000	     -0.000
 213.200	     -1.618	   2343.382	    2343.382	     -0.689	      0.000	     -0.000
 213.600	     -1.621	   2343.379	    2343.379	      0.214	      0.000	      0.000
 214.000	     -1.612	   2343.388	    2343.388	      1.012	      0.000	      0.000
 214.400	     -1.591	   2343.408	    2343.408	      1.658	      0.000	      0.000
 214.800	     -1.560	   2343.439	    2343.439	      2.222	      0.000	      0.001
 215.200	     -1.521	   2343.478	    2343.478	      2.728	      0.000	      0.001
 215.600	     -1.475	   2343.523	    2343.523	      3.134	      0.000	      0.002
 216.000	     -1.424	   2343.574	    2343.574	      3.364	      0.000	      0.002
 216.400	     -1.371	   2343.627	    2343.627	      3.489	      0.000	      0.002
 216.800	     -1.316	   2343.683	    2343.683	      3.518	      0.000	      0.002
 217.200	     -1.261	   2343.737	    2343.737	      3.483	      0.000	      0.002
 217.600	     -1.209	   2343.789	    2343.789	      3.262	      0.000	      0.002
 218.000	     -1.161	   2343.838	    2343.838	      2.953	      0.000	      0.001
 218.400	     -1.118	   2343.881	    2343.881	      2.558	      0.000	      0.001
 218.800	     -1.082	   2343.917	    2343.917	      2.077	      0.000	      0.001
 219.200	     -1.054	   2343.945	    2343.945	      1.554	      0.000	      0.000
 219.600	     -1.036	   2343.964	    2343.964	      0.854	      0.000	      0.000
 220.000	     -1.028	   2343.972	    2343.972	      0.130	      0.000	      0.000
 220.400	     -1.032	   2343.969	    2343.969	     -0.609	      0.000	     -0.000
 220.800	     -1.047	   2343.953	    2343.953	     -1.341	      0.000	     -0.000
 221.200	     -1.075	   2343.925	    2343.925	     -2.189	      0.000	     -0.001
 221.600	     -1.116	   2343.885	    2343.885	     -3.019	      0.000	     -0.001
 222.000	     -1.170	   2343.832	    2343.832	     -3.810	      0.000	     -0.002
 222.400	     -1.236	   2343.767	    2343.767	     -4.585	      0.000	     -0.003
 222.800	     -1.315	   2343.689	    2343.689	     -5.338	      0.000	     -0.004
 223.200	     -1.405	   2343.601	    2343.601	     -6.069	      0.000	     -0.006
 223.600	     -1.506	   2343.501	    2343.501	     -6.710	      0.000	     -0.007
 224.000	     -1.616	   2343.393	    2343.393	     -7.286	      0.000	     -0.008
 224.400	     -1.734	   2343.275	    2343.275	     -7.709	      0.000	     -0.009
 224.800	     -1.859	   2343.151	    2343.151	     -8.177	      0.000	     -0.011
 225.200	     -1.990	   2343.022	    2343.022	     -8.495	      0.000	     -0.011
 225.600	     -2.123	   2342.888	    2342.888	     -8.663	      0.000	     -0.012
 226.000	     -2.259	   2342.753	    2342.753	     -8.729	      0.000	     -0.012
 226.400	     -2.395	   2342.617	    2342.617	     -8.711	      0.000	     -0.012
 226.800	     -2.530	   2342.482	    2342.482	     -8.594	      0.000	     -0.012
 227.200	     -2.660	   2342.351	    2342.351	     -8.310	      0.000	     -0.011
 227.600	     -2.786	   2342.224	    2342.224	     -7.923	      0.000	     -0.010
 228.000	     -2.904	   2342.105	    2342.105	     -7.403	      0.000	     -0.009
 228.400	     -3.014	   2341.994	    2341.994	     -6.829	      0.000	     -0.007
 228.800	     -3.112	   2341.894	    2341.894	     -6.108	      0.000	     -0.006
 229.200	     -3.200	   2341.805	    2341.805	     -5.281	      0.000	     -0.004
 229.600	     -3.274	   2341.729	    2341.729	     -4.347	      0.000	     -0.003
 230.000	     -3.333	   2341.668	    2341.668	     -3.407	      0.000	     -0.002
 230.400	     -3.377	   2341.624	    2341.624	     -2.393	      0.000	     -0.001
 230.800	     -3.405	   2341.595	    2341.595	     -1.262	      0.000	     -0.000
 231.200	     -3.415	   2341.585	    2341.585	     -0.104	      0.000	     -0.000
 231.600	     -3.408	   2341.592	    2341.592	      1.080	      0.000	      0.000
 232.000	     -3.381	   2341.618	    2341.618	      2.233	      0.000	      0.001
 232.400	     -3.336	   2341.662	    2341.662	      3.446	      0.000	      0.002
 232.800	     -3.271	   2341.725	    2341.725	      4.647	      0.000	      0.003
 233.200	     -3.189	   2341.806	    2341.806	      5.786	      0.000	      0.005
 233.600	     -3.088	   2341.905	    2341.905	      6.885	      0.000	      0.007
 234.000	     -2.970	   2342.020	    2342.020	      7.928	      0.000	      0.010
 234.400	     -2.836	   2342.152	    2342.152	      8.927	      0.000	      0.013
 234.800	     -2.687	   2342.298	    2342.298	      9.857	      0.000	      0.015
 235.200	     -2.525	   2342.457	    2342.457	     10.646	      0.000	      0.018
 235.600	     -2.352	   2342.628	    2342.628	     11.315	      0.000	      0.020
 236.000	     -2.168	   2342.810	    2342.810	     11.945	      0.000	      0.022
 236.400	     -1.976	   2342.999	    2342.999	     12.459	      0.000	      0.024
 236.800	     -1.779	   2343.196	    2343.196	     12.799	      0.000	      0.026
 237.200	     -1.577	   2343.397	    2343.397	     13.030	      0.000	      0.027
 237.600	     -1.372	   2343.601	    2343.601	     13.155	      0.000	      0.027
 238.000	     -1.167	   2343.806	    2343.806	     13.174	      0.000	      0.027
 238.400	     -0.963	   2344.010	    2344.010	     13.036	      0.000	      0.027
 238.800	     -0.763	   2344.211	    2344.211	     12.806	      0.000	      0.026
 239.200	     -0.568	   2344.408	    2344.408	     12.439	      0.000	      0.024
 239.600	     -0.379	   2344.598	    2344.598	     12.001	      0.000	      0.023
 240.000	     -0.199	   2344.781	    2344.781	     11.494	      0.000	      0.021
 240.400	     -0.028	   2344.954	    2344.954	     10.802	      0.000	      0.018
 240.800	      0.132	   2345.116	    2345.116	     10.071	      0.000	      0.016
 241.200	      0.281	   2345.268	    2345.268	      9.300	      0.000	      0.014
 241.600	      0.417	   2345.406	    2345.406	      8.489	      0.000	      0.011
 242.000	      0.540	   2345.531	    2345.531	      7.584	      0.000	      0.009
 242.400	      0.649	   2345.642	    2345.642	      6.679	      0.000	      0.007
 242.800	      0.744	   2345.739	    2345.739	      5.752	      0.000	      0.005
 243.200	      0.825	   2345.821	    2345.821	      4.850	      0.000	      0.004
 243.600	      0.892	   2345.889	    2345.889	      3.938	      0.000	      0.002
 244.000	      0.945	   2345.944	    2345.944	      3.023	      0.000	      0.001
 244.400	      0.985	   2345.984	    2345.984	      2.174	      0.000	      0.001
 244.800	      1.012	   2346.012	    2346.012	      1.369	      0.000	      0.000
 245.200	      1.027	   2346.027	    2346.027	      0.662	      0.000	      0.000
 245.600	      1.031	   2346.031	    2346.031	     -0.072	      0.000	     -0.000
 246.000	      1.026	   2346.026	    2346.026	     -0.678	      0.000	     -0.000
 246.400	      1.011	   2346.011	    2346.011	     -1.192	      0.000	     -0.000
 246.800	      0.989	   2345.989	    2345.989	     -1.592	      0.000	     -0.000
 247.200	      0.961	   2345.961	    2345.961	     -1.936	      0.000	     -0.001
 247.600	      0.929	   2345.929	    2345.929	     -2.201	      0.000	     -0.001
 248.000	      0.893	   2345.894	    2345.894	     -2.313	      0.000	     -0.001
 248.400	      0.857	   2345.858	    2345.858	     -2.333	      0.000	     -0.001
 248.800	      0.821	   2345.822	    2345.822	     -2.261	      0.000	     -0.001
 249.200	      0.787	   2345.788	    2345.788	     -2.113	      0.000	     -0.001
 249.600	      0.757	   2345.758	    2345.758	     -1.830	      0.000	     -0.001
 250.000	      0.731	   2345.732	    2345.732	     -1.475	      0.000	     -0.000
 250.400	      0.712	   2345.712	    2345.712	     -0.992	      0.000	     -0.000
 250.800	      0.700	   2345.700	    2345.700	     -0.517	      0.000	     -0.000
 251.200	      0.696	   2345.696	    2345.696	      0.029	      0.000	      0.000
 251.600	      0.702	   2345.702	    2345.702	      0.691	      0.000	      0.000
 252.000	      0.718	   2345.718	    2345.718	      1.386	      0.000	      0.000
 252.400	      0.745	   2345.745	    2345.745	      2.082	      0.000	      0.001
 252.800	      0.784	   2345.783	    2345.783	      2.788	      0.000	      0.001
 253.200	      0.834	   2345.832	    2345.832	      3.558	      0.000	      0.002
 253.600	      0.896	   2345.893	    2345.893	      4.301	      0.000	      0.003
 254.000	      0.970	   2345.966	    2345.966	      5.025	      0.000	      0.004
 254.400	      1.054	   2346.049	    2346.049	      5.707	      0.000	      0.005
 254.800	      1.150	   2346.143	    2346.143	      6.345	      0.000	      0.006
 255.200	      1.255	   2346.247	    2346.247	      6.964	      0.000	      0.008
 255.600	      1.368	   2346.360	    2346.360	      7.532	      0.000	      0.009
 256.000	      1.490	   2346.480	    2346.480	      7.953	      0.000	      0.010
 256.400	      1.617	   2346.607	    2346.607	      8.307	      0.000	      0.011
 256.800	      1.751	   2346.739	    2346.739	      8.635	      0.000	      0.012
 257.200	      1.887	   2346.875	    2346.875	      8.846	      0.000	      0.012
 257.600	      2.026	   2347.013	    2347.013	      8.932	      0.000	      0.013
 258.000	      2.164	   2347.152	    2347.152	      8.909	      0.000	      0.012
 258.400	      2.302	   2347.290	    2347.290	      8.795	      0.000	      0.012
 258.800	      2.437	   2347.426	    2347.426	      8.602	      0.000	      0.012
 259.200	      2.568	   2347.557	    2347.557	      8.270	      0.000	      0.011
 259.600	      2.692	   2347.682	    2347.682	      7.826	      0.000	      0.010
 260.000	      2.809	   2347.800	    2347.800	      7.291	      0.000	      0.008
 260.400	      2.917	   2347.909	    2347.909	      6.697	      0.000	      0.007
 260.800	      3.014	   2348.008	    2348.008	      6.018	      0.000	      0.006
 261.200	      3.099	   2348.095	    2348.095	      5.188	      0.000	      0.004
 261.600	      3.172	   2348.169	    2348.169	      4.307	      0.000	      0.003
 262.000	      3.231	   2348.229	    2348.229	      3.385	      0.000	      0.002
 262.400	      3.275	   2348.274	    2348.274	      2.437	      0.000	      0.001
 262.800	      3.304	   2348.304	    2348.304	      1.391	      0.000	      0.000
 263.200	      3.317	   2348.317	    2348.317	      0.312	      0.000	      0.000
 263.600	      3.314	   2348.314	    2348.314	     -0.758	      0.000	     -0.000
 264.000	      3.294	   2348.295	    2348.295	     -1.803	      0.000	     -0.000
 264.400	      3.256	   2348.258	    2348.258	     -2.883	      0.000	     -0.001
 264.800	      3.202	   2348.205	    2348.205	     -3.947	      0.000	     -0.002
 265.200	      3.132	   2348.135	    2348.135	     -4.965	      0.000	     -0.004
 265.600	      3.045	   2348.051	    2348.051	     -5.937	      0.000	     -0.005
 266.000	      2.944	   2347.951	    2347.951	     -6.802	      0.000	     -0.007
 266.400	      2.829	   2347.838	    2347.838	     -7.698	      0.000	     -0.009
 266.800	      2.701	   2347.712	    2347.712	     -8.494	      0.000	     -0.011
 267.200	      2.562	   2347.575	    2347.575	     -9.167	      0.000	     -0.013
 267.600	      2.413	   2347.428	    2347.428	     -9.718	      0.000	     -0.015
 268.000	      2.256	   2347.272	    2347.272	    -10.232	      0.000	     -0.016
 268.400	      2.092	   2347.110	    2347.110	    -10.642	      0.000	     -0.018
 268.800	      1.923	   2346.942	    2346.942	    -10.912	      0.000	     -0.019
 269.200	      1.752	   2346.771	    2346.771	    -11.082	      0.000	     -0.019
 269.600	      1.578	   2346.598	    2346.598	    -11.138	      0.000	     -0.020
 270.000	      1.405	   2346.424	    2346.424	    -11.122	      0.000	     -0.019
 270.400	      1.234	   2346.253	    2346.253	    -10.989	      0.000	     -0.019
 270.800	      1.066	   2346.084	    2346.084	    -10.739	      0.000	     -0.018
 271.200	      0.902	   2345.919	    2345.919	    -10.349	      0.000	     -0.017
 271.600	      0.745	   2345.761	    2345.761	     -9.974	      0.000	     -0.016
 272.000	      0.595	   2345.609	    2345.609	     -9.495	      0.000	     -0.014
 272.400	      0.454	   2345.466	    2345.466	     -8.906	      0.000	     -0.013
 272.800	      0.322	   2345.333	    2345.333	     -8.265	      0.000	     -0.011
 273.200	      0.200	   2345.209	    2345.209	     -7.587	      0.000	     -0.009
 273.600	      0.089	   2345.096	    2345.096	     -6.899	      0.000	     -0.008
 274.000	     -0.011	   2344.995	    2344.995	     -6.154	      0.000	     -0.006
 274.400	     -0.099	   2344.905	    2344.905	     -5.379	      0.000	     -0.005
 274.800	     -0.176	   2344.828	    2344.828	     -4.597	      0.000	     -0.003
 275.200	     -0.241	   2344.762	    2344.762	     -3.861	      0.000	     -0.002
 275.600	     -0.294	   2344.708	    2344.708	     -3.129	      0.000	     -0.002
 276.000	     -0.336	   2344.665	    2344.665	     -2.404	      0.000	     -0.001
 276.400	     -0.368	   2344.633	    2344.633	     -1.705	      0.000	     -0.000
 276.800	     -0.390	   2344.610	    2344.610	     -1.111	      0.000	     -0.000
 277.200	     -0.403	   2344.597	    2344.597	     -0.580	      0.000	     -0.000
 277.600	     -0.407	   2344.593	    2344.593	     -0.076	      0.000	     -0.000
 278.000	     -0.405	   2344.595	    2344.595	      0.372	      0.000	      0.000
 278.400	     -0.396	   2344.604	    2344.604	      0.722	      0.000	      0.000
 278.800	     -0.383	   2344.617	    2344.617	      0.956	      0.000	      0.000
 279.200	     -0.366	   2344.634	    2344.634	      1.136	      0.000	      0.000
 279.600	     -0.348	   2344.652	    2344.652	      1.247	      0.000	      0.000
 280.000	     -0.328	   2344.671	    2344.671	      1.240	      0.000	      0.000
 280.400	     -0.310	   2344.690	    2344.690	      1.149	      0.000	      0.000
 280.800	     -0.293	   2344.707	    2344.707	      0.959	      0.000	      0.000
 281.200	     -0.280	   2344.720	    2344.720	      0.708	      0.000	      0.000
 281.600	     -0.271	   2344.729	    2344.729	      0.418	      0.000	      0.000
 282.000	     -0.268	   2344.732	    2344.732	     -0.008	      0.000	     -0.000
 282.400	     -0.272	   2344.728	    2344.728	     -0.505	      0.000	     -0.000
 282.800	     -0.284	   2344.716	    2344.716	     -1.019	      0.000	     -0.000
 283.200	     -0.304	   2344.696	    2344.696	     -1.562	      0.000	     -0.000
 283.600	     -0.334	   2344.667	    2344.667	     -2.193	      0.000	     -0.001
 284.000	     -0.374	   2344.628	    2344.628	     -2.842	      0.000	     -0.001
 284.400	     -0.423	   2344.579	    2344.579	     -3.504	      0.000	     -0.002
 284.800	     -0.483	   2344.519	    2344.519	     -4.159	      0.000	     -0.003
 285.200	     -0.554	   2344.449	    2344.449	     -4.810	      0.000	     -0.004
 285.600	     -0.635	   2344.369	    2344.369	     -5.454	      0.000	     -0.005
 286.000	     -0.726	   2344.280	    2344.280	     -6.085	      0.000	     -0.006
 286.400	     -0.826	   2344.181	    2344.181	     -6.659	      0.000	     -0.007
 286.800	     -0.935	   2344.073	    2344.073	     -7.146	      0.000	     -0.008
 287.200	     -1.052	   2343.957	    2343.957	     -7.668	      0.000	     -0.009
 287.600	     -1.176	   2343.835	    2343.835	     -8.093	      0.000	     -0.010
 288.000	     -1.305	   2343.706	    2343.706	     -8.433	      0.000	     -0.011
 288.400	     -1.439	   2343.573	    2343.573	     -8.681	      0.000	     -0.012
 288.800	     -1.576	   2343.436	    2343.436	     -8.865	      0.000	     -0.012
 289.200	     -1.715	   2343.298	    2343.298	     -8.963	      0.000	     -0.013
 289.600	     -1.854	   2343.158	    2343.158	     -8.967	      0.000	     -0.013
 290.000	     -1.993	   2343.020	    2343.020	     -8.861	      0.000	     -0.012
 290.400	     -2.129	   2342.883	    2342.883	     -8.662	      0.000	     -0.012
 290.800	     -2.261	   2342.750	    2342.750	     -8.404	      0.000	     -0.011
 291.200	     -2.388	   2342.622	    2342.622	     -8.031	      0.000	     -0.010
 291.600	     -2.508	   2342.501	    2342.501	     -7.573	      0.000	     -0.009
 292.000	     -2.621	   2342.387	    2342.387	     -6.997	      0.000	     -0.008
 292.400	     -2.724	   2342.283	    2342.283	     -6.403	      0.000	     -0.006
 292.800	     -2.817	   2342.188	    2342.188	     -5.719	      0.000	     -0.005
 293.200	     -2.899	   2342.105	    2342.105	     -4.957	      0.000	     -0.004
 293.600	     -2.968	   2342.035	    2342.035	     -4.122	      0.000	     -0.003
 294.000	     -3.025	   2341.977	    2341.977	     -3.258	      0.000	     -0.002
 294.400	     -3.068	   2341.933	    2341.933	     -2.386	      0.000	     -0.001
 294.800	     -3.097	   2341.903	    2341.903	     -1.446	      0.000	     -0.000
 295.200	     -3.112	   2341.888	    2341.888	     -0.494	      0.000	     -0.000
 295.600	     -3.112	   2341.888	    2341.888	      0.461	      0.000	      0.000
 296.000	     -3.097	   2341.903	    2341.903	      1.405	      0.000	      0.000
 296.400	     -3.067	   2341.932	    2341.932	      2.343	      0.000	      0.001
 296.800	     -3.023	   2341.976	    2341.976	      3.257	      0.000	      0.002
 297.200	     -2.964	   2342.033	    2342.033	      4.169	      0.000	      0.003
 297.600	     -2.892	   2342.104	    2342.104	      4.975	      0.000	      0.004
 298.000	     -2.807	   2342.187	    2342.187	      5.717	      0.000	      0.005
 298.400	     -2.711	   2342.282	    2342.282	      6.445	      0.000	      0.007
 298.800	     -2.604	   2342.388	    2342.388	      7.095	      0.000	      0.008
 299.200	     -2.488	   2342.502	    2342.502	      7.642	      0.000	      0.009
 299.600	     -2.365	   2342.625	    2342.625	      8.105	      0.000	      0.010
 300.000	     -2.234	   2342.755	    2342.755	      8.504	      0.000	      0.011
