    时间	    汇点水头	    大井水位	    升管水位	    大井流量	    升管流量	    底板压差
   0.000	    461.921	   2806.921	    2806.921	      0.000	      0.000	      0.000
   0.400	    461.918	   2806.918	    2806.918	     -0.097	      0.000	     -0.000
   0.800	    461.915	   2806.915	    2806.915	     -0.379	      0.000	     -0.000
   1.200	    461.913	   2806.913	    2806.913	     -0.075	      0.000	     -0.000
   1.600	    461.916	   2806.915	    2806.915	      0.430	      0.000	      0.000
   2.000	    461.919	   2806.919	    2806.919	      0.141	      0.000	      0.000
   2.400	    461.923	   2806.923	    2806.923	      0.424	      0.000	      0.000
   2.800	    461.921	   2806.921	    2806.921	     -0.063	      0.000	     -0.000
   3.200	    461.919	   2806.919	    2806.919	     -0.338	      0.000	     -0.000
   3.600	    461.917	   2806.917	    2806.917	     -0.022	      0.000	     -0.000
   4.000	    461.920	   2806.920	    2806.920	      0.505	      0.000	      0.000
   4.400	    461.924	   2806.924	    2806.924	      0.246	      0.000	      0.000
   4.800	    461.929	   2806.929	    2806.929	      0.561	      0.000	      0.000
   5.200	    461.930	   2806.930	    2806.930	      0.132	      0.000	      0.000
   5.600	    461.931	   2806.931	    2806.931	     -0.067	      0.000	     -0.000
   6.000	    461.933	   2806.933	    2806.933	      0.344	      0.000	      0.000
   6.400	    461.940	   2806.940	    2806.940	      0.985	      0.000	      0.000
   6.800	    461.951	   2806.951	    2806.951	      0.858	      0.000	      0.000
   7.200	    461.964	   2806.964	    2806.964	      1.296	      0.000	      0.000
   7.600	    461.974	   2806.974	    2806.974	      1.002	      0.000	      0.000
   8.000	    461.986	   2806.986	    2806.986	      0.943	      0.000	      0.000
   8.400	    462.001	   2807.000	    2807.000	      1.494	      0.000	      0.000
   8.800	    462.022	   2807.021	    2807.021	      2.282	      0.000	      0.000
   9.200	    462.049	   2807.048	    2807.048	      2.323	      0.000	      0.000
   9.600	    462.080	   2807.079	    2807.079	      2.907	      0.000	      0.001
  10.000	    462.111	   2807.110	    2807.110	      2.748	      0.000	      0.001
  10.400	    462.143	   2807.143	    2807.143	      2.796	      0.000	      0.001
  10.800	    462.180	   2807.179	    2807.179	      3.427	      0.000	      0.001
  11.200	    462.224	   2807.223	    2807.223	      4.288	      0.000	      0.002
  11.600	    462.275	   2807.274	    2807.274	      4.420	      0.000	      0.002
  12.000	    462.332	   2807.330	    2807.330	      5.078	      0.000	      0.002
  12.400	    462.389	   2807.387	    2807.387	      4.956	      0.000	      0.002
  12.800	    462.447	   2807.445	    2807.445	      4.991	      0.000	      0.002
  13.200	    462.509	   2807.507	    2807.507	      5.508	      0.000	      0.003
  13.600	    462.576	   2807.573	    2807.573	      6.154	      0.000	      0.003
  14.000	    462.647	   2807.644	    2807.644	      6.014	      0.000	      0.003
  14.400	    462.720	   2807.717	    2807.717	      6.344	      0.000	      0.004
  14.800	    462.790	   2807.787	    2807.787	      5.862	      0.000	      0.003
  15.200	    462.856	   2807.853	    2807.853	      5.503	      0.000	      0.003
  15.600	    462.921	   2807.919	    2807.919	      5.571	      0.000	      0.003
  16.000	    462.985	   2807.982	    2807.982	      5.757	      0.000	      0.003
  16.400	    463.048	   2808.046	    2808.046	      5.146	      0.000	      0.002
  16.800	    463.108	   2808.106	    2808.106	      5.013	      0.000	      0.002
  17.200	    463.160	   2808.159	    2808.159	      4.097	      0.000	      0.002
  17.600	    463.203	   2808.202	    2808.202	      3.316	      0.000	      0.001
  18.000	    463.240	   2808.240	    2808.240	      2.989	      0.000	      0.001
  18.400	    463.271	   2808.270	    2808.270	      2.817	      0.000	      0.001
  18.800	    463.298	   2808.298	    2808.298	      1.882	      0.000	      0.000
  19.200	    463.318	   2808.318	    2808.318	      1.469	      0.000	      0.000
  19.600	    463.329	   2808.329	    2808.329	      0.348	      0.000	      0.000
  20.000	    463.327	   2808.327	    2808.327	     -0.594	      0.000	     -0.000
  20.400	    463.318	   2808.318	    2808.318	     -0.992	      0.000	     -0.000
  20.800	    463.302	   2808.302	    2808.302	     -1.163	      0.000	     -0.000
  21.200	    463.283	   2808.284	    2808.284	     -2.008	      0.000	     -0.000
  21.600	    463.259	   2808.259	    2808.259	     -2.255	      0.000	     -0.000
  22.000	    463.227	   2808.228	    2808.228	     -3.126	      0.000	     -0.001
  22.400	    463.187	   2808.188	    2808.188	     -3.731	      0.000	     -0.001
  22.800	    463.144	   2808.145	    2808.145	     -3.723	      0.000	     -0.001
  23.200	    463.098	   2808.099	    2808.099	     -3.490	      0.000	     -0.001
  23.600	    463.056	   2808.057	    2808.057	     -3.760	      0.000	     -0.001
  24.000	    463.014	   2808.015	    2808.015	     -3.452	      0.000	     -0.001
  24.400	    462.973	   2807.974	    2807.974	     -3.307	      0.000	     -0.001
  24.800	    462.929	   2807.931	    2807.931	     -3.713	      0.000	     -0.001
  25.200	    462.890	   2807.891	    2807.891	     -3.090	      0.000	     -0.001
  25.600	    462.856	   2807.856	    2807.856	     -2.629	      0.000	     -0.001
  26.000	    462.831	   2807.832	    2807.832	     -1.944	      0.000	     -0.000
  26.400	    462.814	   2807.814	    2807.814	     -1.091	      0.000	     -0.000
  26.800	    462.804	   2807.804	    2807.804	     -0.431	      0.000	     -0.000
  27.200	    462.797	   2807.797	    2807.797	     -0.384	      0.000	     -0.000
  27.600	    462.799	   2807.799	    2807.799	      0.623	      0.000	      0.000
  28.000	    462.809	   2807.809	    2807.809	      1.404	      0.000	      0.000
  28.400	    462.833	   2807.832	    2807.832	      2.298	      0.000	      0.000
  28.800	    462.866	   2807.865	    2807.865	      3.270	      0.000	      0.001
  29.200	    462.908	   2807.906	    2807.906	      3.981	      0.000	      0.001
  29.600	    462.953	   2807.951	    2807.951	      3.965	      0.000	      0.001
  30.000	    463.005	   2808.003	    2808.003	      4.826	      0.000	      0.002
  30.400	    463.064	   2808.061	    2808.061	      5.377	      0.000	      0.003
  30.800	    463.132	   2808.129	    2808.129	      5.924	      0.000	      0.003
  31.200	    463.205	   2808.201	    2808.201	      6.455	      0.000	      0.004
  31.600	    463.281	   2808.277	    2808.277	      6.674	      0.000	      0.004
  32.000	    463.354	   2808.350	    2808.350	      6.070	      0.000	      0.003
  32.400	    463.427	   2808.423	    2808.423	      6.301	      0.000	      0.004
  32.800	    463.498	   2808.495	    2808.495	      6.198	      0.000	      0.003
  33.200	    463.571	   2808.567	    2808.567	      6.055	      0.000	      0.003
  33.600	    463.641	   2808.637	    2808.637	      5.864	      0.000	      0.003
  34.000	    463.704	   2808.702	    2808.702	      5.371	      0.000	      0.003
  34.400	    463.758	   2808.756	    2808.756	      4.066	      0.000	      0.001
  34.800	    463.803	   2808.802	    2808.802	      3.612	      0.000	      0.001
  35.200	    463.839	   2808.839	    2808.839	      2.883	      0.000	      0.001
  35.600	    463.869	   2808.868	    2808.868	      2.156	      0.000	      0.000
  36.000	    463.890	   2808.890	    2808.890	      1.449	      0.000	      0.000
  36.400	    463.900	   2808.900	    2808.900	      0.566	      0.000	      0.000
  36.800	    463.897	   2808.897	    2808.897	     -1.013	      0.000	     -0.000
  37.200	    463.882	   2808.882	    2808.882	     -1.625	      0.000	     -0.000
  37.600	    463.857	   2808.858	    2808.858	     -2.367	      0.000	     -0.000
  38.000	    463.825	   2808.826	    2808.826	     -2.984	      0.000	     -0.001
  38.400	    463.787	   2808.788	    2808.788	     -3.482	      0.000	     -0.001
  38.800	    463.741	   2808.743	    2808.743	     -4.067	      0.000	     -0.001
  39.200	    463.686	   2808.689	    2808.689	     -5.273	      0.000	     -0.002
  39.600	    463.624	   2808.627	    2808.627	     -5.420	      0.000	     -0.003
  40.000	    463.558	   2808.561	    2808.561	     -5.633	      0.000	     -0.003
  40.400	    463.491	   2808.494	    2808.494	     -5.660	      0.000	     -0.003
  40.800	    463.426	   2808.429	    2808.429	     -5.550	      0.000	     -0.003
  41.200	    463.360	   2808.363	    2808.363	     -5.443	      0.000	     -0.003
  41.600	    463.294	   2808.297	    2808.297	     -5.906	      0.000	     -0.003
  42.000	    463.230	   2808.232	    2808.232	     -5.305	      0.000	     -0.003
  42.400	    463.170	   2808.172	    2808.172	     -4.751	      0.000	     -0.002
  42.800	    463.118	   2808.119	    2808.119	     -4.015	      0.000	     -0.001
  43.200	    463.077	   2808.078	    2808.078	     -3.213	      0.000	     -0.001
  43.600	    463.043	   2808.043	    2808.043	     -2.481	      0.000	     -0.001
  44.000	    463.015	   2808.016	    2808.016	     -2.431	      0.000	     -0.001
  44.400	    462.993	   2807.994	    2807.994	     -1.452	      0.000	     -0.000
  44.800	    462.980	   2807.980	    2807.980	     -0.578	      0.000	     -0.000
  45.200	    462.977	   2807.977	    2807.977	      0.363	      0.000	      0.000
  45.600	    462.988	   2807.987	    2807.987	      1.265	      0.000	      0.000
  46.000	    463.006	   2808.005	    2808.005	      2.024	      0.000	      0.000
  46.400	    463.031	   2808.031	    2808.031	      2.035	      0.000	      0.000
  46.800	    463.061	   2808.060	    2808.060	      2.862	      0.000	      0.001
  47.200	    463.097	   2808.096	    2808.096	      3.491	      0.000	      0.001
  47.600	    463.139	   2808.138	    2808.138	      4.077	      0.000	      0.001
  48.000	    463.191	   2808.189	    2808.189	      4.530	      0.000	      0.002
  48.400	    463.244	   2808.242	    2808.242	      4.724	      0.000	      0.002
  48.800	    463.297	   2808.295	    2808.295	      4.450	      0.000	      0.002
  49.200	    463.345	   2808.344	    2808.344	      4.147	      0.000	      0.002
  49.600	    463.392	   2808.390	    2808.390	      4.038	      0.000	      0.001
  50.000	    463.436	   2808.434	    2808.434	      3.494	      0.000	      0.001
  50.400	    463.480	   2808.479	    2808.479	      3.601	      0.000	      0.001
  50.800	    463.517	   2808.517	    2808.517	      3.128	      0.000	      0.001
  51.200	    463.548	   2808.548	    2808.548	      2.251	      0.000	      0.000
  51.600	    463.568	   2808.568	    2808.568	      1.390	      0.000	      0.000
  52.000	    463.579	   2808.579	    2808.579	      0.774	      0.000	      0.000
  52.400	    463.582	   2808.582	    2808.582	     -0.239	      0.000	     -0.000
  52.800	    463.580	   2808.580	    2808.580	     -0.543	      0.000	     -0.000
  53.200	    463.567	   2808.568	    2808.568	     -1.359	      0.000	     -0.000
  53.600	    463.544	   2808.545	    2808.545	     -2.515	      0.000	     -0.001
  54.000	    463.507	   2808.508	    2808.508	     -3.587	      0.000	     -0.001
  54.400	    463.460	   2808.461	    2808.461	     -4.235	      0.000	     -0.002
  54.800	    463.404	   2808.407	    2808.407	     -5.097	      0.000	     -0.002
  55.200	    463.346	   2808.348	    2808.348	     -5.169	      0.000	     -0.002
  55.600	    463.281	   2808.284	    2808.284	     -5.642	      0.000	     -0.003
  56.000	    463.210	   2808.214	    2808.214	     -6.294	      0.000	     -0.004
  56.400	    463.132	   2808.136	    2808.136	     -6.833	      0.000	     -0.004
  56.800	    463.051	   2808.055	    2808.055	     -6.900	      0.000	     -0.004
  57.200	    462.968	   2807.973	    2807.973	     -7.151	      0.000	     -0.005
  57.600	    462.889	   2807.893	    2807.893	     -6.641	      0.000	     -0.004
  58.000	    462.812	   2807.815	    2807.815	     -6.486	      0.000	     -0.004
  58.400	    462.735	   2807.739	    2807.739	     -6.523	      0.000	     -0.004
  58.800	    462.659	   2807.663	    2807.663	     -6.481	      0.000	     -0.004
  59.200	    462.586	   2807.589	    2807.589	     -5.914	      0.000	     -0.003
  59.600	    462.520	   2807.522	    2807.522	     -5.493	      0.000	     -0.003
  60.000	    462.464	   2807.466	    2807.466	     -4.337	      0.000	     -0.002
  60.400	    462.417	   2807.418	    2807.418	     -3.615	      0.000	     -0.001
  60.800	    462.377	   2807.378	    2807.378	     -3.151	      0.000	     -0.001
  61.200	    462.344	   2807.345	    2807.345	     -2.688	      0.000	     -0.001
  61.600	    462.317	   2807.317	    2807.317	     -1.835	      0.000	     -0.000
  62.000	    462.299	   2807.299	    2807.299	     -1.285	      0.000	     -0.000
  62.400	    462.291	   2807.291	    2807.291	     -0.143	      0.000	     -0.000
  62.800	    462.292	   2807.292	    2807.292	      0.478	      0.000	      0.000
  63.200	    462.299	   2807.299	    2807.299	      0.797	      0.000	      0.000
  63.600	    462.310	   2807.310	    2807.310	      0.981	      0.000	      0.000
  64.000	    462.324	   2807.324	    2807.324	      1.522	      0.000	      0.000
  64.400	    462.343	   2807.343	    2807.343	      1.791	      0.000	      0.000
  64.800	    462.369	   2807.368	    2807.368	      2.573	      0.000	      0.001
  65.200	    462.399	   2807.399	    2807.399	      2.750	      0.000	      0.001
  65.600	    462.430	   2807.430	    2807.430	      2.568	      0.000	      0.001
  66.000	    462.459	   2807.459	    2807.459	      2.188	      0.000	      0.000
  66.400	    462.483	   2807.483	    2807.483	      2.107	      0.000	      0.000
  66.800	    462.506	   2807.505	    2807.505	      1.685	      0.000	      0.000
  67.200	    462.525	   2807.525	    2807.525	      1.755	      0.000	      0.000
  67.600	    462.542	   2807.542	    2807.542	      1.245	      0.000	      0.000
  68.000	    462.552	   2807.552	    2807.552	      0.472	      0.000	      0.000
  68.400	    462.554	   2807.554	    2807.554	     -0.412	      0.000	     -0.000
  68.800	    462.545	   2807.545	    2807.545	     -0.955	      0.000	     -0.000
  69.200	    462.529	   2807.529	    2807.529	     -1.696	      0.000	     -0.000
  69.600	    462.508	   2807.508	    2807.508	     -1.813	      0.000	     -0.000
  70.000	    462.481	   2807.482	    2807.482	     -2.488	      0.000	     -0.001
  70.400	    462.447	   2807.448	    2807.448	     -3.376	      0.000	     -0.001
  70.800	    462.403	   2807.405	    2807.405	     -4.310	      0.000	     -0.002
  71.200	    462.348	   2807.350	    2807.350	     -4.857	      0.000	     -0.002
  71.600	    462.287	   2807.289	    2807.289	     -5.510	      0.000	     -0.003
  72.000	    462.221	   2807.224	    2807.224	     -5.518	      0.000	     -0.003
  72.400	    462.152	   2807.155	    2807.155	     -5.992	      0.000	     -0.003
  72.800	    462.078	   2807.082	    2807.082	     -6.509	      0.000	     -0.004
  73.200	    462.002	   2807.006	    2807.006	     -6.663	      0.000	     -0.004
  73.600	    461.919	   2806.923	    2806.923	     -6.989	      0.000	     -0.004
  74.000	    461.836	   2806.841	    2806.841	     -7.039	      0.000	     -0.004
  74.400	    461.756	   2806.761	    2806.761	     -6.775	      0.000	     -0.004
  74.800	    461.682	   2806.685	    2806.685	     -6.217	      0.000	     -0.003
  75.200	    461.610	   2806.613	    2806.613	     -6.146	      0.000	     -0.003
  75.600	    461.541	   2806.544	    2806.544	     -5.773	      0.000	     -0.003
  76.000	    461.472	   2806.475	    2806.475	     -5.600	      0.000	     -0.003
  76.400	    461.410	   2806.412	    2806.412	     -5.184	      0.000	     -0.002
  76.800	    461.354	   2806.356	    2806.356	     -4.507	      0.000	     -0.002
  77.200	    461.308	   2806.309	    2806.309	     -3.624	      0.000	     -0.001
  77.600	    461.268	   2806.269	    2806.269	     -3.179	      0.000	     -0.001
  78.000	    461.236	   2806.237	    2806.237	     -2.450	      0.000	     -0.001
  78.400	    461.208	   2806.208	    2806.208	     -2.033	      0.000	     -0.000
  78.800	    461.188	   2806.188	    2806.188	     -1.412	      0.000	     -0.000
  79.200	    461.177	   2806.177	    2806.177	     -0.612	      0.000	     -0.000
  79.600	    461.175	   2806.175	    2806.175	      0.297	      0.000	      0.000
  80.000	    461.180	   2806.180	    2806.180	      0.629	      0.000	      0.000
  80.400	    461.191	   2806.191	    2806.191	      1.112	      0.000	      0.000
  80.800	    461.203	   2806.203	    2806.203	      1.175	      0.000	      0.000
  81.200	    461.218	   2806.218	    2806.218	      1.406	      0.000	      0.000
  81.600	    461.237	   2806.237	    2806.237	      1.773	      0.000	      0.000
  82.000	    461.260	   2806.260	    2806.260	      2.222	      0.000	      0.000
  82.400	    461.285	   2806.285	    2806.285	      2.068	      0.000	      0.000
  82.800	    461.310	   2806.310	    2806.310	      2.113	      0.000	      0.000
  83.200	    461.331	   2806.331	    2806.331	      1.724	      0.000	      0.000
  83.600	    461.350	   2806.349	    2806.349	      1.458	      0.000	      0.000
  84.000	    461.366	   2806.366	    2806.366	      1.351	      0.000	      0.000
  84.400	    461.382	   2806.381	    2806.381	      1.328	      0.000	      0.000
  84.800	    461.393	   2806.393	    2806.393	      0.702	      0.000	      0.000
  85.200	    461.399	   2806.399	    2806.399	      0.254	      0.000	      0.000
  85.600	    461.396	   2806.396	    2806.396	     -0.617	      0.000	     -0.000
  86.000	    461.384	   2806.385	    2806.385	     -1.254	      0.000	     -0.000
  86.400	    461.368	   2806.368	    2806.368	     -1.650	      0.000	     -0.000
  86.800	    461.346	   2806.347	    2806.347	     -1.875	      0.000	     -0.000
  87.200	    461.319	   2806.320	    2806.320	     -2.601	      0.000	     -0.001
  87.600	    461.287	   2806.287	    2806.287	     -3.033	      0.000	     -0.001
  88.000	    461.246	   2806.247	    2806.247	     -3.802	      0.000	     -0.001
  88.400	    461.198	   2806.199	    2806.199	     -4.271	      0.000	     -0.002
  88.800	    461.147	   2806.149	    2806.149	     -4.463	      0.000	     -0.002
  89.200	    461.094	   2806.096	    2806.096	     -4.399	      0.000	     -0.002
  89.600	    461.039	   2806.041	    2806.041	     -4.827	      0.000	     -0.002
  90.000	    460.983	   2805.985	    2805.985	     -4.914	      0.000	     -0.002
  90.400	    460.922	   2805.925	    2805.925	     -5.316	      0.000	     -0.002
  90.800	    460.859	   2805.862	    2805.862	     -5.393	      0.000	     -0.003
  91.200	    460.799	   2805.801	    2805.801	     -5.098	      0.000	     -0.002
  91.600	    460.742	   2805.744	    2805.744	     -4.505	      0.000	     -0.002
  92.000	    460.689	   2805.691	    2805.691	     -4.417	      0.000	     -0.002
  92.400	    460.641	   2805.643	    2805.643	     -3.962	      0.000	     -0.001
  92.800	    460.596	   2805.597	    2805.597	     -3.820	      0.000	     -0.001
  93.200	    460.554	   2805.555	    2805.555	     -3.406	      0.000	     -0.001
  93.600	    460.519	   2805.520	    2805.520	     -2.670	      0.000	     -0.001
  94.000	    460.492	   2805.493	    2805.493	     -1.700	      0.000	     -0.000
  94.400	    460.475	   2805.475	    2805.475	     -1.315	      0.000	     -0.000
  94.800	    460.464	   2805.464	    2805.464	     -0.644	      0.000	     -0.000
  95.200	    460.459	   2805.459	    2805.459	     -0.354	      0.000	     -0.000
  95.600	    460.457	   2805.457	    2805.457	      0.124	      0.000	      0.000
  96.000	    460.464	   2805.464	    2805.464	      0.885	      0.000	      0.000
  96.400	    460.478	   2805.478	    2805.478	      1.862	      0.000	      0.000
  96.800	    460.501	   2805.501	    2805.501	      2.143	      0.000	      0.000
  97.200	    460.530	   2805.530	    2805.530	      2.655	      0.000	      0.001
  97.600	    460.563	   2805.562	    2805.562	      3.031	      0.000	      0.001
  98.000	    460.596	   2805.595	    2805.595	      2.954	      0.000	      0.001
  98.400	    460.634	   2805.633	    2805.633	      3.384	      0.000	      0.001
  98.800	    460.675	   2805.674	    2805.674	      3.631	      0.000	      0.001
  99.200	    460.720	   2805.718	    2805.718	      3.771	      0.000	      0.001
  99.600	    460.764	   2805.763	    2805.763	      3.773	      0.000	      0.001
 100.000	    460.807	   2805.806	    2805.806	      3.626	      0.000	      0.001
 100.400	    460.844	   2805.843	    2805.843	      3.012	      0.000	      0.001
 100.800	    460.879	   2805.878	    2805.878	      2.934	      0.000	      0.001
 101.200	    460.912	   2805.911	    2805.911	      2.722	      0.000	      0.001
 101.600	    460.943	   2805.942	    2805.942	      2.441	      0.000	      0.001
 102.000	    460.969	   2805.969	    2805.969	      2.054	      0.000	      0.000
 102.400	    460.990	   2805.990	    2805.990	      1.582	      0.000	      0.000
 102.800	    461.002	   2806.002	    2806.002	      0.665	      0.000	      0.000
 103.200	    461.008	   2806.008	    2806.008	      0.352	      0.000	      0.000
 103.600	    461.009	   2806.009	    2806.009	     -0.031	      0.000	     -0.000
 104.000	    461.007	   2806.007	    2806.007	     -0.451	      0.000	     -0.000
 104.400	    460.999	   2805.999	    2805.999	     -0.930	      0.000	     -0.000
 104.800	    460.985	   2805.985	    2805.985	     -1.394	      0.000	     -0.000
 105.200	    460.962	   2805.963	    2805.963	     -2.264	      0.000	     -0.000
 105.600	    460.935	   2805.936	    2805.936	     -2.419	      0.000	     -0.001
 106.000	    460.906	   2805.906	    2805.906	     -2.510	      0.000	     -0.001
 106.400	    460.876	   2805.877	    2805.877	     -2.562	      0.000	     -0.001
 106.800	    460.846	   2805.847	    2805.847	     -2.645	      0.000	     -0.001
 107.200	    460.815	   2805.815	    2805.815	     -2.674	      0.000	     -0.001
 107.600	    460.780	   2805.781	    2805.781	     -3.104	      0.000	     -0.001
 108.000	    460.746	   2805.746	    2805.746	     -2.804	      0.000	     -0.001
 108.400	    460.715	   2805.715	    2805.715	     -2.438	      0.000	     -0.001
 108.800	    460.688	   2805.689	    2805.689	     -2.034	      0.000	     -0.000
 109.200	    460.667	   2805.667	    2805.667	     -1.681	      0.000	     -0.000
 109.600	    460.649	   2805.649	    2805.649	     -1.262	      0.000	     -0.000
 110.000	    460.634	   2805.634	    2805.634	     -1.268	      0.000	     -0.000
 110.400	    460.623	   2805.624	    2805.624	     -0.572	      0.000	     -0.000
 110.800	    460.621	   2805.621	    2805.621	      0.205	      0.000	      0.000
 111.200	    460.627	   2805.627	    2805.627	      0.986	      0.000	      0.000
 111.600	    460.643	   2805.643	    2805.643	      1.605	      0.000	      0.000
 112.000	    460.665	   2805.664	    2805.664	      2.208	      0.000	      0.000
 112.400	    460.691	   2805.690	    2805.690	      2.266	      0.000	      0.000
 112.800	    460.722	   2805.721	    2805.721	      2.949	      0.000	      0.001
 113.200	    460.760	   2805.759	    2805.759	      3.632	      0.000	      0.001
 113.600	    460.806	   2805.804	    2805.804	      4.247	      0.000	      0.002
 114.000	    460.858	   2805.856	    2805.856	      4.619	      0.000	      0.002
 114.400	    460.914	   2805.912	    2805.912	      4.976	      0.000	      0.002
 114.800	    460.971	   2805.969	    2805.969	      4.743	      0.000	      0.002
 115.200	    461.029	   2806.027	    2806.027	      5.081	      0.000	      0.002
 115.600	    461.090	   2806.087	    2806.087	      5.388	      0.000	      0.003
 116.000	    461.154	   2806.151	    2806.151	      5.649	      0.000	      0.003
 116.400	    461.220	   2806.217	    2806.217	      5.565	      0.000	      0.003
 116.800	    461.283	   2806.281	    2806.281	      5.408	      0.000	      0.003
 117.200	    461.342	   2806.340	    2806.340	      4.650	      0.000	      0.002
 117.600	    461.395	   2806.394	    2806.394	      4.435	      0.000	      0.002
 118.000	    461.446	   2806.444	    2806.444	      4.239	      0.000	      0.002
 118.400	    461.492	   2806.491	    2806.491	      4.034	      0.000	      0.001
 118.800	    461.537	   2806.536	    2806.536	      3.516	      0.000	      0.001
 119.200	    461.574	   2806.573	    2806.573	      3.048	      0.000	      0.001
 119.600	    461.605	   2806.605	    2806.605	      2.072	      0.000	      0.000
 120.000	    461.627	   2806.627	    2806.627	      1.672	      0.000	      0.000
 120.400	    461.644	   2806.644	    2806.644	      1.364	      0.000	      0.000
 120.800	    461.657	   2806.657	    2806.657	      1.105	      0.000	      0.000
 121.200	    461.667	   2806.667	    2806.667	      0.591	      0.000	      0.000
 121.600	    461.671	   2806.671	    2806.671	      0.127	      0.000	      0.000
 122.000	    461.668	   2806.668	    2806.668	     -0.537	      0.000	     -0.000
 122.400	    461.658	   2806.658	    2806.658	     -1.081	      0.000	     -0.000
 122.800	    461.644	   2806.644	    2806.644	     -1.181	      0.000	     -0.000
 123.200	    461.628	   2806.628	    2806.628	     -1.441	      0.000	     -0.000
 123.600	    461.614	   2806.614	    2806.614	     -1.317	      0.000	     -0.000
 124.000	    461.598	   2806.598	    2806.598	     -1.348	      0.000	     -0.000
 124.400	    461.581	   2806.582	    2806.582	     -1.482	      0.000	     -0.000
 124.800	    461.563	   2806.563	    2806.563	     -1.515	      0.000	     -0.000
 125.200	    461.547	   2806.547	    2806.547	     -1.114	      0.000	     -0.000
 125.600	    461.535	   2806.535	    2806.535	     -0.883	      0.000	     -0.000
 126.000	    461.530	   2806.530	    2806.530	     -0.319	      0.000	     -0.000
 126.400	    461.528	   2806.528	    2806.528	      0.041	      0.000	      0.000
 126.800	    461.529	   2806.529	    2806.529	      0.238	      0.000	      0.000
 127.200	    461.533	   2806.533	    2806.533	      0.470	      0.000	      0.000
 127.600	    461.542	   2806.542	    2806.542	      1.183	      0.000	      0.000
 128.000	    461.559	   2806.559	    2806.559	      1.700	      0.000	      0.000
 128.400	    461.585	   2806.584	    2806.584	      2.495	      0.000	      0.001
 128.800	    461.617	   2806.616	    2806.616	      3.042	      0.000	      0.001
 129.200	    461.655	   2806.654	    2806.654	      3.399	      0.000	      0.001
 129.600	    461.696	   2806.695	    2806.695	      3.699	      0.000	      0.001
 130.000	    461.743	   2806.742	    2806.742	      4.341	      0.000	      0.002
 130.400	    461.796	   2806.794	    2806.794	      4.709	      0.000	      0.002
 130.800	    461.856	   2806.854	    2806.854	      5.278	      0.000	      0.002
 131.200	    461.919	   2806.916	    2806.916	      5.499	      0.000	      0.003
 131.600	    461.983	   2806.980	    2806.980	      5.469	      0.000	      0.003
 132.000	    462.046	   2807.043	    2807.043	      5.314	      0.000	      0.003
 132.400	    462.109	   2807.106	    2807.106	      5.526	      0.000	      0.003
 132.800	    462.173	   2807.170	    2807.170	      5.512	      0.000	      0.003
 133.200	    462.239	   2807.236	    2807.236	      5.671	      0.000	      0.003
 133.600	    462.304	   2807.301	    2807.301	      5.478	      0.000	      0.003
 134.000	    462.365	   2807.362	    2807.362	      5.064	      0.000	      0.002
 134.400	    462.420	   2807.418	    2807.418	      4.489	      0.000	      0.002
 134.800	    462.471	   2807.469	    2807.469	      4.281	      0.000	      0.002
 135.200	    462.518	   2807.516	    2807.516	      3.811	      0.000	      0.001
 135.600	    462.561	   2807.560	    2807.560	      3.563	      0.000	      0.001
 136.000	    462.598	   2807.597	    2807.597	      3.007	      0.000	      0.001
 136.400	    462.628	   2807.628	    2807.628	      2.274	      0.000	      0.000
 136.800	    462.650	   2807.650	    2807.650	      1.440	      0.000	      0.000
 137.200	    462.664	   2807.664	    2807.664	      1.079	      0.000	      0.000
 137.600	    462.674	   2807.674	    2807.674	      0.592	      0.000	      0.000
 138.000	    462.680	   2807.680	    2807.680	      0.437	      0.000	      0.000
 138.400	    462.681	   2807.681	    2807.681	     -0.019	      0.000	     -0.000
 138.800	    462.678	   2807.678	    2807.678	     -0.568	      0.000	     -0.000
 139.200	    462.668	   2807.668	    2807.668	     -1.173	      0.000	     -0.000
 139.600	    462.653	   2807.653	    2807.653	     -1.297	      0.000	     -0.000
 140.000	    462.636	   2807.637	    2807.637	     -1.529	      0.000	     -0.000
 140.400	    462.619	   2807.619	    2807.619	     -1.392	      0.000	     -0.000
 140.800	    462.601	   2807.602	    2807.602	     -1.510	      0.000	     -0.000
 141.200	    462.582	   2807.583	    2807.583	     -1.663	      0.000	     -0.000
 141.600	    462.563	   2807.563	    2807.563	     -1.870	      0.000	     -0.000
 142.000	    462.542	   2807.543	    2807.543	     -1.549	      0.000	     -0.000
 142.400	    462.526	   2807.526	    2807.526	     -1.284	      0.000	     -0.000
 142.800	    462.514	   2807.514	    2807.514	     -0.621	      0.000	     -0.000
 143.200	    462.508	   2807.508	    2807.508	     -0.268	      0.000	     -0.000
 143.600	    462.506	   2807.506	    2807.506	     -0.020	      0.000	     -0.000
 144.000	    462.508	   2807.508	    2807.508	      0.132	      0.000	      0.000
 144.400	    462.513	   2807.513	    2807.513	      0.727	      0.000	      0.000
 144.800	    462.524	   2807.524	    2807.524	      1.187	      0.000	      0.000
 145.200	    462.542	   2807.541	    2807.541	      1.987	      0.000	      0.000
 145.600	    462.567	   2807.567	    2807.567	      2.403	      0.000	      0.001
 146.000	    462.597	   2807.596	    2807.596	      2.689	      0.000	      0.001
 146.400	    462.631	   2807.630	    2807.630	      3.062	      0.000	      0.001
 146.800	    462.667	   2807.666	    2807.666	      3.348	      0.000	      0.001
 147.200	    462.708	   2807.707	    2807.707	      3.718	      0.000	      0.001
 147.600	    462.755	   2807.753	    2807.753	      4.110	      0.000	      0.001
 148.000	    462.807	   2807.805	    2807.805	      4.580	      0.000	      0.002
 148.400	    462.860	   2807.858	    2807.858	      4.568	      0.000	      0.002
 148.800	    462.914	   2807.912	    2807.912	      4.561	      0.000	      0.002
 149.200	    462.965	   2807.963	    2807.963	      4.433	      0.000	      0.002
 149.600	    463.016	   2808.014	    2808.014	      4.346	      0.000	      0.002
 150.000	    463.066	   2808.065	    2808.065	      4.249	      0.000	      0.002
 150.400	    463.117	   2808.115	    2808.115	      4.239	      0.000	      0.002
 150.800	    463.163	   2808.162	    2808.162	      3.766	      0.000	      0.001
 151.200	    463.205	   2808.204	    2808.204	      3.343	      0.000	      0.001
 151.600	    463.239	   2808.239	    2808.239	      2.812	      0.000	      0.001
 152.000	    463.269	   2808.269	    2808.269	      2.387	      0.000	      0.001
 152.400	    463.295	   2808.295	    2808.295	      2.015	      0.000	      0.000
 152.800	    463.318	   2808.318	    2808.318	      1.765	      0.000	      0.000
 153.200	    463.334	   2808.334	    2808.334	      1.058	      0.000	      0.000
 153.600	    463.343	   2808.343	    2808.343	      0.443	      0.000	      0.000
 154.000	    463.343	   2808.343	    2808.343	     -0.258	      0.000	     -0.000
 154.400	    463.337	   2808.337	    2808.337	     -0.756	      0.000	     -0.000
 154.800	    463.326	   2808.326	    2808.326	     -1.146	      0.000	     -0.000
 155.200	    463.312	   2808.312	    2808.312	     -1.342	      0.000	     -0.000
 155.600	    463.292	   2808.293	    2808.293	     -1.922	      0.000	     -0.000
 156.000	    463.268	   2808.268	    2808.268	     -2.324	      0.000	     -0.000
 156.400	    463.237	   2808.238	    2808.238	     -2.750	      0.000	     -0.001
 156.800	    463.204	   2808.205	    2808.205	     -2.905	      0.000	     -0.001
 157.200	    463.170	   2808.171	    2808.171	     -2.902	      0.000	     -0.001
 157.600	    463.138	   2808.138	    2808.138	     -2.665	      0.000	     -0.001
 158.000	    463.105	   2808.106	    2808.106	     -2.821	      0.000	     -0.001
 158.400	    463.073	   2808.073	    2808.073	     -2.810	      0.000	     -0.001
 158.800	    463.039	   2808.040	    2808.040	     -2.840	      0.000	     -0.001
 159.200	    463.007	   2808.008	    2808.008	     -2.591	      0.000	     -0.001
 159.600	    462.980	   2807.980	    2807.980	     -2.191	      0.000	     -0.000
 160.000	    462.958	   2807.958	    2807.958	     -1.562	      0.000	     -0.000
 160.400	    462.940	   2807.940	    2807.940	     -1.372	      0.000	     -0.000
 160.800	    462.927	   2807.927	    2807.927	     -1.029	      0.000	     -0.000
 161.200	    462.916	   2807.916	    2807.916	     -0.770	      0.000	     -0.000
 161.600	    462.910	   2807.910	    2807.910	     -0.253	      0.000	     -0.000
 162.000	    462.910	   2807.910	    2807.910	      0.346	      0.000	      0.000
 162.400	    462.919	   2807.918	    2807.918	      1.132	      0.000	      0.000
 162.800	    462.933	   2807.933	    2807.933	      1.374	      0.000	      0.000
 163.200	    462.951	   2807.951	    2807.951	      1.688	      0.000	      0.000
 163.600	    462.972	   2807.972	    2807.972	      1.815	      0.000	      0.000
 164.000	    462.995	   2807.994	    2807.994	      2.141	      0.000	      0.000
 164.400	    463.023	   2808.022	    2808.022	      2.498	      0.000	      0.001
 164.800	    463.054	   2808.053	    2808.053	      3.029	      0.000	      0.001
 165.200	    463.089	   2808.088	    2808.088	      2.952	      0.000	      0.001
 165.600	    463.123	   2808.123	    2808.123	      2.920	      0.000	      0.001
 166.000	    463.157	   2808.156	    2808.156	      2.681	      0.000	      0.001
 166.400	    463.187	   2808.187	    2808.187	      2.626	      0.000	      0.001
 166.800	    463.218	   2808.218	    2808.218	      2.584	      0.000	      0.001
 167.200	    463.248	   2808.247	    2808.247	      2.715	      0.000	      0.001
 167.600	    463.276	   2808.276	    2808.276	      2.205	      0.000	      0.000
 168.000	    463.299	   2808.299	    2808.299	      1.733	      0.000	      0.000
 168.400	    463.316	   2808.316	    2808.316	      1.054	      0.000	      0.000
 168.800	    463.325	   2808.325	    2808.325	      0.585	      0.000	      0.000
 169.200	    463.330	   2808.330	    2808.330	      0.216	      0.000	      0.000
 169.600	    463.331	   2808.331	    2808.331	      0.130	      0.000	      0.000
 170.000	    463.327	   2808.327	    2808.327	     -0.604	      0.000	     -0.000
 170.400	    463.317	   2808.317	    2808.317	     -1.202	      0.000	     -0.000
 170.800	    463.300	   2808.300	    2808.300	     -1.725	      0.000	     -0.000
 171.200	    463.273	   2808.274	    2808.274	     -2.397	      0.000	     -0.001
 171.600	    463.244	   2808.244	    2808.244	     -2.718	      0.000	     -0.001
 172.000	    463.210	   2808.211	    2808.211	     -2.995	      0.000	     -0.001
 172.400	    463.174	   2808.175	    2808.175	     -3.303	      0.000	     -0.001
 172.800	    463.133	   2808.134	    2808.134	     -3.727	      0.000	     -0.001
 173.200	    463.087	   2808.089	    2808.089	     -4.019	      0.000	     -0.001
 173.600	    463.036	   2808.038	    2808.038	     -4.419	      0.000	     -0.002
 174.000	    462.985	   2807.987	    2807.987	     -4.377	      0.000	     -0.002
 174.400	    462.935	   2807.936	    2807.936	     -4.225	      0.000	     -0.002
 174.800	    462.887	   2807.889	    2807.889	     -4.077	      0.000	     -0.001
 175.200	    462.840	   2807.841	    2807.841	     -4.046	      0.000	     -0.001
 175.600	    462.794	   2807.795	    2807.795	     -3.879	      0.000	     -0.001
 176.000	    462.747	   2807.748	    2807.748	     -3.855	      0.000	     -0.001
 176.400	    462.705	   2807.706	    2807.706	     -3.420	      0.000	     -0.001
 176.800	    462.668	   2807.669	    2807.669	     -2.941	      0.000	     -0.001
 177.200	    462.637	   2807.638	    2807.638	     -2.486	      0.000	     -0.001
 177.600	    462.610	   2807.611	    2807.611	     -2.203	      0.000	     -0.000
 178.000	    462.587	   2807.587	    2807.587	     -1.827	      0.000	     -0.000
 178.400	    462.566	   2807.566	    2807.566	     -1.646	      0.000	     -0.000
 178.800	    462.550	   2807.550	    2807.550	     -1.051	      0.000	     -0.000
 179.200	    462.542	   2807.542	    2807.542	     -0.431	      0.000	     -0.000
 179.600	    462.540	   2807.540	    2807.540	      0.108	      0.000	      0.000
 180.000	    462.544	   2807.544	    2807.544	      0.372	      0.000	      0.000
 180.400	    462.550	   2807.549	    2807.549	      0.676	      0.000	      0.000
 180.800	    462.557	   2807.557	    2807.557	      0.678	      0.000	      0.000
 181.200	    462.567	   2807.567	    2807.567	      1.030	      0.000	      0.000
 181.600	    462.581	   2807.581	    2807.581	      1.336	      0.000	      0.000
 182.000	    462.598	   2807.598	    2807.598	      1.507	      0.000	      0.000
 182.400	    462.615	   2807.615	    2807.615	      1.407	      0.000	      0.000
 182.800	    462.631	   2807.631	    2807.631	      1.336	      0.000	      0.000
 183.200	    462.644	   2807.644	    2807.644	      0.939	      0.000	      0.000
 183.600	    462.655	   2807.655	    2807.655	      0.927	      0.000	      0.000
 184.000	    462.666	   2807.666	    2807.666	      0.909	      0.000	      0.000
 184.400	    462.675	   2807.675	    2807.675	      0.781	      0.000	      0.000
 184.800	    462.682	   2807.682	    2807.682	      0.333	      0.000	      0.000
 185.200	    462.683	   2807.683	    2807.683	     -0.091	      0.000	     -0.000
 185.600	    462.678	   2807.678	    2807.678	     -0.816	      0.000	     -0.000
 186.000	    462.667	   2807.667	    2807.667	     -1.137	      0.000	     -0.000
 186.400	    462.651	   2807.652	    2807.652	     -1.446	      0.000	     -0.000
 186.800	    462.632	   2807.632	    2807.632	     -1.778	      0.000	     -0.000
 187.200	    462.608	   2807.608	    2807.608	     -2.381	      0.000	     -0.000
 187.600	    462.577	   2807.578	    2807.578	     -2.831	      0.000	     -0.001
 188.000	    462.539	   2807.540	    2807.540	     -3.536	      0.000	     -0.001
 188.400	    462.497	   2807.498	    2807.498	     -3.760	      0.000	     -0.001
 188.800	    462.452	   2807.453	    2807.453	     -3.888	      0.000	     -0.001
 189.200	    462.405	   2807.407	    2807.407	     -3.968	      0.000	     -0.001
 189.600	    462.357	   2807.358	    2807.358	     -4.331	      0.000	     -0.002
 190.000	    462.304	   2807.306	    2807.306	     -4.546	      0.000	     -0.002
 190.400	    462.248	   2807.251	    2807.251	     -5.001	      0.000	     -0.002
 190.800	    462.191	   2807.193	    2807.193	     -4.940	      0.000	     -0.002
 191.200	    462.134	   2807.136	    2807.136	     -4.767	      0.000	     -0.002
 191.600	    462.079	   2807.081	    2807.081	     -4.511	      0.000	     -0.002
 192.000	    462.027	   2807.028	    2807.028	     -4.504	      0.000	     -0.002
 192.400	    461.975	   2806.977	    2806.977	     -4.311	      0.000	     -0.002
 192.800	    461.925	   2806.927	    2806.927	     -4.328	      0.000	     -0.002
 193.200	    461.877	   2806.879	    2806.879	     -3.907	      0.000	     -0.001
 193.600	    461.835	   2806.836	    2806.836	     -3.362	      0.000	     -0.001
 194.000	    461.798	   2806.799	    2806.799	     -2.704	      0.000	     -0.001
 194.400	    461.768	   2806.769	    2806.769	     -2.498	      0.000	     -0.001
 194.800	    461.741	   2806.742	    2806.742	     -2.133	      0.000	     -0.000
 195.200	    461.717	   2806.718	    2806.718	     -1.883	      0.000	     -0.000
 195.600	    461.696	   2806.696	    2806.696	     -1.598	      0.000	     -0.000
 196.000	    461.681	   2806.681	    2806.681	     -1.026	      0.000	     -0.000
 196.400	    461.671	   2806.671	    2806.671	     -0.667	      0.000	     -0.000
 196.800	    461.667	   2806.667	    2806.667	     -0.244	      0.000	     -0.000
 197.200	    461.666	   2806.666	    2806.666	      0.060	      0.000	      0.000
 197.600	    461.667	   2806.667	    2806.667	      0.218	      0.000	      0.000
 198.000	    461.670	   2806.670	    2806.670	      0.341	      0.000	      0.000
 198.400	    461.676	   2806.676	    2806.676	      0.698	      0.000	      0.000
 198.800	    461.685	   2806.685	    2806.685	      0.815	      0.000	      0.000
 199.200	    461.696	   2806.696	    2806.696	      0.950	      0.000	      0.000
 199.600	    461.707	   2806.707	    2806.707	      0.867	      0.000	      0.000
 200.000	    461.715	   2806.715	    2806.715	      0.624	      0.000	      0.000
 200.400	    461.720	   2806.720	    2806.720	      0.326	      0.000	      0.000
 200.800	    461.724	   2806.724	    2806.724	      0.322	      0.000	      0.000
 201.200	    461.726	   2806.726	    2806.726	      0.117	      0.000	      0.000
 201.600	    461.728	   2806.728	    2806.728	     -0.051	      0.000	     -0.000
 202.000	    461.725	   2806.725	    2806.725	     -0.379	      0.000	     -0.000
 202.400	    461.718	   2806.718	    2806.718	     -0.815	      0.000	     -0.000
 202.800	    461.705	   2806.705	    2806.705	     -1.321	      0.000	     -0.000
 203.200	    461.689	   2806.689	    2806.689	     -1.483	      0.000	     -0.000
 203.600	    461.669	   2806.669	    2806.669	     -1.817	      0.000	     -0.000
 204.000	    461.647	   2806.647	    2806.647	     -2.078	      0.000	     -0.000
 204.400	    461.620	   2806.621	    2806.621	     -2.479	      0.000	     -0.001
 204.800	    461.588	   2806.588	    2806.588	     -2.966	      0.000	     -0.001
 205.200	    461.549	   2806.550	    2806.550	     -3.478	      0.000	     -0.001
 205.600	    461.508	   2806.509	    2806.509	     -3.539	      0.000	     -0.001
 206.000	    461.466	   2806.467	    2806.467	     -3.685	      0.000	     -0.001
 206.400	    461.423	   2806.424	    2806.424	     -3.706	      0.000	     -0.001
 206.800	    461.379	   2806.380	    2806.380	     -3.840	      0.000	     -0.001
 207.200	    461.332	   2806.334	    2806.334	     -3.990	      0.000	     -0.001
 207.600	    461.284	   2806.286	    2806.286	     -4.184	      0.000	     -0.002
 208.000	    461.237	   2806.239	    2806.239	     -3.920	      0.000	     -0.001
 208.400	    461.192	   2806.194	    2806.194	     -3.738	      0.000	     -0.001
 208.800	    461.151	   2806.152	    2806.152	     -3.438	      0.000	     -0.001
 209.200	    461.112	   2806.113	    2806.113	     -3.282	      0.000	     -0.001
 209.600	    461.074	   2806.075	    2806.075	     -3.153	      0.000	     -0.001
 210.000	    461.037	   2806.038	    2806.038	     -3.104	      0.000	     -0.001
 210.400	    461.004	   2806.005	    2806.005	     -2.561	      0.000	     -0.001
 210.800	    460.977	   2805.978	    2805.978	     -2.099	      0.000	     -0.000
 211.200	    460.956	   2805.957	    2805.957	     -1.534	      0.000	     -0.000
 211.600	    460.940	   2805.941	    2805.941	     -1.176	      0.000	     -0.000
 212.000	    460.928	   2805.928	    2805.928	     -0.874	      0.000	     -0.000
 212.400	    460.920	   2805.920	    2805.920	     -0.714	      0.000	     -0.000
 212.800	    460.915	   2805.915	    2805.915	     -0.124	      0.000	     -0.000
 213.200	    460.916	   2805.916	    2805.916	      0.312	      0.000	      0.000
 213.600	    460.922	   2805.922	    2805.922	      0.816	      0.000	      0.000
 214.000	    460.933	   2805.933	    2805.933	      1.026	      0.000	      0.000
 214.400	    460.946	   2805.946	    2805.946	      1.153	      0.000	      0.000
 214.800	    460.959	   2805.959	    2805.959	      1.086	      0.000	      0.000
 215.200	    460.974	   2805.974	    2805.974	      1.438	      0.000	      0.000
 215.600	    460.992	   2805.992	    2805.992	      1.654	      0.000	      0.000
 216.000	    461.013	   2806.013	    2806.013	      1.928	      0.000	      0.000
 216.400	    461.035	   2806.035	    2806.035	      1.859	      0.000	      0.000
 216.800	    461.056	   2806.056	    2806.056	      1.704	      0.000	      0.000
 217.200	    461.075	   2806.074	    2806.074	      1.344	      0.000	      0.000
 217.600	    461.090	   2806.090	    2806.090	      1.368	      0.000	      0.000
 218.000	    461.106	   2806.105	    2806.105	      1.273	      0.000	      0.000
 218.400	    461.120	   2806.119	    2806.119	      1.272	      0.000	      0.000
 218.800	    461.132	   2806.132	    2806.132	      0.862	      0.000	      0.000
 219.200	    461.139	   2806.139	    2806.139	      0.438	      0.000	      0.000
 219.600	    461.142	   2806.142	    2806.142	      0.008	      0.000	      0.000
 220.000	    461.139	   2806.139	    2806.139	     -0.315	      0.000	     -0.000
 220.400	    461.134	   2806.134	    2806.134	     -0.514	      0.000	     -0.000
 220.800	    461.127	   2806.127	    2806.127	     -0.802	      0.000	     -0.000
 221.200	    461.117	   2806.117	    2806.117	     -0.974	      0.000	     -0.000
 221.600	    461.103	   2806.103	    2806.103	     -1.366	      0.000	     -0.000
 222.000	    461.085	   2806.086	    2806.086	     -1.726	      0.000	     -0.000
 222.400	    461.063	   2806.063	    2806.063	     -1.956	      0.000	     -0.000
 222.800	    461.039	   2806.040	    2806.040	     -2.009	      0.000	     -0.000
 223.200	    461.015	   2806.016	    2806.016	     -2.128	      0.000	     -0.000
 223.600	    460.991	   2805.992	    2805.992	     -2.103	      0.000	     -0.000
 224.000	    460.965	   2805.966	    2805.966	     -2.266	      0.000	     -0.000
 224.400	    460.939	   2805.939	    2805.939	     -2.366	      0.000	     -0.000
 224.800	    460.910	   2805.911	    2805.911	     -2.329	      0.000	     -0.000
 225.200	    460.885	   2805.885	    2805.885	     -2.045	      0.000	     -0.000
 225.600	    460.862	   2805.863	    2805.863	     -1.801	      0.000	     -0.000
 226.000	    460.844	   2805.845	    2805.845	     -1.413	      0.000	     -0.000
 226.400	    460.828	   2805.829	    2805.829	     -1.256	      0.000	     -0.000
 226.800	    460.815	   2805.815	    2805.815	     -1.062	      0.000	     -0.000
 227.200	    460.804	   2805.804	    2805.804	     -0.801	      0.000	     -0.000
 227.600	    460.797	   2805.797	    2805.797	     -0.295	      0.000	     -0.000
 228.000	    460.796	   2805.796	    2805.796	      0.133	      0.000	      0.000
 228.400	    460.802	   2805.801	    2805.801	      0.663	      0.000	      0.000
 228.800	    460.810	   2805.810	    2805.810	      0.918	      0.000	      0.000
 229.200	    460.823	   2805.823	    2805.823	      1.195	      0.000	      0.000
 229.600	    460.838	   2805.838	    2805.838	      1.474	      0.000	      0.000
 230.000	    460.858	   2805.858	    2805.858	      1.989	      0.000	      0.000
 230.400	    460.884	   2805.884	    2805.884	      2.406	      0.000	      0.001
 230.800	    460.916	   2805.915	    2805.915	      2.865	      0.000	      0.001
 231.200	    460.950	   2805.949	    2805.949	      2.973	      0.000	      0.001
 231.600	    460.985	   2805.984	    2805.984	      3.037	      0.000	      0.001
 232.000	    461.020	   2806.019	    2806.019	      3.033	      0.000	      0.001
 232.400	    461.057	   2806.056	    2806.056	      3.259	      0.000	      0.001
 232.800	    461.096	   2806.095	    2806.095	      3.364	      0.000	      0.001
 233.200	    461.136	   2806.135	    2806.135	      3.510	      0.000	      0.001
 233.600	    461.175	   2806.175	    2806.175	      3.294	      0.000	      0.001
 234.000	    461.213	   2806.212	    2806.212	      3.068	      0.000	      0.001
 234.400	    461.247	   2806.246	    2806.246	      2.772	      0.000	      0.001
 234.800	    461.278	   2806.278	    2806.278	      2.726	      0.000	      0.001
 235.200	    461.310	   2806.309	    2806.309	      2.580	      0.000	      0.001
 235.600	    461.339	   2806.339	    2806.339	      2.507	      0.000	      0.001
 236.000	    461.365	   2806.365	    2806.365	      2.037	      0.000	      0.000
 236.400	    461.387	   2806.386	    2806.386	      1.579	      0.000	      0.000
 236.800	    461.402	   2806.402	    2806.402	      1.063	      0.000	      0.000
 237.200	    461.413	   2806.413	    2806.413	      0.864	      0.000	      0.000
 237.600	    461.422	   2806.422	    2806.422	      0.628	      0.000	      0.000
 238.000	    461.429	   2806.428	    2806.428	      0.535	      0.000	      0.000
 238.400	    461.432	   2806.432	    2806.432	      0.096	      0.000	      0.000
 238.800	    461.431	   2806.431	    2806.431	     -0.256	      0.000	     -0.000
 239.200	    461.426	   2806.426	    2806.426	     -0.622	      0.000	     -0.000
 239.600	    461.419	   2806.419	    2806.419	     -0.636	      0.000	     -0.000
 240.000	    461.411	   2806.411	    2806.411	     -0.669	      0.000	     -0.000
 240.400	    461.404	   2806.404	    2806.404	     -0.514	      0.000	     -0.000
 240.800	    461.396	   2806.396	    2806.396	     -0.730	      0.000	     -0.000
 241.200	    461.387	   2806.387	    2806.387	     -0.857	      0.000	     -0.000
 241.600	    461.377	   2806.377	    2806.377	     -0.984	      0.000	     -0.000
 242.000	    461.367	   2806.367	    2806.367	     -0.742	      0.000	     -0.000
 242.400	    461.360	   2806.360	    2806.360	     -0.465	      0.000	     -0.000
 242.800	    461.357	   2806.357	    2806.357	      0.045	      0.000	      0.000
 243.200	    461.357	   2806.357	    2806.357	      0.111	      0.000	      0.000
 243.600	    461.360	   2806.360	    2806.360	      0.310	      0.000	      0.000
 244.000	    461.365	   2806.365	    2806.365	      0.640	      0.000	      0.000
 244.400	    461.373	   2806.373	    2806.373	      0.954	      0.000	      0.000
 244.800	    461.388	   2806.388	    2806.388	      1.416	      0.000	      0.000
 245.200	    461.407	   2806.407	    2806.407	      1.832	      0.000	      0.000
 245.600	    461.431	   2806.431	    2806.431	      2.195	      0.000	      0.000
 246.000	    461.459	   2806.458	    2806.458	      2.392	      0.000	      0.001
 246.400	    461.488	   2806.488	    2806.488	      2.674	      0.000	      0.001
 246.800	    461.520	   2806.519	    2806.519	      2.924	      0.000	      0.001
 247.200	    461.557	   2806.556	    2806.556	      3.323	      0.000	      0.001
 247.600	    461.598	   2806.597	    2806.597	      3.662	      0.000	      0.001
 248.000	    461.643	   2806.642	    2806.642	      3.908	      0.000	      0.001
 248.400	    461.689	   2806.688	    2806.688	      3.939	      0.000	      0.001
 248.800	    461.736	   2806.735	    2806.735	      4.034	      0.000	      0.001
 249.200	    461.782	   2806.781	    2806.781	      4.012	      0.000	      0.001
 249.600	    461.830	   2806.828	    2806.828	      4.107	      0.000	      0.001
 250.000	    461.878	   2806.877	    2806.877	      4.119	      0.000	      0.002
 250.400	    461.926	   2806.925	    2806.925	      4.022	      0.000	      0.001
 250.800	    461.971	   2806.970	    2806.970	      3.704	      0.000	      0.001
 251.200	    462.013	   2807.012	    2807.012	      3.459	      0.000	      0.001
 251.600	    462.050	   2807.049	    2807.049	      3.103	      0.000	      0.001
 252.000	    462.086	   2807.085	    2807.085	      2.967	      0.000	      0.001
 252.400	    462.120	   2807.119	    2807.119	      2.796	      0.000	      0.001
 252.800	    462.151	   2807.150	    2807.150	      2.550	      0.000	      0.001
 253.200	    462.178	   2807.178	    2807.178	      2.075	      0.000	      0.000
 253.600	    462.200	   2807.200	    2807.200	      1.712	      0.000	      0.000
 254.000	    462.216	   2807.216	    2807.216	      1.244	      0.000	      0.000
 254.400	    462.230	   2807.230	    2807.230	      1.008	      0.000	      0.000
 254.800	    462.240	   2807.240	    2807.240	      0.779	      0.000	      0.000
 255.200	    462.248	   2807.248	    2807.248	      0.536	      0.000	      0.000
 255.600	    462.252	   2807.252	    2807.252	      0.101	      0.000	      0.000
 256.000	    462.251	   2807.251	    2807.251	     -0.161	      0.000	     -0.000
 256.400	    462.247	   2807.247	    2807.247	     -0.493	      0.000	     -0.000
 256.800	    462.241	   2807.241	    2807.241	     -0.506	      0.000	     -0.000
 257.200	    462.236	   2807.236	    2807.236	     -0.432	      0.000	     -0.000
 257.600	    462.231	   2807.231	    2807.231	     -0.363	      0.000	     -0.000
 258.000	    462.226	   2807.226	    2807.226	     -0.507	      0.000	     -0.000
 258.400	    462.220	   2807.220	    2807.220	     -0.485	      0.000	     -0.000
 258.800	    462.213	   2807.213	    2807.213	     -0.557	      0.000	     -0.000
 259.200	    462.208	   2807.208	    2807.208	     -0.306	      0.000	     -0.000
 259.600	    462.207	   2807.207	    2807.207	     -0.005	      0.000	     -0.000
 260.000	    462.208	   2807.208	    2807.208	      0.319	      0.000	      0.000
 260.400	    462.212	   2807.212	    2807.212	      0.403	      0.000	      0.000
 260.800	    462.218	   2807.218	    2807.218	      0.656	      0.000	      0.000
 261.200	    462.227	   2807.227	    2807.227	      0.788	      0.000	      0.000
 261.600	    462.239	   2807.239	    2807.239	      1.240	      0.000	      0.000
 262.000	    462.256	   2807.256	    2807.256	      1.730	      0.000	      0.000
 262.400	    462.279	   2807.279	    2807.279	      2.220	      0.000	      0.000
 262.800	    462.306	   2807.306	    2807.306	      2.347	      0.000	      0.000
 263.200	    462.335	   2807.334	    2807.334	      2.584	      0.000	      0.001
 263.600	    462.366	   2807.365	    2807.365	      2.639	      0.000	      0.001
 264.000	    462.399	   2807.398	    2807.398	      2.959	      0.000	      0.001
 264.400	    462.436	   2807.435	    2807.435	      3.284	      0.000	      0.001
 264.800	    462.475	   2807.474	    2807.474	      3.582	      0.000	      0.001
 265.200	    462.517	   2807.516	    2807.516	      3.490	      0.000	      0.001
 265.600	    462.558	   2807.556	    2807.556	      3.513	      0.000	      0.001
 266.000	    462.598	   2807.597	    2807.597	      3.339	      0.000	      0.001
 266.400	    462.637	   2807.636	    2807.636	      3.405	      0.000	      0.001
 266.800	    462.678	   2807.677	    2807.677	      3.487	      0.000	      0.001
 267.200	    462.718	   2807.717	    2807.717	      3.583	      0.000	      0.001
 267.600	    462.757	   2807.757	    2807.757	      3.170	      0.000	      0.001
 268.000	    462.793	   2807.792	    2807.792	      2.870	      0.000	      0.001
 268.400	    462.824	   2807.823	    2807.823	      2.524	      0.000	      0.001
 268.800	    462.850	   2807.850	    2807.850	      2.162	      0.000	      0.000
 269.200	    462.875	   2807.874	    2807.874	      1.981	      0.000	      0.000
 269.600	    462.896	   2807.896	    2807.896	      1.657	      0.000	      0.000
 270.000	    462.914	   2807.914	    2807.914	      1.273	      0.000	      0.000
 270.400	    462.926	   2807.926	    2807.926	      0.862	      0.000	      0.000
 270.800	    462.934	   2807.934	    2807.934	      0.465	      0.000	      0.000
 271.200	    462.936	   2807.936	    2807.936	      0.077	      0.000	      0.000
 271.600	    462.937	   2807.937	    2807.937	     -0.062	      0.000	     -0.000
 272.000	    462.934	   2807.934	    2807.934	     -0.315	      0.000	     -0.000
 272.400	    462.930	   2807.930	    2807.930	     -0.601	      0.000	     -0.000
 272.800	    462.921	   2807.921	    2807.921	     -0.917	      0.000	     -0.000
 273.200	    462.909	   2807.909	    2807.909	     -1.194	      0.000	     -0.000
 273.600	    462.893	   2807.893	    2807.893	     -1.437	      0.000	     -0.000
 274.000	    462.876	   2807.876	    2807.876	     -1.365	      0.000	     -0.000
 274.400	    462.860	   2807.860	    2807.860	     -1.377	      0.000	     -0.000
 274.800	    462.845	   2807.845	    2807.845	     -1.389	      0.000	     -0.000
 275.200	    462.828	   2807.829	    2807.829	     -1.415	      0.000	     -0.000
 275.600	    462.812	   2807.812	    2807.812	     -1.363	      0.000	     -0.000
 276.000	    462.796	   2807.796	    2807.796	     -1.311	      0.000	     -0.000
 276.400	    462.783	   2807.783	    2807.783	     -0.937	      0.000	     -0.000
 276.800	    462.774	   2807.774	    2807.774	     -0.649	      0.000	     -0.000
 277.200	    462.768	   2807.768	    2807.768	     -0.401	      0.000	     -0.000
 277.600	    462.765	   2807.765	    2807.765	     -0.234	      0.000	     -0.000
 278.000	    462.763	   2807.763	    2807.763	     -0.023	      0.000	     -0.000
 278.400	    462.763	   2807.763	    2807.763	      0.135	      0.000	      0.000
 278.800	    462.768	   2807.768	    2807.768	      0.611	      0.000	      0.000
 279.200	    462.777	   2807.777	    2807.777	      0.983	      0.000	      0.000
 279.600	    462.791	   2807.791	    2807.791	      1.281	      0.000	      0.000
 280.000	    462.807	   2807.807	    2807.807	      1.454	      0.000	      0.000
 280.400	    462.825	   2807.824	    2807.824	      1.646	      0.000	      0.000
 280.800	    462.844	   2807.844	    2807.844	      1.725	      0.000	      0.000
 281.200	    462.867	   2807.867	    2807.867	      2.093	      0.000	      0.000
 281.600	    462.893	   2807.892	    2807.892	      2.313	      0.000	      0.000
 282.000	    462.921	   2807.920	    2807.920	      2.431	      0.000	      0.001
 282.400	    462.949	   2807.948	    2807.948	      2.351	      0.000	      0.001
 282.800	    462.975	   2807.975	    2807.975	      2.259	      0.000	      0.000
 283.200	    463.000	   2808.000	    2808.000	      2.017	      0.000	      0.000
 283.600	    463.024	   2808.024	    2808.024	      2.082	      0.000	      0.000
 284.000	    463.048	   2808.048	    2808.048	      2.014	      0.000	      0.000
 284.400	    463.071	   2808.070	    2808.070	      1.877	      0.000	      0.000
 284.800	    463.090	   2808.090	    2808.090	      1.523	      0.000	      0.000
 285.200	    463.106	   2808.106	    2808.106	      1.192	      0.000	      0.000
 285.600	    463.117	   2808.117	    2808.117	      0.717	      0.000	      0.000
 286.000	    463.125	   2808.125	    2808.125	      0.586	      0.000	      0.000
 286.400	    463.130	   2808.130	    2808.130	      0.341	      0.000	      0.000
 286.800	    463.132	   2808.132	    2808.132	      0.065	      0.000	      0.000
 287.200	    463.130	   2808.130	    2808.130	     -0.433	      0.000	     -0.000
 287.600	    463.122	   2808.122	    2808.122	     -0.874	      0.000	     -0.000
 288.000	    463.109	   2808.109	    2808.109	     -1.428	      0.000	     -0.000
 288.400	    463.092	   2808.092	    2808.092	     -1.563	      0.000	     -0.000
 288.800	    463.072	   2808.073	    2808.073	     -1.742	      0.000	     -0.000
 289.200	    463.051	   2808.051	    2808.051	     -1.874	      0.000	     -0.000
 289.600	    463.027	   2808.027	    2808.027	     -2.219	      0.000	     -0.000
 290.000	    462.999	   2807.999	    2807.999	     -2.463	      0.000	     -0.001
 290.400	    462.969	   2807.969	    2807.969	     -2.777	      0.000	     -0.001
 290.800	    462.937	   2807.937	    2807.937	     -2.686	      0.000	     -0.001
 291.200	    462.906	   2807.906	    2807.906	     -2.614	      0.000	     -0.001
 291.600	    462.875	   2807.876	    2807.876	     -2.439	      0.000	     -0.001
 292.000	    462.846	   2807.846	    2807.846	     -2.582	      0.000	     -0.001
 292.400	    462.815	   2807.816	    2807.816	     -2.570	      0.000	     -0.001
 292.800	    462.786	   2807.786	    2807.786	     -2.508	      0.000	     -0.001
 293.200	    462.757	   2807.758	    2807.758	     -2.271	      0.000	     -0.000
 293.600	    462.733	   2807.733	    2807.733	     -1.909	      0.000	     -0.000
 294.000	    462.712	   2807.712	    2807.712	     -1.668	      0.000	     -0.000
 294.400	    462.696	   2807.696	    2807.696	     -1.358	      0.000	     -0.000
 294.800	    462.681	   2807.681	    2807.681	     -1.151	      0.000	     -0.000
 295.200	    462.669	   2807.669	    2807.669	     -0.939	      0.000	     -0.000
 295.600	    462.659	   2807.659	    2807.659	     -0.606	      0.000	     -0.000
 296.000	    462.654	   2807.654	    2807.654	     -0.207	      0.000	     -0.000
 296.400	    462.654	   2807.654	    2807.654	      0.022	      0.000	      0.000
 296.800	    462.656	   2807.656	    2807.656	      0.289	      0.000	      0.000
 297.200	    462.660	   2807.660	    2807.660	      0.412	      0.000	      0.000
 297.600	    462.666	   2807.666	    2807.666	      0.520	      0.000	      0.000
 298.000	    462.673	   2807.673	    2807.673	      0.700	      0.000	      0.000
 298.400	    462.682	   2807.682	    2807.682	      0.975	      0.000	      0.000
 298.800	    462.695	   2807.694	    2807.694	      1.056	      0.000	      0.000
 299.200	    462.708	   2807.708	    2807.708	      1.129	      0.000	      0.000
 299.600	    462.720	   2807.720	    2807.720	      1.002	      0.000	      0.000
 300.000	    462.731	   2807.731	    2807.731	      0.841	      0.000	      0.000
