    时间	    开度值	      蜗壳压力	      尾水管压力	    流量	      转速	      出力	  单位转速	  单位流量	  单位力矩	球阀前压力	球阀后压力	蜗壳进口压力	尾水管出口压力
   0.000	   0.732	       513.722	        52.228	    74.634	   428.600	   306.160	    84.775	     0.199	    20.815	452.023297	451.516968	513.721800	2324.567598
   0.200	   0.732	       524.387	        51.978	    74.450	   436.926	   307.183	    86.052	     0.198	    20.312	453.930912	453.930680	523.807841	2324.498880
   0.400	   0.732	       526.574	        51.015	    74.188	   445.124	   307.093	    87.353	     0.197	    19.790	456.584702	456.584314	526.238494	2323.799805
   0.600	   0.732	       529.723	        50.955	    73.950	   453.171	   306.979	    88.611	     0.195	    19.291	459.740412	459.739626	529.385967	2323.137933
   0.800	   0.732	       532.364	        50.257	    73.758	   461.082	   307.192	    89.825	     0.194	    18.833	462.424227	462.422664	532.065250	2322.586667
   1.000	   0.732	       536.767	        51.257	    73.594	   468.857	   307.490	    91.000	     0.193	    18.401	466.147004	466.145248	535.889968	2323.261671
   1.200	   0.732	       539.561	        52.153	    73.340	   476.505	   306.827	    92.286	     0.192	    17.989	469.613280	469.611294	539.327707	2324.073452
   1.400	   0.732	       543.841	        53.163	    73.234	   484.040	   307.564	    93.416	     0.191	    17.627	473.962175	473.959899	543.402416	2325.010428
   1.600	   0.732	       547.348	        53.906	    73.038	   491.461	   307.152	    94.563	     0.190	    17.234	477.484452	477.481824	547.130007	2325.207615
   1.800	   0.732	       550.566	        53.231	    72.967	   498.777	   307.931	    95.578	     0.189	    16.885	481.613723	481.610671	551.183190	2325.570736
   2.000	   0.732	       553.577	        52.938	    72.734	   505.979	   306.657	    96.616	     0.187	    16.459	483.378468	483.374955	553.051415	2324.616734
   2.200	   0.732	       555.913	        51.462	    72.479	   513.045	   304.843	    97.569	     0.186	    16.006	485.954311	485.950226	555.580005	2322.992236
   2.400	   0.732	       559.613	        50.722	    72.216	   519.976	   302.695	    98.428	     0.185	    15.537	489.127661	489.122848	558.976980	2322.349875
   2.600	   0.732	       562.507	        47.798	    71.825	   526.768	   298.744	    99.112	     0.182	    14.954	490.493062	490.487334	561.635641	2321.104538
   2.800	   0.732	       567.844	        48.276	    71.094	   533.312	   290.444	    99.825	     0.180	    14.212	496.669642	496.662732	566.890473	2319.717096
   3.000	   0.732	       573.028	        47.373	    70.177	   539.576	   279.586	   100.352	     0.176	    13.349	501.057193	501.049657	571.646087	2318.624920
   3.200	   0.732	       578.653	        45.864	    69.244	   545.525	   268.556	   100.715	     0.173	    12.498	506.745397	506.737172	577.150045	2316.412122
   3.400	   0.732	       584.212	        44.784	    68.185	   551.168	   255.946	   101.066	     0.169	    11.630	510.090910	510.081890	579.157918	2315.665332
   3.600	   0.732	       591.749	        45.932	    67.253	   556.502	   245.088	   101.390	     0.165	    10.889	518.391500	518.381545	589.178590	2315.286476
   3.800	   0.732	       596.894	        46.041	    66.123	   561.528	   232.327	   101.779	     0.162	    10.124	525.088705	525.077643	595.320576	2315.645036
   4.000	   0.732	       603.432	        48.091	    65.037	   566.256	   220.120	   102.167	     0.158	     9.425	531.231576	531.219187	601.543976	2317.099954
   4.200	   0.732	       609.114	        49.813	    63.967	   570.689	   208.739	   102.551	     0.155	     8.797	536.914696	536.900663	607.316363	2318.231162
   4.400	   0.732	       613.195	        50.041	    62.996	   574.867	   198.261	   102.903	     0.152	     8.231	541.626709	541.610522	611.440645	2318.280156
   4.600	   0.732	       617.103	        50.412	    61.968	   578.809	   187.756	   103.239	     0.149	     7.687	544.639873	544.620928	615.127020	2317.965906
   4.800	   0.732	       619.233	        49.325	    60.940	   582.513	   177.215	   103.563	     0.146	     7.162	547.204247	547.181649	617.373854	2316.582539
   5.000	   0.732	       620.986	        48.213	    59.787	   585.973	   165.807	   103.870	     0.143	     6.622	548.924792	548.897333	618.687269	2314.957931
   5.200	   0.732	       621.358	        46.029	    58.560	   589.187	   153.910	   104.160	     0.140	     6.081	549.415824	549.381496	620.309418	2313.850626
   5.400	   0.732	       623.203	        45.904	    57.089	   592.118	   140.104	   104.447	     0.136	     5.484	549.808462	549.767950	620.883231	2312.284562
   5.600	   0.732	       623.506	        44.796	    55.338	   594.744	   124.237	   104.722	     0.132	     4.824	549.571379	549.525384	620.643226	2310.498068
   5.800	   0.732	       624.302	        44.211	    53.580	   597.046	   109.113	   104.944	     0.127	     4.206	549.599213	549.546211	621.141019	2309.355020
   6.000	   0.732	       623.673	        42.814	    51.599	   599.040	    92.493	   105.162	     0.122	     3.544	549.952827	549.890414	621.221119	2307.633818
   6.200	   0.732	       625.227	        43.433	    49.822	   600.728	    78.799	   105.320	     0.118	     3.003	551.154994	551.079490	622.731525	2307.116119
   6.400	   0.732	       626.808	        44.728	    47.895	   602.128	    64.070	   105.484	     0.113	     2.432	552.883341	552.788658	624.092401	2308.314436
   6.600	   0.732	       628.360	        45.932	    46.055	   603.256	    51.353	   105.599	     0.109	     1.943	554.715692	554.590463	625.680834	2308.861914
   6.800	   0.732	       631.262	        48.912	    44.234	   604.128	    38.802	   105.711	     0.104	     1.465	557.674235	557.495372	628.473544	2311.009209
   7.000	   0.732	       634.680	        51.740	    42.764	   604.809	    29.406	   105.739	     0.101	     1.107	559.950729	559.658523	630.870324	2312.445227
   7.200	   0.732	       635.429	        52.076	    41.316	   605.312	    20.317	   105.753	     0.097	     0.763	562.835691	562.466256	633.306519	2312.984804
   7.400	   0.732	       637.258	        53.724	    40.028	   605.655	    12.252	   105.766	     0.094	     0.460	565.153043	564.781850	635.392370	2314.391866
   7.600	   0.732	       638.461	        54.231	    38.695	   605.849	     4.322	   105.706	     0.091	     0.162	565.004384	564.630483	635.560169	2314.177551
   7.800	   0.732	       637.290	        52.562	    37.420	   605.895	    -3.178	   105.641	     0.088	    -0.119	565.801376	565.424744	635.661049	2313.330869
   8.000	   0.732	       638.484	        53.521	    36.131	   605.798	   -10.718	   105.575	     0.085	    -0.400	565.983857	565.604878	636.228431	2313.211404
   8.200	   0.732	       636.788	        51.358	    34.715	   605.547	   -18.651	   105.460	     0.082	    -0.696	564.059922	563.679792	634.394260	2310.788377
   8.400	   0.732	       636.986	        51.095	    33.254	   605.138	   -26.616	   105.318	     0.078	    -0.992	564.322775	563.944483	634.625126	2309.852541
   8.600	   0.732	       636.326	        50.136	    31.630	   604.566	   -35.417	   105.161	     0.074	    -1.320	563.620612	563.244881	634.731424	2309.157200
   8.800	   0.732	       635.273	        48.971	    30.100	   603.829	   -42.887	   104.996	     0.071	    -1.599	562.892426	562.520472	633.842488	2308.048983
   9.000	   0.732	       636.916	        50.496	    28.375	   602.948	   -51.030	   104.804	     0.067	    -1.905	563.958959	563.592996	634.427561	2308.974787
   9.200	   0.732	       636.847	        50.733	    26.780	   601.918	   -58.427	   104.627	     0.063	    -2.184	562.025076	561.665761	632.900644	2308.810388
   9.400	   0.732	       638.105	        52.064	    25.208	   600.741	   -65.131	   104.405	     0.059	    -2.439	566.798868	566.443909	637.437525	2309.814053
   9.600	   0.732	       639.677	        54.363	    23.956	   599.447	   -70.234	   104.228	     0.056	    -2.638	566.624806	566.267243	637.520485	2311.221936
   9.800	   0.732	       639.449	        55.275	    22.841	   598.045	   -74.616	   104.071	     0.054	    -2.814	567.715973	567.347335	638.224070	2312.513229
  10.000	   0.732	       640.893	        58.307	    21.943	   596.581	   -77.935	   103.947	     0.052	    -2.954	568.741041	568.354870	639.095622	2314.993196
  10.200	   0.732	       640.835	        59.620	    21.011	   595.034	   -81.411	   103.788	     0.049	    -3.100	569.090858	568.685744	639.331139	2316.320103
  10.400	   0.732	       639.741	        60.167	    20.174	   593.427	   -84.390	   103.645	     0.048	    -3.231	568.047196	567.613785	637.573335	2316.486306
  10.600	   0.732	       637.856	        60.075	    19.349	   591.755	   -87.246	   103.504	     0.046	    -3.360	565.832681	565.364569	635.775860	2316.129561
  10.800	   0.732	       632.750	        56.648	    18.397	   590.015	   -90.621	   103.340	     0.043	    -3.509	560.430521	559.987594	630.852507	2312.532577
  11.000	   0.732	       629.000	        54.258	    17.200	   588.193	   -95.054	   103.131	     0.041	    -3.700	556.801891	556.393894	627.426101	2310.283639
  11.200	   0.732	       623.243	        49.846	    15.580	   586.246	  -102.297	   102.895	     0.037	    -4.004	550.436341	550.081833	620.771571	2306.382560
  11.400	   0.732	       617.295	        45.160	    13.706	   584.149	  -110.767	   102.624	     0.033	    -4.359	543.712421	543.426887	615.027607	2302.421724
  11.600	   0.732	       613.706	        42.778	    11.292	   581.831	  -123.615	   102.308	     0.027	    -4.893	537.562529	537.354934	609.031025	2298.733412
  11.800	   0.732	       607.198	        37.996	     8.603	   579.202	  -139.288	   101.985	     0.020	    -5.553	530.041174	529.914917	601.948208	2294.770560
  12.000	   0.732	       603.397	        36.325	     5.676	   576.161	  -158.323	   101.628	     0.014	    -6.368	527.308139	527.251660	599.957663	2293.064816
  12.200	   0.732	       598.545	        34.499	     2.670	   572.755	  -175.344	   101.291	     0.006	    -7.132	521.762157	521.749496	594.571760	2291.869536
  12.400	   0.732	       596.270	        35.484	    -0.428	   569.003	  -191.814	   100.917	    -0.001	    -7.898	520.052940	520.053244	592.410938	2291.903376
  12.600	   0.732	       594.446	        36.931	    -3.517	   564.888	  -209.020	   100.484	    -0.008	    -8.721	517.072333	517.097084	589.121180	2294.303945
  12.800	   0.732	       591.637	        38.459	    -6.360	   560.284	  -230.275	   100.063	    -0.015	    -9.764	515.659027	515.750924	588.039086	2295.744378
  13.000	   0.732	       588.027	        42.063	    -8.888	   555.211	  -248.518	    99.822	    -0.022	   -10.777	511.904945	512.097958	584.292865	2298.230272
  13.200	   0.732	       581.502	        46.142	   -10.790	   549.754	  -261.980	    99.826	    -0.026	   -11.703	506.206350	506.510512	578.211854	2301.810500
  13.400	   0.732	       573.440	        50.190	   -12.164	   544.014	  -269.945	    99.931	    -0.030	   -12.471	499.017527	499.435375	570.802582	2306.754254
  13.600	   0.732	       565.888	        55.919	   -13.201	   538.071	  -274.446	   100.127	    -0.033	   -13.155	493.439183	493.967140	564.633217	2312.112698
  13.800	   0.732	       556.719	        60.324	   -14.074	   531.996	  -276.615	   100.351	    -0.036	   -13.780	483.853441	484.497344	555.085642	2315.434687
  14.000	   0.732	       544.606	        61.602	   -14.695	   525.846	  -275.657	   100.564	    -0.038	   -14.280	472.369787	473.131426	543.434946	2316.823482
  14.200	   0.732	       530.126	        60.128	   -15.074	   519.669	  -272.317	   100.754	    -0.039	   -14.672	458.591026	459.439766	529.467270	2315.528691
  14.400	   0.732	       515.994	        58.183	   -15.148	   513.527	  -265.988	   100.883	    -0.040	   -14.889	444.708166	445.579939	515.703671	2313.684976
  14.600	   0.732	       503.967	        57.874	   -15.181	   507.454	  -259.308	   100.993	    -0.041	   -15.075	433.216126	434.097795	503.588212	2313.114341
  14.800	   0.732	       493.563	        58.227	   -15.078	   501.491	  -251.188	   101.032	    -0.041	   -15.142	423.166374	424.044572	493.957955	2314.287520
  15.000	   0.732	       487.324	        62.228	   -14.940	   495.653	  -242.959	   101.052	    -0.041	   -15.176	417.616034	418.478801	488.020873	2317.294209
  15.200	   0.732	       480.449	        64.826	   -14.719	   489.971	  -234.122	   101.025	    -0.041	   -15.130	410.497271	411.341764	480.926247	2319.667398
  15.400	   0.732	       475.807	        67.476	   -14.089	   484.470	  -221.055	   100.774	    -0.040	   -14.704	406.185029	406.978284	476.918071	2322.336411
  15.600	   0.732	       471.888	        69.966	   -13.072	   479.242	  -205.775	   100.468	    -0.037	   -14.055	404.532694	405.219182	474.227192	2324.710506
  15.800	   0.732	       470.679	        73.801	   -11.325	   474.405	  -185.340	   100.068	    -0.032	   -12.947	404.888172	405.413754	474.484223	2327.585439
  16.000	   0.732	       470.780	        79.395	    -9.240	   470.055	  -163.868	    99.827	    -0.026	   -11.711	406.784251	407.133319	475.174250	2332.512909
  16.200	   0.732	       469.652	        85.448	    -6.598	   466.227	  -141.374	    99.918	    -0.019	   -10.373	406.602692	406.787493	474.680914	2338.198305
  16.400	   0.732	       467.086	        91.667	    -3.630	   462.916	  -119.690	   100.350	    -0.011	    -9.050	404.082581	404.141386	472.431492	2343.253795
  16.600	   0.732	       461.859	        95.251	    -0.237	   460.149	  -100.971	   100.936	    -0.001	    -7.864	400.344098	400.344660	467.874944	2346.842386
  16.800	   0.732	       455.403	        96.215	     3.377	   457.812	   -84.447	   101.461	     0.010	    -6.748	393.656734	393.610191	460.818751	2347.771269
  17.000	   0.732	       447.179	        95.130	     7.344	   455.891	   -65.585	   102.074	     0.022	    -5.372	387.057148	386.838756	454.217953	2347.243718
  17.200	   0.732	       439.321	        93.589	    11.079	   454.425	   -50.818	   102.704	     0.034	    -4.255	378.465508	377.954870	445.428072	2345.063137
  17.400	   0.732	       428.853	        89.540	    14.617	   453.282	   -39.770	   103.455	     0.045	    -3.404	367.779826	366.854396	434.056129	2342.573616
  17.600	   0.732	       421.609	        88.400	    18.232	   452.405	   -29.789	   104.258	     0.057	    -2.605	361.093264	359.622838	426.800441	2341.177751
  17.800	   0.732	       414.702	        85.738	    21.589	   451.780	   -20.553	   104.854	     0.068	    -1.825	354.239870	352.134635	419.731517	2339.218390
  18.000	   0.732	       410.572	        84.557	    24.785	   451.394	   -11.109	   105.315	     0.078	    -0.998	350.219932	347.402593	414.869453	2338.676452
  18.200	   0.732	       408.881	        84.566	    28.011	   451.260	    -0.853	   105.650	     0.089	    -0.077	351.431067	347.783677	414.920456	2340.383971
  18.400	   0.732	       409.477	        84.876	    31.435	   451.411	    10.569	   105.745	     0.099	     0.957	353.028618	348.386044	415.377085	2340.658824
  18.600	   0.732	       414.437	        87.313	    35.006	   451.854	    23.510	   105.559	     0.110	     2.115	358.857436	353.029354	420.198113	2343.404994
  18.800	   0.732	       420.800	        89.371	    38.752	   452.658	    38.848	   105.191	     0.122	     3.452	365.526059	358.291395	425.877395	2346.319808
  19.000	   0.732	       426.233	        88.828	    42.479	   453.890	    56.489	   104.677	     0.132	     4.930	374.564885	365.729994	432.624544	2347.334925
  19.200	   0.732	       434.972	        89.027	    46.308	   455.616	    76.932	   103.913	     0.143	     6.542	382.222432	371.653296	439.313884	2348.314389
  19.400	   0.732	       441.443	        85.061	    49.808	   457.863	    97.806	   103.013	     0.151	     8.054	392.198260	379.776322	446.837052	2345.267258
  19.600	   0.732	       446.313	        78.428	    53.059	   460.657	   119.606	   102.123	     0.159	     9.504	398.350318	383.599145	450.837936	2341.061053
  19.800	   0.732	       450.969	        72.381	    55.703	   463.954	   139.097	   101.480	     0.164	    10.683	401.597750	384.544738	453.398482	2336.193144
  20.000	   0.732	       450.789	        62.850	    57.653	   467.677	   154.707	   101.115	     0.168	    11.518	402.744621	383.474843	451.938402	2327.350311
  20.200	   0.732	       452.953	        56.557	    58.952	   471.703	   165.475	   100.925	     0.170	    11.961	405.271785	384.024249	452.924148	2321.194340
  20.400	   0.732	       452.163	        48.645	    59.496	   475.897	   170.107	   100.920	     0.170	    11.973	404.579927	381.758219	451.784515	2315.071834
  20.600	   0.732	       450.120	        41.303	    59.200	   480.072	   167.495	   101.111	     0.168	    11.528	402.301085	378.448557	448.803758	2308.207430
  20.800	   0.732	       451.029	        38.735	    58.191	   484.071	   158.625	   101.463	     0.165	    10.723	402.414974	377.915782	447.781282	2304.817153
  21.000	   0.732	       449.295	        34.806	    56.959	   487.812	   148.344	   101.911	     0.161	     9.886	401.946259	377.026150	446.903809	2301.037448
  21.200	   0.732	       450.803	        34.682	    55.705	   491.262	   138.088	   102.369	     0.157	     9.091	403.905578	378.663553	449.206361	2300.177631
  21.400	   0.732	       456.702	        39.220	    54.510	   494.460	   128.682	   102.810	     0.153	     8.380	408.574744	383.863423	453.873292	2303.347798
  21.600	   0.732	       462.269	        43.020	    53.542	   497.433	   121.261	   103.164	     0.150	     7.810	416.716938	392.334897	462.308475	2306.978653
  21.800	   0.732	       470.489	        48.965	    52.838	   500.240	   115.927	   103.429	     0.147	     7.379	423.739832	399.613052	469.709999	2313.021671
  22.000	   0.732	       478.890	        54.469	    52.456	   502.922	   112.878	   103.605	     0.146	     7.094	434.496025	410.177126	479.559864	2317.904507
  22.200	   0.732	       486.180	        57.471	    52.653	   505.571	   114.081	   103.625	     0.146	     7.061	443.304706	418.327120	487.848600	2320.502301
  22.400	   0.732	       494.537	        60.474	    53.242	   508.271	   118.242	   103.545	     0.146	     7.191	453.501815	427.407812	496.499169	2323.457107
  22.600	   0.732	       501.356	        61.068	    54.099	   511.085	   124.517	   103.399	     0.148	     7.427	461.536901	434.028264	502.482306	2324.550812
  22.800	   0.732	       509.189	        62.086	    55.094	   514.033	   131.985	   103.224	     0.149	     7.712	470.974226	441.905294	511.196503	2325.305083
  23.000	   0.732	       514.386	        60.958	    55.798	   517.114	   137.316	   103.128	     0.150	     7.866	477.992335	447.395767	516.197944	2325.133145
  23.200	   0.732	       518.223	        58.298	    56.490	   520.301	   142.642	   103.041	     0.151	     8.009	481.410538	449.486176	518.969436	2323.087831
  23.400	   0.732	       521.926	        56.013	    56.921	   523.564	   145.971	   103.021	     0.151	     8.040	485.478745	452.214296	521.551229	2320.366990
  23.600	   0.732	       523.166	        51.814	    57.102	   526.871	   147.288	   103.066	     0.151	     7.968	487.796576	453.599761	522.601902	2316.866979
  23.800	   0.732	       525.385	        49.069	    57.100	   530.157	   147.098	   103.155	     0.150	     7.824	489.719976	454.841771	524.630204	2314.441275
  24.000	   0.732	       526.814	        46.799	    56.645	   533.373	   143.090	   103.353	     0.148	     7.503	491.286303	456.067500	526.029131	2311.986907
  24.200	   0.732	       529.634	        46.330	    56.097	   536.469	   138.204	   103.569	     0.146	     7.152	494.668196	459.337840	529.019640	2310.934056
  24.400	   0.732	       532.069	        45.883	    55.392	   539.432	   132.158	   103.798	     0.144	     6.756	496.197587	460.850045	530.891355	2311.127209
  24.600	   0.732	       534.623	        45.808	    54.581	   542.238	   125.447	   104.021	     0.141	     6.341	498.863173	463.708731	533.290203	2311.041316
  24.800	   0.732	       540.019	        48.539	    53.888	   544.893	   119.580	   104.215	     0.139	     5.979	502.112287	467.254850	537.210383	2312.363543
  25.000	   0.732	       542.843	        48.702	    53.206	   547.407	   113.920	   104.383	     0.137	     5.636	505.926766	471.537282	541.970617	2313.042753
  25.200	   0.732	       547.021	        49.941	    52.631	   549.800	   109.298	   104.503	     0.135	     5.349	510.602154	476.625683	546.616035	2313.923333
  25.400	   0.732	       551.841	        51.742	    52.192	   552.094	   105.641	   104.600	     0.133	     5.116	514.817113	481.086107	551.529082	2315.800161
  25.600	   0.732	       554.503	        51.679	    51.670	   554.289	   101.304	   104.708	     0.132	     4.858	517.475887	484.028473	554.490954	2315.162510
  25.800	   0.732	       557.741	        52.257	    51.192	   556.392	    97.258	   104.807	     0.130	     4.620	520.928600	487.719359	557.694117	2315.918006
  26.000	   0.732	       560.476	        52.241	    50.700	   558.410	    93.466	   104.880	     0.129	     4.398	522.498406	489.513131	559.333290	2315.295011
  26.200	   0.732	       561.993	        51.059	    50.264	   560.345	    90.043	   104.946	     0.127	     4.198	523.607387	490.903849	560.956755	2314.247029
  26.400	   0.732	       565.280	        51.913	    49.742	   562.188	    85.959	   105.020	     0.125	     3.974	526.211504	493.838647	564.187525	2314.610475
  26.600	   0.732	       565.454	        50.150	    48.980	   563.925	    80.103	   105.119	     0.123	     3.676	526.103038	494.337392	565.221950	2313.464612
  26.800	   0.732	       568.067	        50.962	    48.217	   565.535	    74.442	   105.208	     0.121	     3.393	527.363989	496.195545	566.486904	2312.964631
  27.000	   0.732	       569.069	        50.294	    47.407	   567.026	    68.793	   105.288	     0.119	     3.116	527.680157	497.253118	567.505799	2312.813883
  27.200	   0.732	       569.452	        49.226	    46.587	   568.393	    63.059	   105.367	     0.117	     2.840	527.865644	498.101231	568.100726	2311.395963
  27.400	   0.732	       572.372	        50.842	    45.816	   569.642	    57.623	   105.441	     0.114	     2.581	529.467724	500.354022	570.955647	2312.962737
  27.600	   0.732	       574.062	        51.430	    44.970	   570.769	    51.934	   105.512	     0.112	     2.316	530.037928	501.734604	572.382540	2312.890611
  27.800	   0.732	       575.775	        52.126	    44.118	   571.778	    46.558	   105.570	     0.110	     2.068	532.080488	504.447884	574.529324	2313.646815
  28.000	   0.732	       578.528	        53.963	    43.354	   572.685	    41.698	   105.622	     0.108	     1.845	534.394872	507.400451	577.513145	2315.465390
  28.200	   0.732	       579.348	        53.911	    42.714	   573.499	    37.597	   105.666	     0.106	     1.658	534.513064	508.015292	578.239834	2314.914379
  28.400	   0.732	       581.288	        55.116	    42.082	   574.232	    33.548	   105.709	     0.105	     1.475	536.536087	510.169345	580.025596	2315.735957
  28.600	   0.732	       582.268	        55.287	    41.407	   574.897	    29.477	   105.731	     0.103	     1.292	537.080037	510.907658	581.734583	2315.885600
  28.800	   0.732	       581.650	        53.852	    40.703	   575.491	    25.399	   105.739	     0.101	     1.110	535.990478	509.971575	580.377923	2314.917913
  29.000	   0.732	       582.839	        54.408	    39.951	   575.989	    21.068	   105.747	     0.099	     0.918	536.714186	510.925212	581.809461	2315.197589
  29.200	   0.732	       582.176	        53.290	    39.137	   576.400	    16.393	   105.755	     0.097	     0.713	536.105090	510.618123	581.276764	2313.651619
  29.400	   0.732	       582.439	        53.292	    38.289	   576.707	    11.550	   105.764	     0.095	     0.502	535.985547	510.813218	580.978606	2312.991786
  29.600	   0.732	       582.996	        53.363	    37.312	   576.922	     6.206	   105.731	     0.092	     0.269	535.256618	510.651869	581.570471	2313.331414
  29.800	   0.732	       582.402	        52.281	    36.279	   577.018	     0.675	   105.675	     0.090	     0.029	533.760667	509.751939	580.646563	2312.231868
  30.000	   0.732	       583.563	        53.160	    35.237	   576.996	    -4.868	   105.619	     0.087	    -0.211	534.661382	511.306084	582.210048	2312.823665
  30.200	   0.732	       583.734	        53.210	    34.114	   576.870	   -10.811	   105.559	     0.084	    -0.467	533.196995	510.625688	581.630680	2312.330552
  30.400	   0.732	       583.644	        52.732	    32.956	   576.617	   -16.611	   105.449	     0.081	    -0.718	532.461926	510.679152	581.095743	2311.869336
  30.600	   0.732	       584.747	        53.550	    31.757	   576.241	   -22.524	   105.328	     0.078	    -0.973	533.217955	512.298357	583.248984	2312.579272
  30.800	   0.732	       584.328	        53.110	    30.635	   575.755	   -27.997	   105.214	     0.076	    -1.210	532.013162	511.885264	582.584236	2311.700750
  31.000	   0.732	       585.122	        53.996	    29.464	   575.155	   -33.499	   105.092	     0.073	    -1.448	531.001670	511.749276	582.433616	2311.920985
  31.200	   0.732	       584.922	        53.771	    28.120	   574.441	   -39.238	   104.934	     0.069	    -1.698	530.183283	512.020930	583.103816	2312.001766
  31.400	   0.732	       583.363	        52.330	    26.718	   573.613	   -45.179	   104.770	     0.066	    -1.957	527.142339	510.173079	581.110522	2311.059497
  31.600	   0.732	       583.434	        52.727	    25.315	   572.659	   -51.033	   104.605	     0.062	    -2.215	525.611210	509.880823	581.160667	2310.565486
  31.800	   0.732	       582.398	        51.627	    23.810	   571.578	   -56.829	   104.378	     0.059	    -2.470	523.611980	509.240477	580.017344	2309.065008
  32.000	   0.732	       582.122	        51.568	    22.353	   570.377	   -62.350	   104.159	     0.055	    -2.715	521.356952	508.597409	579.932427	2308.826243
  32.200	   0.732	       581.652	        51.059	    20.633	   569.058	   -68.904	   103.891	     0.051	    -3.006	519.337606	508.218381	579.660166	2308.958941
  32.400	   0.732	       581.643	        50.665	    18.883	   567.599	   -75.607	   103.566	     0.047	    -3.303	517.241041	507.780061	578.817268	2307.921917
  32.600	   0.732	       582.586	        51.685	    17.249	   566.002	   -81.707	   103.264	     0.042	    -3.579	516.865920	508.869170	580.283515	2308.804042
  32.800	   0.732	       582.401	        52.372	    15.810	   564.287	   -87.246	   103.021	     0.039	    -3.838	516.310803	509.507377	580.941854	2309.167442
  33.000	   0.732	       583.490	        55.101	    14.539	   562.443	   -92.321	   102.832	     0.036	    -4.087	515.865415	510.063556	581.081599	2311.605745
  33.200	   0.732	       584.983	        58.504	    13.322	   560.494	   -97.020	   102.651	     0.033	    -4.324	516.783675	511.811579	582.682976	2314.630225
  33.400	   0.732	       584.762	        60.761	    12.373	   558.453	  -100.305	   102.511	     0.031	    -4.508	517.471931	513.094929	583.642361	2316.758173
  33.600	   0.732	       584.895	        63.956	    11.655	   556.339	  -102.888	   102.418	     0.029	    -4.668	516.648107	512.662729	583.370810	2319.139125
  33.800	   0.732	       582.310	        64.945	    11.228	   554.176	  -103.979	   102.369	     0.028	    -4.769	516.154317	512.358689	582.325479	2320.634819
  34.000	   0.732	       580.161	        66.697	    11.067	   552.007	  -103.454	   102.354	     0.028	    -4.799	513.760386	510.049041	579.936709	2322.014828
  34.200	   0.732	       577.469	        67.907	    10.924	   549.840	  -102.830	   102.341	     0.027	    -4.826	511.120933	507.412057	577.721947	2323.384288
  34.400	   0.732	       574.174	        68.514	    10.798	   547.675	  -102.109	   102.330	     0.027	    -4.848	506.937571	503.240909	573.568523	2323.246460
  34.600	   0.732	       570.334	        68.600	    10.707	   545.514	  -101.183	   102.324	     0.027	    -4.861	503.096498	499.401252	569.653061	2323.583103
  34.800	   0.732	       564.572	        66.579	    10.500	   543.368	  -100.945	   102.302	     0.027	    -4.905	498.269084	494.579597	564.454827	2322.028505
  35.000	   0.732	       559.483	        65.259	    10.325	   541.220	  -100.518	   102.285	     0.026	    -4.941	492.258511	488.646012	558.922823	2320.742103
  35.200	   0.732	       555.091	        64.336	     9.898	   539.062	  -101.514	   102.234	     0.025	    -5.045	487.448953	484.003401	554.268182	2319.492999
  35.400	   0.732	       549.380	        62.111	     9.437	   536.866	  -102.652	   102.178	     0.024	    -5.159	481.976066	478.808291	549.179647	2318.258485
  35.600	   0.732	       546.509	        62.670	     8.870	   534.624	  -104.324	   102.108	     0.023	    -5.302	477.131848	474.288335	544.982034	2318.252831
  35.800	   0.732	       542.366	        61.862	     8.144	   532.322	  -106.806	   102.017	     0.021	    -5.489	473.173595	470.688141	541.470520	2317.468739
  36.000	   0.732	       539.396	        62.451	     7.506	   529.943	  -108.957	   101.936	     0.019	    -5.666	469.915816	467.754915	538.230757	2317.734834
  36.200	   0.732	       536.664	        63.485	     6.960	   527.501	  -110.606	   101.866	     0.018	    -5.824	467.644256	465.731741	536.193298	2318.902200
  36.400	   0.732	       533.769	        64.566	     6.545	   525.021	  -111.392	   101.814	     0.017	    -5.943	465.445480	463.709253	533.327228	2319.867683
  36.600	   0.732	       532.894	        67.942	     6.349	   522.525	  -110.806	   101.792	     0.017	    -5.994	463.440680	461.775866	531.811454	2322.932712
  36.800	   0.732	       530.896	        70.410	     6.369	   520.044	  -108.936	   101.799	     0.017	    -5.979	463.041057	461.319475	531.324493	2325.502810
  37.000	   0.732	       529.132	        73.249	     6.589	   517.607	  -105.928	   101.833	     0.017	    -5.900	461.246765	459.386508	529.426082	2327.586473
  37.200	   0.732	       526.739	        75.527	     6.984	   515.236	  -101.979	   101.892	     0.019	    -5.765	460.208242	458.068427	527.494624	2329.872529
  37.400	   0.732	       521.884	        75.262	     7.460	   512.952	   -97.676	   101.963	     0.020	    -5.604	456.696883	454.192802	523.406639	2330.023701
  37.600	   0.732	       517.230	        75.049	     8.004	   510.779	   -93.387	   102.043	     0.022	    -5.435	451.485735	448.534937	518.060412	2329.770796
  37.800	   0.732	       514.118	        76.631	     8.973	   508.723	   -87.184	   102.182	     0.024	    -5.150	449.813441	446.001010	515.545277	2330.465193
  38.000	   0.732	       510.123	        77.097	     9.987	   506.814	   -80.943	   102.329	     0.027	    -4.849	447.684223	442.819501	511.824477	2331.320517
  38.200	   0.732	       507.828	        79.092	    11.064	   505.044	   -74.687	   102.490	     0.030	    -4.536	446.178977	440.074076	509.307134	2333.730095
  38.400	   0.732	       505.762	        81.190	    12.018	   503.377	   -70.069	   102.660	     0.033	    -4.312	445.819396	438.417820	507.992720	2336.118592
  38.600	   0.732	       501.976	        81.418	    13.029	   501.827	   -65.355	   102.842	     0.036	    -4.074	443.342724	434.419115	503.194833	2335.186069
  38.800	   0.732	       497.258	        80.684	    14.185	   500.391	   -60.205	   103.050	     0.039	    -3.801	441.986903	431.061530	500.010164	2335.424058
  39.000	   0.732	       492.007	        79.579	    15.417	   499.072	   -55.324	   103.309	     0.043	    -3.538	437.806472	424.632783	493.579633	2333.958062
  39.200	   0.732	       487.078	        78.897	    16.770	   497.859	   -50.342	   103.611	     0.047	    -3.262	435.097583	419.273688	488.263405	2333.488431
  39.400	   0.732	       485.012	        80.614	    17.972	   496.759	   -45.965	   103.883	     0.051	    -3.014	436.781135	418.089843	486.993327	2335.277491
  39.600	   0.732	       481.814	        80.770	    19.233	   495.748	   -41.555	   104.125	     0.055	    -2.754	437.489308	415.723857	484.590242	2336.027839
  39.800	   0.732	       481.343	        83.542	    20.642	   494.850	   -36.788	   104.383	     0.059	    -2.464	440.453106	414.990451	483.790912	2338.067979
  40.000	   0.732	       479.595	        84.822	    22.103	   494.061	   -31.902	   104.644	     0.063	    -2.158	443.931522	413.930873	482.398778	2339.685678
  40.200	   0.732	       474.745	        82.129	    23.268	   493.383	   -27.795	   104.810	     0.067	    -1.894	441.836133	408.001469	476.543856	2337.837581
  40.400	   0.732	       471.844	        81.165	    24.377	   492.800	   -23.937	   104.970	     0.070	    -1.641	442.518472	404.579257	473.821376	2336.885874
  40.600	   0.732	       467.104	        78.272	    25.588	   492.309	   -19.750	   105.141	     0.074	    -1.363	443.081295	400.291363	468.648436	2334.114021
  40.800	   0.732	       462.817	        75.488	    26.812	   491.923	   -15.110	   105.291	     0.077	    -1.048	443.376536	395.715597	465.438827	2331.885165
  41.000	   0.732	       462.901	        76.704	    27.738	   491.629	   -11.621	   105.406	     0.080	    -0.809	447.288841	394.828786	464.624535	2333.538124
  41.200	   0.732	       462.113	        76.805	    28.495	   491.408	    -8.783	   105.499	     0.083	    -0.614	450.229514	393.609888	463.018750	2333.106438
  41.400	   0.732	       462.136	        77.448	    29.251	   491.258	    -5.904	   105.572	     0.085	    -0.413	454.930324	393.693111	463.114913	2334.083650
  41.600	   0.732	       461.869	        77.492	    29.942	   491.179	    -3.213	   105.616	     0.087	    -0.225	459.690064	394.010404	462.853016	2334.627495
  41.800	   0.732	       459.544	        75.391	    30.715	   491.167	    -0.223	   105.665	     0.089	    -0.016	462.088238	391.701426	461.022032	2332.676672
  42.000	   0.732	       459.638	        75.555	    31.308	   491.220	     2.051	   105.702	     0.091	     0.144	465.775793	390.632434	460.306517	2332.840113
  42.200	   0.732	       457.384	        73.255	    31.690	   491.310	     3.502	   105.726	     0.092	     0.246	466.970010	388.318532	458.403123	2330.707281
  42.400	   0.732	       455.794	        71.549	    32.031	   491.438	     4.789	   105.747	     0.093	     0.336	468.624566	386.270512	456.610548	2329.006920
  42.600	   0.732	       456.465	        72.050	    32.326	   491.594	     5.893	   105.765	     0.094	     0.413	474.854899	388.018039	456.739496	2329.565254
  42.800	   0.732	       455.475	        70.669	    32.740	   491.783	     7.526	   105.763	     0.095	     0.527	477.946783	386.486842	456.223523	2328.519936
  43.000	   0.732	       456.561	        71.435	    32.751	   491.987	     7.527	   105.763	     0.095	     0.527	482.175315	387.616003	457.376745	2329.514574
  43.200	   0.732	       457.746	        72.297	    32.765	   492.194	     7.535	   105.763	     0.095	     0.527	485.387408	387.685792	457.340029	2330.189427
  43.400	   0.732	       456.362	        70.571	    32.850	   492.399	     7.838	   105.763	     0.095	     0.547	486.740630	386.016928	456.575875	2329.357314
  43.600	   0.732	       456.423	        70.355	    32.746	   492.598	     7.368	   105.764	     0.095	     0.514	489.575303	385.833597	455.911884	2328.593681
  43.800	   0.732	       454.630	        68.361	    32.462	   492.781	     6.165	   105.768	     0.094	     0.429	489.384259	384.221146	454.599578	2326.438075
  44.000	   0.732	       453.394	        66.814	    32.190	   492.939	     5.070	   105.751	     0.093	     0.353	490.316594	383.265324	452.996542	2324.762537
  44.200	   0.732	       452.748	        65.866	    31.829	   493.072	     3.641	   105.727	     0.092	     0.253	490.989934	382.804721	452.496295	2324.461880
  44.400	   0.732	       452.775	        65.653	    31.468	   493.165	     2.217	   105.704	     0.091	     0.154	490.467591	381.738142	452.269371	2324.078073
  44.600	   0.732	       455.531	        68.216	    31.085	   493.224	     0.711	   105.680	     0.090	     0.049	493.741415	383.722411	454.074721	2326.237265
  44.800	   0.732	       457.185	        69.717	    30.704	   493.258	    -0.780	   105.656	     0.089	    -0.054	495.344983	385.086813	455.717105	2327.534317
  45.000	   0.732	       457.491	        69.931	    30.268	   493.243	    -2.472	   105.628	     0.087	    -0.171	496.711384	386.717887	457.281455	2328.072201
  45.200	   0.732	       457.658	        70.041	    29.671	   493.179	    -4.783	   105.591	     0.086	    -0.331	496.081526	386.747175	456.723650	2327.658372
  45.400	   0.732	       455.555	        68.020	    29.362	   493.074	    -5.956	   105.572	     0.085	    -0.412	494.322716	384.648480	455.535932	2325.613811
  45.600	   0.732	       454.109	        66.627	    28.919	   492.942	    -7.630	   105.540	     0.084	    -0.528	493.221433	383.404570	453.392877	2324.573221
  45.800	   0.732	       453.730	        66.174	    28.397	   492.761	    -9.504	   105.478	     0.082	    -0.658	491.363249	382.182224	452.755032	2323.939601
  46.000	   0.732	       454.598	        67.093	    27.951	   492.534	   -11.085	   105.425	     0.081	    -0.768	491.651024	383.087829	454.079613	2324.881051
  46.200	   0.732	       456.686	        69.253	    27.465	   492.276	   -12.807	   105.368	     0.079	    -0.888	492.579705	384.490268	455.205777	2326.387562
  46.400	   0.732	       457.324	        70.066	    27.041	   491.981	   -14.283	   105.319	     0.078	    -0.991	493.823371	386.088181	456.872886	2327.786442
  46.600	   0.732	       458.425	        71.402	    26.598	   491.639	   -15.815	   105.267	     0.077	    -1.098	495.047931	387.860048	458.287103	2329.078681
  46.800	   0.732	       457.763	        71.022	    26.166	   491.272	   -17.298	   105.217	     0.076	    -1.203	493.313530	386.344154	456.335440	2328.178873
  47.000	   0.732	       455.702	        69.278	    25.703	   490.869	   -18.879	   105.164	     0.074	    -1.315	490.630175	384.445553	454.708048	2326.706963
  47.200	   0.732	       454.409	        68.370	    25.270	   490.427	   -20.289	   105.112	     0.073	    -1.415	488.199594	382.851582	452.981292	2325.635707
  47.400	   0.732	       453.113	        67.558	    24.943	   489.951	   -21.218	   105.069	     0.072	    -1.483	486.973833	381.327023	451.982502	2324.777893
  47.600	   0.732	       454.089	        69.015	    24.574	   489.455	   -22.269	   105.021	     0.071	    -1.560	489.593652	383.934950	454.181018	2326.131158
  47.800	   0.732	       455.652	        71.043	    24.138	   488.931	   -23.531	   104.963	     0.070	    -1.652	489.106335	383.834044	454.512684	2327.809131
  48.000	   0.732	       456.243	        72.146	    23.703	   488.377	   -24.776	   104.905	     0.069	    -1.743	490.313458	385.617764	456.046120	2328.860370
  48.200	   0.732	       456.980	        73.549	    23.399	   487.799	   -25.584	   104.866	     0.068	    -1.805	492.135389	387.047180	456.392832	2330.198219
  48.400	   0.732	       454.438	        71.660	    23.053	   487.205	   -26.517	   104.821	     0.067	    -1.876	488.872832	384.155023	453.645147	2328.817413
  48.600	   0.732	       453.204	        71.269	    22.869	   486.582	   -26.914	   104.799	     0.066	    -1.911	487.126097	382.170111	452.837115	2328.000025
  48.800	   0.732	       452.314	        71.091	    22.500	   485.937	   -27.899	   104.751	     0.065	    -1.987	485.533518	380.454604	451.304757	2327.305983
  49.000	   0.732	       449.490	        68.992	    22.141	   485.289	   -28.848	   104.705	     0.064	    -2.061	483.825052	378.326437	449.229887	2326.000954
  49.200	   0.732	       450.508	        70.812	    21.818	   484.612	   -29.665	   104.663	     0.064	    -2.127	484.466667	378.863882	449.819529	2327.737187
  49.400	   0.732	       450.641	        71.827	    21.562	   483.922	   -30.259	   104.631	     0.063	    -2.177	486.145817	379.630552	449.230998	2327.792946
  49.600	   0.732	       450.184	        72.164	    21.229	   483.210	   -31.051	   104.581	     0.062	    -2.242	487.421693	380.718869	450.194484	2328.861729
  49.800	   0.732	       451.212	        74.099	    21.005	   482.483	   -31.484	   104.545	     0.061	    -2.282	486.774057	380.129981	450.173050	2330.964901
  50.000	   0.732	       449.074	        72.911	    20.793	   481.737	   -31.870	   104.512	     0.061	    -2.319	485.363812	378.111738	448.819139	2329.498766
  50.200	   0.732	       448.345	        73.050	    20.504	   480.985	   -32.480	   104.465	     0.060	    -2.373	484.914653	377.466077	447.933459	2329.056647
  50.400	   0.732	       446.861	        72.604	    20.329	   480.211	   -32.741	   104.439	     0.060	    -2.402	482.836150	374.668941	446.050698	2328.858051
  50.600	   0.732	       443.624	        70.278	    20.037	   479.427	   -33.343	   104.390	     0.059	    -2.456	481.961964	373.550808	443.774156	2326.572257
  50.800	   0.732	       444.335	        71.927	    19.758	   478.636	   -33.900	   104.345	     0.058	    -2.507	483.888247	375.103157	443.763501	2327.922092
  51.000	   0.732	       443.484	        72.185	    19.615	   477.838	   -34.054	   104.324	     0.058	    -2.530	483.157429	373.673908	443.303916	2328.572526
  51.200	   0.732	       442.957	        72.827	    19.503	   477.024	   -34.110	   104.310	     0.058	    -2.547	482.877818	373.077994	443.327688	2329.145920
  51.400	   0.732	       445.211	        76.160	    19.320	   476.214	   -34.372	   104.282	     0.057	    -2.578	484.417373	373.825191	443.908212	2331.693174
  51.600	   0.732	       442.447	        74.493	    19.132	   475.387	   -34.641	   104.253	     0.057	    -2.610	483.486218	372.229376	442.584241	2330.812446
  51.800	   0.732	       440.752	        73.920	    18.956	   474.552	   -34.871	   104.226	     0.056	    -2.640	481.978796	370.051986	440.474561	2329.834536
  52.000	   0.732	       438.728	        72.870	    18.656	   473.716	   -35.454	   104.176	     0.055	    -2.696	481.031048	368.102974	438.057873	2328.597428
  52.200	   0.732	       434.291	        69.491	    18.408	   472.865	   -35.882	   104.136	     0.055	    -2.741	479.849399	365.444361	434.462157	2326.149359
  52.400	   0.732	       434.574	        71.021	    18.312	   472.008	   -35.866	   104.125	     0.055	    -2.754	479.729070	364.455925	433.846497	2327.179393
  52.600	   0.732	       434.370	        71.923	    18.094	   471.147	   -36.199	   104.090	     0.054	    -2.793	480.597664	364.631499	433.958213	2327.654531
  52.800	   0.732	       434.718	        73.437	    17.894	   470.260	   -36.468	   104.059	     0.053	    -2.828	482.329210	364.947645	434.252949	2329.342018
  53.000	   0.732	       436.175	        76.145	    17.771	   469.377	   -36.516	   104.042	     0.053	    -2.847	482.874013	364.422130	435.686750	2331.782618
  53.200	   0.732	       433.680	        74.785	    17.544	   468.486	   -36.855	   104.005	     0.053	    -2.888	483.278187	363.155762	434.015533	2330.397426
  53.400	   0.732	       431.807	        73.919	    17.199	   467.588	   -37.521	   103.947	     0.052	    -2.954	483.357455	362.343932	431.456796	2329.838863
  53.600	   0.732	       429.087	        72.559	    17.145	   466.682	   -37.363	   103.943	     0.052	    -2.958	482.002761	359.390677	429.692606	2328.655632
  53.800	   0.732	       426.153	        70.895	    17.018	   465.764	   -37.409	   103.922	     0.051	    -2.978	480.155145	357.080176	426.503290	2326.077952
  54.000	   0.732	       426.391	        72.299	    16.822	   464.841	   -37.648	   103.884	     0.051	    -3.013	480.759205	356.451446	425.314295	2327.069366
  54.200	   0.732	       425.194	        72.396	    16.714	   463.918	   -37.635	   103.866	     0.051	    -3.029	480.506596	355.064293	425.842842	2328.708373
  54.400	   0.732	       425.599	        74.201	    16.680	   462.995	   -37.415	   103.866	     0.051	    -3.029	481.521040	354.265293	425.909105	2329.327014
  54.600	   0.732	       426.271	        75.746	    16.288	   462.069	   -38.200	   103.782	     0.049	    -3.106	483.220036	355.163975	426.456482	2330.860370
  54.800	   0.732	       423.596	        74.142	    16.018	   461.130	   -38.634	   103.726	     0.049	    -3.157	482.633606	353.903666	424.021339	2330.501913
  55.000	   0.732	       421.429	        73.407	    15.996	   460.195	   -38.370	   103.728	     0.049	    -3.155	481.080128	351.082555	420.221168	2329.149525
  55.200	   0.732	       419.045	        72.098	    15.720	   459.245	   -38.812	   103.670	     0.048	    -3.208	481.386187	350.339284	418.032901	2327.356174
  55.400	   0.732	       416.309	        70.592	    15.539	   458.286	   -38.981	   103.635	     0.047	    -3.240	478.513730	346.885938	415.786972	2326.477596
  55.600	   0.732	       415.307	        71.073	    15.522	   457.317	   -38.690	   103.639	     0.047	    -3.236	476.164505	343.047003	415.021215	2326.624844
  55.800	   0.732	       415.404	        72.237	    15.208	   456.331	   -39.217	   103.572	     0.047	    -3.297	480.016972	345.107332	415.692298	2327.041708
  56.000	   0.732	       414.861	        72.561	    14.754	   455.342	   -40.120	   103.472	     0.045	    -3.389	480.316449	344.556822	414.545101	2328.843038
  56.200	   0.732	       414.595	        73.647	    14.624	   454.345	   -40.125	   103.449	     0.045	    -3.410	481.218771	343.497990	414.749996	2330.009596
  56.400	   0.732	       414.440	        74.638	    14.339	   453.334	   -40.548	   103.389	     0.044	    -3.465	485.384131	345.474384	413.165032	2329.040680
  56.600	   0.732	       411.296	        72.417	    13.892	   452.309	   -41.405	   103.289	     0.043	    -3.556	484.255787	343.222461	409.905213	2327.930275
  56.800	   0.732	       408.127	        70.725	    13.800	   451.263	   -41.279	   103.275	     0.043	    -3.569	481.520653	337.909040	408.457780	2327.262218
  57.000	   0.732	       406.506	        70.484	    13.625	   450.199	   -41.374	   103.241	     0.042	    -3.600	481.260801	334.263240	406.152208	2324.191907
  57.200	   0.732	       404.257	        68.990	    13.003	   449.125	   -42.692	   103.103	     0.040	    -3.731	482.254391	332.823676	404.214523	2323.887231
  57.400	   0.732	       403.561	        69.549	    12.643	   448.023	   -43.389	   103.038	     0.039	    -3.815	482.153510	331.087636	403.465547	2326.596326
  57.600	   0.732	       403.881	        71.285	    12.395	   446.900	   -43.727	   102.996	     0.039	    -3.871	484.135020	331.444041	402.934409	2326.668561
  57.800	   0.732	       404.806	        73.052	    11.628	   445.750	   -45.635	   102.852	     0.036	    -4.060	489.488050	335.682494	403.866585	2327.840155
  58.000	   0.732	       403.970	        73.794	    11.471	   444.588	   -45.664	   102.828	     0.036	    -4.092	487.208439	333.850922	403.267161	2329.842242
  58.200	   0.732	       401.188	        73.015	    11.660	   443.412	   -44.638	   102.871	     0.037	    -4.036	484.974848	329.035482	401.324869	2327.730291
  58.400	   0.732	       399.496	        72.471	    11.119	   442.229	   -45.817	   102.770	     0.035	    -4.168	487.831509	329.990118	398.407953	2326.069278
  58.600	   0.732	       395.440	        69.822	    10.781	   441.031	   -46.371	   102.710	     0.034	    -4.247	482.884443	323.765516	395.477553	2326.658927
  58.800	   0.732	       392.888	        68.962	    10.687	   439.833	   -46.185	   102.697	     0.034	    -4.264	478.864655	319.283033	393.684216	2324.904416
  59.000	   0.732	       393.801	        70.946	    10.043	   438.613	   -47.629	   102.575	     0.032	    -4.424	483.041689	322.651430	392.211648	2324.884643
  59.200	   0.732	       392.854	        71.323	     9.606	   437.385	   -48.441	   102.494	     0.030	    -4.530	480.853359	322.941485	392.420434	2327.750846
  59.400	   0.732	       392.848	        73.529	     9.910	   436.144	   -47.054	   102.560	     0.031	    -4.443	479.761657	322.557691	392.566632	2329.460726
  59.600	   0.732	       394.183	        76.571	     9.770	   434.886	   -46.976	   102.538	     0.031	    -4.473	481.541391	324.656052	392.495207	2328.753685
  59.800	   0.732	       390.036	        73.787	     9.335	   433.636	   -47.804	   102.459	     0.030	    -4.584	478.332706	321.593572	389.502800	2329.544092
  60.000	   0.732	       385.835	        71.627	     9.496	   432.376	   -46.796	   102.494	     0.030	    -4.530	471.610275	314.345614	385.443777	2328.980974
