    时间	    开度值	      蜗壳压力	      尾水管压力	    流量	      转速	      出力	  单位转速	  单位流量	  单位力矩	球阀前压力	球阀后压力	蜗壳进口压力	尾水管出口压力
   0.000	   0.732	       513.722	        52.228	    74.634	   428.600	   306.160	    84.775	     0.199	    20.815	452.023297	451.516968	513.721800	2324.567598
   0.200	   0.732	       524.387	        51.978	    74.450	   436.926	   307.183	    86.052	     0.198	    20.312	453.930881	453.930881	523.808035	2324.498938
   0.400	   0.728	       527.977	        50.582	    74.091	   445.138	   308.022	    87.177	     0.196	    19.768	457.560117	457.560117	527.356092	2323.438071
   0.600	   0.724	       531.270	        49.769	    73.662	   453.208	   307.860	    88.344	     0.194	    19.225	460.811326	460.811326	530.607966	2321.982309
   0.800	   0.720	       534.019	        48.306	    73.266	   461.138	   307.858	    89.468	     0.192	    18.717	463.575330	463.575330	533.381637	2320.573216
   1.000	   0.716	       538.060	        48.599	    72.913	   468.931	   308.359	    90.602	     0.190	    18.284	467.063550	467.063550	536.920845	2320.455092
   1.200	   0.712	       541.544	        49.487	    72.454	   476.598	   307.529	    91.811	     0.188	    17.835	470.973241	470.973241	540.890494	2321.215282
   1.400	   0.708	       546.368	        51.001	    72.063	   484.140	   307.438	    92.923	     0.187	    17.424	475.717510	475.717510	545.413411	2322.560983
   1.600	   0.704	       549.878	        52.253	    71.552	   491.542	   305.743	    94.100	     0.185	    16.979	479.226471	479.226471	549.130330	2323.148714
   1.800	   0.700	       553.242	        51.931	    71.154	   498.806	   304.862	    95.109	     0.183	    16.550	483.459329	483.459329	553.262549	2323.702932
   2.000	   0.696	       556.255	        51.301	    70.593	   505.916	   301.879	    96.080	     0.181	    16.029	485.197340	485.197340	555.173246	2322.294789
   2.200	   0.692	       558.912	        49.281	    69.984	   512.850	   297.961	    96.907	     0.178	    15.451	488.031600	488.031600	557.959892	2319.997089
   2.400	   0.688	       563.347	        47.986	    69.321	   519.600	   293.180	    97.590	     0.176	    14.825	491.833085	491.833085	562.048531	2318.596021
   2.600	   0.684	       565.830	        44.612	    68.509	   526.152	   286.288	    98.212	     0.173	    14.121	492.942640	492.942640	564.408191	2316.713039
   2.800	   0.680	       572.808	        44.969	    67.277	   532.386	   274.184	    98.681	     0.168	    13.179	500.163717	500.163717	570.855172	2315.078676
   3.000	   0.677	       578.316	        43.790	    65.754	   538.251	   258.602	    99.063	     0.163	    12.122	504.840705	504.840705	575.934741	2313.595527
   3.200	   0.673	       583.731	        42.297	    64.198	   543.706	   242.725	    99.350	     0.158	    11.102	510.414522	510.414522	581.322423	2311.178493
   3.400	   0.669	       588.955	        41.467	    62.555	   548.769	   225.997	    99.643	     0.153	    10.113	513.682814	513.682814	583.222882	2310.272164
   3.600	   0.665	       595.683	        43.051	    61.136	   553.454	   212.230	    99.963	     0.149	     9.317	521.437680	521.437680	592.669302	2310.144599
   3.800	   0.661	       600.582	        44.417	    59.581	   557.793	   197.660	   100.364	     0.145	     8.545	527.701595	527.701595	598.369817	2311.683221
   4.000	   0.657	       606.981	        47.613	    58.097	   561.805	   183.985	   100.739	     0.141	     7.843	533.741079	533.741079	604.434296	2314.205733
   4.200	   0.653	       612.482	        50.365	    56.641	   565.505	   171.019	   101.100	     0.137	     7.199	539.376694	539.376694	610.138779	2316.200747
   4.400	   0.649	       616.219	        50.984	    55.322	   568.931	   159.856	   101.384	     0.133	     6.646	543.947274	543.947274	614.061237	2316.463156
   4.600	   0.645	       619.050	        50.884	    54.048	   572.123	   149.230	   101.644	     0.130	     6.132	546.173151	546.173151	616.919320	2315.682291
   4.800	   0.641	       621.124	        49.682	    52.843	   575.089	   139.639	   101.836	     0.126	     5.671	548.619127	548.619127	619.024801	2314.135015
   5.000	   0.637	       622.630	        48.529	    51.530	   577.835	   128.995	   102.042	     0.123	     5.185	550.041243	550.041243	620.053378	2312.496855
   5.200	   0.633	       623.419	        46.769	    50.134	   580.354	   118.163	   102.216	     0.119	     4.704	550.872134	550.872134	622.003027	2311.829218
   5.400	   0.629	       625.460	        47.143	    48.445	   582.619	   105.116	   102.417	     0.115	     4.153	551.434471	551.434471	622.732847	2310.794246
   5.600	   0.626	       625.612	        45.938	    46.491	   584.597	    90.932	   102.590	     0.110	     3.568	551.156093	551.156093	622.473728	2308.968454
   5.800	   0.622	       625.991	        45.241	    44.552	   586.286	    77.120	   102.740	     0.105	     3.009	550.828239	550.828239	622.600979	2307.709732
   6.000	   0.618	       625.216	        43.396	    42.433	   587.695	    62.872	   102.839	     0.100	     2.440	550.999114	550.999114	622.522351	2305.608255
   6.200	   0.614	       626.558	        43.735	    40.535	   588.835	    50.321	   102.904	     0.096	     1.944	551.972899	551.972899	623.765765	2304.909007
   6.400	   0.610	       629.022	        45.028	    38.442	   589.711	    37.341	   102.906	     0.091	     1.436	554.349733	554.349733	625.829866	2306.257963
   6.600	   0.606	       630.923	        45.936	    36.366	   590.330	    24.703	   102.882	     0.086	     0.947	556.477934	556.477934	627.804544	2306.585717
   6.800	   0.602	       634.696	        48.422	    34.227	   590.714	    12.335	   102.793	     0.080	     0.471	560.066617	560.066617	631.392696	2308.296847
   7.000	   0.598	       638.016	        50.342	    32.400	   590.888	     2.365	   102.665	     0.076	     0.090	562.113544	562.113544	633.632680	2308.884694
   7.200	   0.594	       638.621	        49.748	    30.626	   590.865	    -6.998	   102.525	     0.072	    -0.266	564.765406	564.765406	635.933110	2308.538691
   7.400	   0.590	       641.369	        50.875	    28.959	   590.672	   -15.165	   102.323	     0.068	    -0.574	567.687496	567.687496	638.656890	2309.530924
   7.600	   0.586	       643.111	        51.063	    27.157	   590.312	   -24.084	   102.098	     0.063	    -0.909	567.932210	567.932210	639.290155	2309.039338
   7.800	   0.582	       642.656	        49.284	    25.330	   589.775	   -33.208	   101.864	     0.059	    -1.251	569.382599	569.382599	640.121315	2308.152170
   8.000	   0.578	       644.815	        49.700	    23.390	   589.046	   -43.668	   101.563	     0.054	    -1.642	570.224911	570.224911	641.462837	2307.486280
   8.200	   0.575	       643.166	        46.401	    21.258	   588.083	   -56.220	   101.230	     0.049	    -2.110	568.277908	568.277908	639.645755	2303.969923
   8.400	   0.571	       643.671	        45.080	    19.052	   586.857	   -68.622	   100.841	     0.044	    -2.572	568.746651	568.746651	640.026591	2302.137215
   8.600	   0.567	       643.775	        42.945	    16.616	   585.387	   -81.329	   100.377	     0.038	    -3.043	568.550488	568.550488	640.794619	2300.295123
   8.800	   0.563	       643.811	        40.872	    14.151	   583.666	   -93.137	    99.886	     0.033	    -3.481	568.736008	568.736008	640.899906	2298.413215
   9.000	   0.559	       646.915	        41.651	    11.322	   581.685	  -106.666	    99.337	     0.026	    -3.983	570.938088	570.938088	642.646210	2298.749862
   9.200	   0.555	       647.447	        40.413	     8.505	   579.415	  -120.957	    98.791	     0.020	    -4.520	569.406864	569.406864	641.667953	2297.377094
   9.400	   0.551	       649.238	        40.559	     5.625	   576.805	  -138.542	    98.202	     0.013	    -5.186	574.474232	574.474232	646.549346	2297.347105
   9.600	   0.547	       651.016	        41.732	     3.018	   573.838	  -153.768	    97.643	     0.007	    -5.779	574.500983	574.500983	646.838341	2297.573799
   9.800	   0.543	       650.782	        41.624	     0.529	   570.565	  -167.528	    97.094	     0.001	    -6.333	575.547230	575.547230	647.599650	2298.150654
  10.000	   0.539	       652.744	        44.769	    -1.785	   567.003	  -180.243	    96.582	    -0.004	    -6.870	576.871957	576.871957	648.676505	2300.965144
  10.200	   0.535	       651.199	        46.567	    -4.069	   563.111	  -193.100	    96.187	    -0.009	    -7.452	576.104244	576.104244	647.696414	2302.928159
  10.400	   0.531	       648.157	        49.079	    -6.037	   558.943	  -203.557	    95.922	    -0.014	    -7.989	573.880073	573.880073	644.662944	2304.889545
  10.600	   0.527	       643.430	        51.936	    -7.680	   554.539	  -213.723	    95.780	    -0.018	    -8.564	569.487532	569.487532	640.449331	2307.250370
  10.800	   0.524	       634.569	        52.235	    -9.006	   549.881	  -222.571	    95.726	    -0.021	    -9.136	561.305564	561.305564	632.269981	2307.464659
  11.000	   0.520	       626.585	        55.163	   -10.094	   545.009	  -229.836	    95.785	    -0.024	    -9.702	554.459333	554.459333	625.251627	2310.477611
  11.200	   0.516	       615.966	        56.198	   -11.041	   539.954	  -235.736	    95.885	    -0.026	   -10.255	544.846751	544.846751	614.944414	2311.837444
  11.400	   0.512	       605.446	        57.520	   -11.653	   534.774	  -237.553	    95.991	    -0.028	   -10.660	535.010228	535.010228	605.434057	2313.456772
  11.600	   0.508	       596.493	        60.682	   -12.171	   529.506	  -238.187	    96.118	    -0.030	   -11.040	525.194841	525.194841	595.242628	2315.272631
  11.800	   0.504	       585.661	        60.620	   -12.333	   524.229	  -234.313	    96.133	    -0.031	   -11.195	514.787225	514.787225	584.915798	2315.843747
  12.000	   0.500	       578.781	        63.503	   -12.259	   518.993	  -227.678	    96.071	    -0.031	   -11.196	509.487735	509.487735	579.690188	2318.360663
  12.200	   0.496	       571.100	        64.663	   -11.912	   513.885	  -218.359	    95.950	    -0.030	   -11.034	502.263617	502.263617	572.397243	2320.091926
  12.400	   0.492	       566.827	        67.699	   -11.325	   508.987	  -206.613	    95.726	    -0.029	   -10.694	499.266347	499.266347	568.900458	2321.933991
  12.600	   0.488	       563.331	        70.668	   -10.524	   504.363	  -193.306	    95.471	    -0.027	   -10.229	495.327804	495.327804	564.278569	2325.438197
  12.800	   0.484	       559.952	        72.629	    -9.317	   500.024	  -176.630	    95.160	    -0.024	    -9.529	493.768365	493.768365	563.160537	2327.053288
  13.000	   0.480	       557.794	        76.056	    -7.861	   496.040	  -160.072	    94.940	    -0.020	    -8.805	490.878255	490.878255	559.892952	2329.460452
  13.200	   0.476	       554.559	        78.459	    -6.107	   492.445	  -142.061	    94.801	    -0.016	    -7.963	488.102564	488.102564	556.915480	2331.272640
  13.400	   0.472	       548.970	        79.106	    -4.182	   489.260	  -124.251	    94.804	    -0.011	    -7.102	482.264262	482.264262	551.261272	2332.895176
  13.600	   0.469	       543.627	        80.423	    -2.241	   486.456	  -108.664	    94.932	    -0.006	    -6.336	478.565616	478.565616	547.253929	2333.676826
  13.800	   0.465	       535.777	        79.916	    -0.375	   484.008	   -96.559	    95.211	    -0.001	    -5.750	470.510628	470.510628	539.201948	2332.235934
  14.000	   0.461	       527.071	        77.925	     1.410	   481.832	   -85.768	    95.489	     0.004	    -5.207	460.849116	460.849116	529.271220	2330.659523
  14.200	   0.457	       517.050	        73.676	     2.929	   479.875	   -76.814	    95.721	     0.008	    -4.744	450.778933	450.778933	519.539033	2327.177066
  14.400	   0.453	       508.011	        69.193	     4.117	   478.115	   -69.750	    95.866	     0.011	    -4.369	440.333117	440.333117	509.677350	2322.981548
  14.600	   0.449	       500.662	        64.987	     4.690	   476.468	   -66.023	    95.882	     0.013	    -4.179	431.632593	431.632593	500.881955	2318.736924
  14.800	   0.445	       491.855	        58.811	     5.041	   474.899	   -63.445	    95.857	     0.014	    -4.054	423.183150	423.183150	493.323859	2314.127520
  15.000	   0.441	       487.958	        56.971	     5.117	   473.367	   -62.100	    95.776	     0.014	    -4.000	418.482597	418.482597	488.262663	2311.715171
  15.200	   0.437	       484.488	        54.955	     4.919	   471.861	   -61.863	    95.632	     0.013	    -4.011	414.046022	414.046022	483.914679	2309.686991
  15.400	   0.433	       483.115	        54.987	     4.699	   470.352	   -61.697	    95.482	     0.013	    -4.026	412.036512	412.036512	482.880826	2310.212997
  15.600	   0.429	       483.377	        56.467	     4.312	   468.822	   -62.732	    95.306	     0.012	    -4.119	412.533571	412.533571	482.327138	2312.058507
  15.800	   0.425	       483.296	        58.534	     4.370	   467.284	   -61.941	    95.233	     0.012	    -4.101	413.146950	413.146950	483.699863	2313.875665
  16.000	   0.421	       484.815	        62.429	     4.587	   465.778	   -60.341	    95.194	     0.013	    -4.030	415.478704	415.478704	485.236135	2317.463275
  16.200	   0.418	       485.260	        65.795	     5.222	   464.324	   -57.180	    95.229	     0.014	    -3.858	417.148901	417.148901	486.337190	2320.590139
  16.400	   0.414	       485.433	        68.871	     5.931	   462.956	   -53.483	    95.281	     0.016	    -3.645	416.054485	416.054485	486.531281	2322.798509
  16.600	   0.410	       483.209	        69.320	     6.642	   461.672	   -49.174	    95.327	     0.019	    -3.382	413.918661	413.918661	483.079293	2323.890727
  16.800	   0.406	       478.282	        66.632	     7.325	   460.512	   -44.653	    95.349	     0.020	    -3.096	408.383567	408.383567	477.786144	2321.677541
  17.000	   0.402	       472.673	        63.096	     8.025	   459.453	   -40.369	    95.374	     0.022	    -2.820	402.827360	402.827360	472.874304	2318.589620
  17.200	   0.398	       467.650	        59.426	     8.217	   458.475	   -39.105	    95.330	     0.023	    -2.747	396.772459	396.772459	466.787481	2314.117075
  17.400	   0.394	       461.048	        53.218	     7.954	   457.498	   -39.546	    95.171	     0.022	    -2.786	389.358609	389.358609	460.013513	2309.107487
  17.600	   0.390	       458.131	        49.672	     7.171	   456.487	   -41.779	    94.883	     0.020	    -2.945	385.252755	385.252755	455.246954	2305.382542
  17.800	   0.386	       453.794	        44.097	     5.898	   455.382	   -46.556	    94.504	     0.017	    -3.279	379.630223	379.630223	450.606811	2300.035185
  18.000	   0.382	       451.307	        39.978	     4.262	   454.123	   -53.431	    94.050	     0.012	    -3.759	376.137926	376.137926	447.316653	2296.239737
  18.200	   0.378	       451.416	        38.426	     2.439	   452.669	   -61.272	    93.556	     0.007	    -4.306	379.027003	379.027003	449.306709	2295.398515
  18.400	   0.374	       453.003	        39.383	     0.967	   451.034	   -67.558	    93.145	     0.003	    -4.758	380.728921	380.728921	452.097273	2295.444256
  18.600	   0.370	       458.526	        45.270	    -0.326	   449.234	   -72.723	    92.814	    -0.001	    -5.147	387.031522	387.031522	457.343774	2300.455471
  18.800	   0.367	       464.545	        52.736	    -1.208	   447.317	   -75.736	    92.580	    -0.003	    -5.402	393.406422	393.406422	464.021989	2307.197961
  19.000	   0.363	       467.918	        58.231	    -1.773	   445.332	   -77.458	    92.409	    -0.005	    -5.578	398.694151	398.694151	468.866520	2313.373853
  19.200	   0.359	       472.208	        65.442	    -1.607	   443.343	   -75.751	    92.325	    -0.005	    -5.519	402.770708	402.770708	471.851347	2319.612438
  19.400	   0.355	       472.724	        69.219	    -0.785	   441.423	   -70.645	    92.295	    -0.002	    -5.211	407.382199	407.382199	476.412359	2322.414922
  19.600	   0.351	       471.706	        72.627	     0.819	   439.690	   -62.353	    92.442	     0.002	    -4.669	407.767947	407.767947	475.792958	2326.410432
  19.800	   0.347	       472.275	        78.870	     2.948	   438.188	   -50.630	    92.791	     0.008	    -3.859	406.905876	406.905876	476.344309	2331.464073
  20.000	   0.343	       468.453	        80.119	     5.126	   436.993	   -40.880	    93.147	     0.015	    -3.166	403.721801	403.721801	471.942398	2332.749268
  20.200	   0.339	       466.602	        82.733	     7.238	   436.034	   -31.828	    93.492	     0.021	    -2.499	401.149540	401.149540	468.522228	2335.398907
  20.400	   0.335	       460.011	        80.679	     9.662	   435.350	   -21.431	    93.918	     0.028	    -1.706	394.731498	394.731498	463.369048	2334.526569
  20.600	   0.331	       451.519	        76.557	    12.021	   434.917	   -12.983	    94.391	     0.035	    -1.047	388.000802	388.000802	455.932971	2330.483853
  20.800	   0.327	       448.110	        77.791	    14.508	   434.710	    -3.805	    94.963	     0.043	    -0.311	384.131984	384.131984	451.792978	2330.120016
  21.000	   0.323	       447.691	        75.578	    17.188	   434.795	     7.525	    94.786	     0.051	     0.613	383.549863	383.549863	451.526517	2330.110932
  21.200	   0.319	       451.169	        76.359	    19.430	   435.150	    17.825	    94.554	     0.057	     1.441	386.633459	386.633459	453.952842	2330.977540
  21.400	   0.316	       459.203	        78.735	    21.487	   435.792	    28.327	    94.018	     0.063	     2.253	392.167094	392.167094	460.201037	2333.165002
  21.600	   0.312	       465.855	        75.500	    23.388	   436.708	    39.592	    93.043	     0.067	     3.065	401.640332	401.640332	469.809554	2330.703834
  21.800	   0.308	       476.090	        72.854	    25.332	   437.949	    52.458	    91.832	     0.072	     3.923	410.599576	410.599576	478.817535	2328.277058
  22.000	   0.304	       488.939	        69.640	    27.218	   439.542	    66.607	    90.409	     0.076	     4.775	423.656475	423.656475	492.511861	2326.060030
  22.200	   0.300	       503.828	        66.014	    28.896	   441.512	    81.291	    88.893	     0.079	     5.559	437.373531	437.373531	506.519311	2322.676824
  22.400	   0.296	       519.491	        65.165	    30.161	   443.825	    93.165	    87.734	     0.080	     6.109	451.773759	451.773759	521.027009	2322.468608
  22.600	   0.292	       530.979	        62.807	    30.995	   446.407	   101.784	    86.936	     0.081	     6.441	462.463197	462.463197	531.516546	2320.698641
  22.800	   0.288	       541.823	        60.587	    31.672	   449.186	   109.462	    86.286	     0.082	     6.698	473.193952	473.193952	542.753224	2317.873408
  23.000	   0.284	       549.332	        57.654	    32.023	   452.122	   114.395	    85.923	     0.082	     6.806	480.152276	480.152276	549.955170	2315.910584
  23.200	   0.280	       554.779	        54.074	    32.191	   455.148	   117.655	    85.713	     0.082	     6.828	484.799183	484.799183	554.944924	2312.488762
  23.400	   0.276	       560.635	        52.638	    32.151	   458.207	   118.777	    85.663	     0.081	     6.748	489.519214	489.519214	559.521545	2310.351074
  23.600	   0.272	       562.749	        51.013	    31.778	   461.238	   116.838	    85.905	     0.080	     6.545	491.410216	491.410216	561.463861	2309.347737
  23.800	   0.268	       563.792	        49.889	    31.304	   464.174	   114.080	    86.260	     0.079	     6.322	492.627068	492.627068	562.580240	2308.291765
  24.000	   0.264	       564.924	        49.784	    30.639	   467.007	   109.795	    86.671	     0.077	     6.031	493.041110	493.041110	563.593092	2308.194794
  24.200	   0.261	       566.954	        50.295	    29.902	   469.705	   104.882	    87.031	     0.075	     5.710	496.042908	496.042908	566.083125	2307.667225
  24.400	   0.257	       567.900	        49.559	    29.192	   472.274	   100.067	    87.352	     0.073	     5.399	496.493033	496.493033	566.807901	2307.606285
  24.600	   0.253	       570.140	        50.153	    28.503	   474.704	    95.413	    87.651	     0.071	     5.104	499.152373	499.152373	569.297493	2308.237609
  24.800	   0.249	       574.380	        51.703	    27.929	   477.021	    91.887	    87.842	     0.069	     4.865	502.668811	502.668811	572.484714	2308.859209
  25.000	   0.245	       577.883	        52.373	    27.382	   479.243	    88.594	    88.004	     0.068	     4.643	506.535118	506.535118	577.047362	2310.066811
  25.200	   0.241	       581.958	        53.849	    26.826	   481.373	    85.183	    88.168	     0.066	     4.422	511.269361	511.269361	581.381794	2311.303825
  25.400	   0.237	       586.491	        54.471	    26.395	   483.427	    83.024	    88.211	     0.065	     4.259	515.535483	515.535483	586.152211	2311.985912
  25.600	   0.233	       589.519	        54.441	    25.883	   485.406	    80.006	    88.311	     0.064	     4.063	518.178355	518.178355	588.970656	2311.496335
  25.800	   0.229	       592.757	        53.093	    25.294	   487.301	    76.114	    88.268	     0.062	     3.817	522.613626	522.613626	592.892744	2310.751264
  26.000	   0.225	       596.284	        51.756	    24.632	   489.091	    71.784	    88.186	     0.060	     3.554	524.798239	524.798239	595.036955	2309.059413
  26.200	   0.221	       599.110	        50.197	    23.856	   490.759	    66.572	    88.122	     0.058	     3.258	526.738596	526.738596	597.403271	2307.482958
  26.400	   0.217	       601.420	        49.281	    22.920	   492.274	    60.023	    88.123	     0.055	     2.910	529.002395	529.002395	599.551513	2306.160757
  26.600	   0.213	       601.590	        47.681	    21.779	   493.616	    51.809	    88.209	     0.053	     2.496	528.919467	528.919467	599.956874	2305.291638
  26.800	   0.210	       604.720	        47.851	    20.523	   494.762	    43.441	    88.164	     0.049	     2.077	531.168472	531.168472	602.117755	2304.530320
  27.000	   0.206	       605.702	        46.442	    19.045	   495.709	    33.853	    88.129	     0.046	     1.608	532.114603	532.114603	603.136428	2303.609762
  27.200	   0.202	       605.914	        45.602	    17.518	   496.414	    23.993	    88.157	     0.042	     1.135	532.723837	532.723837	603.427811	2302.499464
  27.400	   0.198	       605.976	        46.053	    16.139	   496.886	    15.159	    88.260	     0.039	     0.717	532.989150	532.989150	603.998709	2302.928724
  27.600	   0.194	       607.004	        47.270	    14.845	   497.172	     7.184	    88.316	     0.036	     0.340	533.046647	533.046647	603.989035	2303.244109
  27.800	   0.190	       608.484	        49.046	    13.521	   497.261	    -0.849	    88.345	     0.032	    -0.040	535.589546	535.589546	606.252777	2305.384884
  28.000	   0.186	       610.455	        51.176	    12.217	   497.176	    -8.578	    88.334	     0.029	    -0.406	538.231707	538.231707	608.830161	2307.654395
  28.200	   0.182	       611.488	        52.096	    10.996	   496.918	   -15.596	    88.272	     0.026	    -0.738	538.643908	538.643908	609.395385	2308.236732
  28.400	   0.178	       611.998	        52.448	     9.813	   496.488	   -22.230	    88.177	     0.024	    -1.052	539.807407	539.807407	610.145122	2308.227045
  28.600	   0.174	       612.158	        51.741	     8.742	   495.921	   -27.940	    88.004	     0.021	    -1.321	539.870297	539.870297	611.007647	2307.311641
  28.800	   0.170	       611.561	        50.553	     7.706	   495.215	   -33.419	    87.828	     0.018	    -1.581	538.709887	538.709887	609.676665	2306.502521
  29.000	   0.166	       612.138	        50.729	     6.608	   494.368	   -39.295	    87.642	     0.016	    -1.861	539.550787	539.550787	610.644857	2306.664083
  29.200	   0.162	       612.263	        50.534	     5.397	   493.370	   -46.377	    87.437	     0.013	    -2.199	539.629316	539.629316	610.601581	2306.522222
  29.400	   0.159	       612.293	        50.729	     4.031	   492.194	   -54.449	    87.238	     0.010	    -2.588	539.598204	539.598204	610.478411	2306.410134
  29.600	   0.155	       611.106	        50.349	     2.613	   490.809	   -62.909	    87.053	     0.006	    -3.003	537.791953	537.791953	609.087828	2306.028813
  29.800	   0.151	       608.892	        49.685	     1.324	   489.221	   -70.722	    86.890	     0.003	    -3.397	535.403748	535.403748	606.653194	2305.234006
  30.000	   0.147	       607.052	        50.352	     0.225	   487.455	   -77.245	    86.771	     0.001	    -3.740	535.056900	535.056900	606.025774	2305.882948
  30.200	   0.143	       605.757	        52.304	    -0.755	   485.537	   -82.913	    86.683	    -0.002	    -4.054	532.876147	532.876147	603.822249	2307.558981
  30.400	   0.139	       604.214	        54.660	    -1.726	   483.477	   -88.469	    86.621	    -0.004	    -4.375	532.048883	532.048883	602.463886	2310.268453
  30.600	   0.135	       602.251	        57.661	    -2.574	   481.275	   -93.386	    86.620	    -0.006	    -4.682	531.143160	531.143160	601.777291	2313.114298
  30.800	   0.131	       599.168	        60.046	    -3.067	   478.978	   -95.977	    86.643	    -0.007	    -4.884	528.028679	528.028679	598.342882	2314.917980
  31.000	   0.127	       595.848	        62.140	    -3.274	   476.626	   -96.563	    86.654	    -0.008	    -4.988	524.951508	524.951508	594.903818	2316.437900
  31.200	   0.123	       592.318	        63.291	    -3.295	   474.264	   -95.559	    86.605	    -0.008	    -5.004	522.593786	522.593786	592.669231	2318.010106
  31.400	   0.119	       589.124	        64.082	    -3.215	   471.940	   -93.721	    86.507	    -0.008	    -4.970	519.501106	519.501106	589.559413	2319.378997
  31.600	   0.115	       587.473	        65.353	    -3.103	   469.652	   -91.296	    86.328	    -0.008	    -4.892	517.944389	517.944389	587.848641	2320.072861
  31.800	   0.111	       585.243	        65.184	    -3.051	   467.412	   -88.989	    86.086	    -0.008	    -4.810	515.659280	515.659280	585.227290	2319.714766
  32.000	   0.108	       582.882	        64.244	    -2.974	   465.221	   -86.390	    85.800	    -0.007	    -4.705	512.665504	512.665504	583.061884	2319.004307
  32.200	   0.104	       579.523	        62.335	    -3.024	   463.067	   -84.677	    85.523	    -0.008	    -4.646	509.604463	509.604463	579.668973	2317.516613
  32.400	   0.100	       578.463	        61.224	    -3.043	   460.960	   -82.421	    85.129	    -0.008	    -4.542	508.345607	508.345607	578.277074	2316.196497
  32.600	   0.096	       580.711	        60.516	    -3.214	   458.871	   -82.397	    84.503	    -0.008	    -4.536	510.343367	510.343367	580.748082	2315.853195
  32.800	   0.092	       582.054	        59.868	    -3.515	   456.765	   -83.548	    83.955	    -0.009	    -4.603	511.463212	511.463212	581.862864	2315.277918
  33.000	   0.088	       583.412	        60.563	    -3.925	   454.593	   -85.757	    83.503	    -0.010	    -4.741	512.014342	512.014342	582.518879	2315.911469
  33.200	   0.084	       583.597	        60.652	    -4.324	   452.356	   -87.952	    83.086	    -0.011	    -4.886	512.385968	512.385968	582.516114	2315.566552
  33.400	   0.080	       585.067	        60.797	    -4.556	   450.049	   -88.563	    82.558	    -0.011	    -4.932	514.387799	514.387799	584.617820	2315.979511
  33.600	   0.076	       586.517	        61.970	    -4.843	   447.710	   -89.785	    82.108	    -0.012	    -5.024	515.271671	515.271671	585.764255	2316.826832
  33.800	   0.072	       586.413	        61.984	    -5.116	   445.328	   -90.944	    81.681	    -0.013	    -5.117	516.258142	516.258142	586.197548	2317.253772
  34.000	   0.068	       585.697	        63.192	    -5.396	   442.897	   -92.583	    81.385	    -0.013	    -5.257	515.092106	515.092106	585.044333	2318.176353
  34.200	   0.064	       580.917	        63.304	    -5.601	   440.395	   -95.371	    81.308	    -0.014	    -5.498	511.160314	511.160314	581.232876	2318.294441
  34.400	   0.060	       578.132	        63.637	    -5.686	   437.813	   -97.069	    81.076	    -0.014	    -5.663	507.127444	507.127444	577.374742	2318.254485
  34.600	   0.056	       574.554	        63.910	    -5.837	   435.167	   -98.682	    80.889	    -0.015	    -5.836	503.813333	503.813333	574.353054	2318.946537
  34.800	   0.053	       569.654	        62.826	    -6.145	   432.473	  -100.347	    80.692	    -0.015	    -6.016	499.046798	499.046798	569.168355	2318.013903
  35.000	   0.049	       564.331	        62.271	    -6.486	   429.723	  -101.552	    80.560	    -0.016	    -6.186	493.311950	493.311950	563.816560	2317.730450
  35.200	   0.045	       555.886	        62.123	    -6.807	   426.924	  -102.399	    80.706	    -0.017	    -6.384	485.811451	485.811451	555.832450	2316.812988
  35.400	   0.041	       548.404	        62.247	    -6.786	   424.106	  -101.074	    80.798	    -0.017	    -6.443	478.881789	478.881789	548.723629	2317.410590
  35.600	   0.037	       542.928	        65.793	    -6.604	   421.318	   -98.763	    81.022	    -0.017	    -6.457	473.629120	473.629120	543.454920	2320.538625
  35.800	   0.033	       535.226	        69.382	    -6.247	   418.588	   -95.789	    81.465	    -0.016	    -6.456	466.627027	466.627027	536.530930	2324.080849
  36.000	   0.029	       532.514	        74.255	    -5.690	   415.956	   -90.617	    81.619	    -0.015	    -6.247	463.942288	463.942288	533.539060	2328.643031
  36.200	   0.025	       529.857	        76.600	    -5.075	   413.465	   -84.625	    81.575	    -0.014	    -5.934	461.003267	461.003267	530.809883	2331.126748
  36.400	   0.021	       527.710	        75.936	    -4.382	   411.143	   -77.874	    81.248	    -0.012	    -5.509	459.516021	459.516021	529.042100	2330.369608
  36.600	   0.017	       527.897	        74.614	    -3.633	   409.009	   -70.644	    80.690	    -0.010	    -5.007	459.812960	459.812960	529.193406	2328.777840
  36.800	   0.013	       528.042	        71.354	    -2.848	   407.079	   -63.111	    80.008	    -0.008	    -4.461	459.936076	459.936076	529.292143	2325.453655
  37.000	   0.009	       526.490	        69.967	    -2.056	   405.360	   -55.502	    79.683	    -0.005	    -3.941	458.424076	458.424076	527.728812	2324.247859
  37.200	   0.005	       526.471	        71.645	    -1.234	   403.859	   -47.592	    79.535	    -0.003	    -3.404	458.293115	458.293115	527.683750	2325.829145
  37.400	   0.002	       520.476	        74.243	    -0.366	   402.589	   -39.293	    80.044	    -0.001	    -2.874	453.199193	453.199193	522.373320	2328.175003
  37.600	   0.000	       527.783	        75.657	     0.000	   401.540	   -34.684	    79.359	     0.000	    -2.513	457.995532	457.995532	528.341309	2330.341421
  37.800	   0.000	       524.637	        74.132	     0.000	   400.526	   -34.422	    79.246	     0.000	    -2.506	454.368564	454.368564	524.112981	2328.767669
  38.000	   0.000	       524.504	        72.132	     0.000	   399.516	   -34.163	    78.916	     0.000	    -2.485	454.129857	454.129857	524.359643	2324.995096
  38.200	   0.000	       520.969	        70.132	     0.000	   398.512	   -33.906	    78.817	     0.000	    -2.479	452.176759	452.176759	522.066985	2320.524651
  38.400	   0.000	       520.942	        68.132	     0.000	   397.513	   -33.651	    78.482	     0.000	    -2.458	450.252970	450.252970	520.270081	2318.120247
  38.600	   0.000	       519.572	        66.132	     0.000	   396.519	   -33.399	    78.220	     0.000	    -2.441	449.915404	449.915404	519.928810	2318.790148
  38.800	   0.000	       516.857	        65.257	     0.000	   395.530	   -33.150	    78.179	     0.000	    -2.439	446.502921	446.502921	516.556333	2320.398923
  39.000	   0.000	       515.308	        67.257	     0.000	   394.545	   -32.903	    78.248	     0.000	    -2.443	445.393648	445.393648	515.674583	2323.419929
  39.200	   0.000	       514.153	        69.257	     0.000	   393.566	   -32.659	    78.367	     0.000	    -2.451	443.294233	443.294233	513.489840	2325.580684
  39.400	   0.000	       511.627	        71.257	     0.000	   392.591	   -32.417	    78.576	     0.000	    -2.464	441.981561	441.981561	511.782878	2327.037735
  39.600	   0.000	       515.816	        73.257	     0.000	   391.621	   -32.177	    78.208	     0.000	    -2.441	445.483161	445.483161	515.607177	2327.787753
  39.800	   0.000	       515.768	        71.264	     0.000	   390.656	   -31.940	    77.887	     0.000	    -2.421	446.339816	446.339816	516.295140	2325.884638
  40.000	   0.000	       522.188	        69.444	     0.000	   389.696	   -31.705	    76.922	     0.000	    -2.361	452.192225	452.192225	522.116144	2324.177772
  40.200	   0.000	       513.238	        68.093	     0.000	   388.741	   -31.472	    77.384	     0.000	    -2.390	444.259015	444.259015	513.808930	2322.845928
  40.400	   0.000	       521.166	        67.110	     0.000	   387.790	   -31.242	    76.404	     0.000	    -2.329	451.456435	451.456435	521.415307	2321.853891
  40.600	   0.000	       519.414	        68.852	     0.000	   386.843	   -31.014	    76.571	     0.000	    -2.340	449.052824	449.052824	519.311458	2323.938727
  40.800	   0.000	       518.522	        70.852	     0.000	   385.902	   -30.788	    76.545	     0.000	    -2.338	449.976285	449.976285	519.804597	2325.999970
  41.000	   0.000	       521.979	        72.852	     0.000	   384.965	   -30.564	    76.303	     0.000	    -2.323	451.618847	451.618847	521.553759	2327.809309
  41.200	   0.000	       524.619	        74.540	     0.000	   384.032	   -30.342	    76.063	     0.000	    -2.309	454.953769	454.953769	525.206930	2329.270682
  41.400	   0.000	       528.963	        73.059	     0.000	   383.104	   -30.123	    75.388	     0.000	    -2.268	458.798502	458.798502	528.812585	2327.809612
  41.600	   0.000	       533.174	        71.422	     0.000	   382.181	   -29.906	    74.727	     0.000	    -2.228	463.259233	463.259233	533.245808	2326.166737
  41.800	   0.000	       536.805	        69.891	     0.000	   381.262	   -29.690	    74.111	     0.000	    -2.192	466.949821	466.949821	536.923305	2324.641809
  42.000	   0.000	       539.222	        68.637	     0.000	   380.347	   -29.477	    73.671	     0.000	    -2.166	468.340361	468.340361	538.404299	2323.406035
  42.200	   0.000	       538.263	        70.309	     0.000	   379.437	   -29.266	    73.651	     0.000	    -2.165	469.050984	469.050984	538.943091	2325.164447
  42.400	   0.000	       541.376	        72.309	     0.000	   378.531	   -29.057	    73.426	     0.000	    -2.151	470.679823	470.679823	540.668375	2327.149311
  42.600	   0.000	       546.333	        74.309	     0.000	   377.629	   -28.850	    73.041	     0.000	    -2.129	476.681794	476.681794	546.690862	2329.063563
  42.800	   0.000	       548.999	        75.961	     0.000	   376.732	   -28.645	    72.733	     0.000	    -2.111	479.090858	479.090858	549.077174	2330.640967
  43.000	   0.000	       551.224	        74.569	     0.000	   375.839	   -28.441	    72.390	     0.000	    -2.091	481.037920	481.037920	551.120041	2329.320224
  43.200	   0.000	       555.043	        72.929	     0.000	   374.950	   -28.240	    71.692	     0.000	    -2.051	485.805788	485.805788	555.584439	2327.677416
  43.400	   0.000	       560.979	        71.318	     0.000	   374.065	   -28.041	    71.046	     0.000	    -2.014	490.248513	490.248513	560.607487	2326.068245
  43.600	   0.000	       555.835	        70.030	     0.000	   373.185	   -27.843	    71.108	     0.000	    -2.018	487.083204	487.083204	556.747839	2324.788023
  43.800	   0.000	       558.942	        71.657	     0.000	   372.308	   -27.647	    70.837	     0.000	    -2.002	488.933036	488.933036	558.995059	2326.422214
  44.000	   0.000	       558.040	        73.637	     0.000	   371.436	   -27.454	    70.871	     0.000	    -2.004	488.678335	488.678335	558.546406	2328.386387
  44.200	   0.000	       557.519	        75.548	     0.000	   370.568	   -27.261	    70.894	     0.000	    -2.005	487.308726	487.308726	557.294338	2330.297775
  44.400	   0.000	       560.591	        77.163	     0.000	   369.703	   -27.071	    70.607	     0.000	    -1.989	490.967538	490.967538	561.186216	2331.857222
  44.600	   0.000	       563.111	        75.837	     0.000	   368.843	   -26.883	    70.215	     0.000	    -1.967	492.649042	492.649042	562.462005	2330.587277
  44.800	   0.000	       564.318	        74.176	     0.000	   367.987	   -26.696	    69.814	     0.000	    -1.945	494.522859	494.522859	564.574620	2328.924885
  45.000	   0.000	       564.890	        72.570	     0.000	   367.135	   -26.511	    69.515	     0.000	    -1.928	494.992647	494.992647	564.728729	2327.320360
  45.200	   0.000	       560.446	        71.272	     0.000	   366.287	   -26.328	    69.545	     0.000	    -1.930	490.816073	490.816073	560.832969	2326.025041
  45.400	   0.000	       566.784	        72.825	     0.000	   365.442	   -26.146	    69.052	     0.000	    -1.903	496.499158	496.499158	566.563415	2327.575539
  45.600	   0.000	       557.694	        74.764	     0.000	   364.602	   -25.966	    69.706	     0.000	    -1.939	487.526418	487.526418	557.483353	2329.513303
  45.800	   0.000	       561.361	        76.627	     0.000	   363.765	   -25.788	    69.380	     0.000	    -1.921	492.011833	492.011833	562.102896	2331.378841
  46.000	   0.000	       559.180	        78.219	     0.000	   362.933	   -25.611	    69.509	     0.000	    -1.928	489.063910	489.063910	558.875454	2332.918257
  46.200	   0.000	       562.452	        76.933	     0.000	   362.104	   -25.436	    69.023	     0.000	    -1.901	492.011587	492.011587	562.357479	2331.685421
  46.400	   0.000	       562.902	        75.258	     0.000	   361.279	   -25.262	    68.761	     0.000	    -1.887	492.999931	492.999931	562.771662	2330.010194
  46.600	   0.000	       562.029	        73.654	     0.000	   360.457	   -25.090	    68.531	     0.000	    -1.874	491.926285	491.926285	561.873311	2328.406430
  46.800	   0.000	       562.032	        72.338	     0.000	   359.639	   -24.920	    68.237	     0.000	    -1.858	491.901676	491.901676	562.165007	2327.097336
  47.000	   0.000	       559.281	        73.815	     0.000	   358.825	   -24.751	    68.427	     0.000	    -1.868	489.196665	489.196665	559.158557	2328.571113
  47.200	   0.000	       556.382	        75.731	     0.000	   358.015	   -24.584	    68.551	     0.000	    -1.875	486.751753	486.751753	556.491072	2330.479045
  47.400	   0.000	       557.932	        77.558	     0.000	   357.209	   -24.418	    68.461	     0.000	    -1.870	487.604438	487.604438	557.790627	2332.307107
  47.600	   0.000	       556.639	        79.120	     0.000	   356.405	   -24.254	    68.524	     0.000	    -1.874	487.085672	487.085672	557.096384	2333.826308
  47.800	   0.000	       557.181	        77.880	     0.000	   355.606	   -24.091	    68.227	     0.000	    -1.857	487.036406	487.036406	556.859878	2332.622702
  48.000	   0.000	       558.070	        76.188	     0.000	   354.810	   -23.930	    67.932	     0.000	    -1.841	488.679496	488.679496	558.557540	2330.938090
  48.200	   0.000	       560.252	        74.584	     0.000	   354.018	   -23.770	    67.452	     0.000	    -1.815	490.378842	490.378842	560.243206	2329.335068
  48.400	   0.000	       557.078	        73.258	     0.000	   353.229	   -23.611	    67.439	     0.000	    -1.815	487.593892	487.593892	557.818729	2328.014540
  48.600	   0.000	       556.773	        74.666	     0.000	   352.444	   -23.454	    67.392	     0.000	    -1.812	486.635121	486.635121	556.446782	2329.415660
  48.800	   0.000	       555.286	        76.547	     0.000	   351.662	   -23.298	    67.515	     0.000	    -1.819	485.014126	485.014126	555.131945	2331.296900
  49.000	   0.000	       552.129	        78.340	     0.000	   350.884	   -23.144	    67.675	     0.000	    -1.828	482.212568	482.212568	552.236195	2333.090519
  49.200	   0.000	       555.665	        79.875	     0.000	   350.109	   -22.991	    67.450	     0.000	    -1.815	484.539597	484.539597	555.142629	2334.587077
  49.400	   0.000	       553.931	        78.664	     0.000	   349.337	   -22.839	    67.319	     0.000	    -1.808	484.522138	484.522138	554.343586	2333.412578
  49.600	   0.000	       556.203	        76.973	     0.000	   348.569	   -22.689	    66.887	     0.000	    -1.785	485.897830	485.897830	555.459749	2331.725452
  49.800	   0.000	       557.035	        75.374	     0.000	   347.805	   -22.540	    66.574	     0.000	    -1.769	486.971297	486.971297	557.310327	2330.123053
  50.000	   0.000	       554.652	        74.038	     0.000	   347.043	   -22.392	    66.470	     0.000	    -1.763	484.910937	484.910937	554.642456	2328.791255
  50.200	   0.000	       554.950	        75.385	     0.000	   346.285	   -22.246	    66.407	     0.000	    -1.760	484.733378	484.733378	554.758193	2330.127157
  50.400	   0.000	       553.699	        77.235	     0.000	   345.530	   -22.101	    66.484	     0.000	    -1.764	483.694624	483.694624	553.786176	2331.981517
  50.600	   0.000	       548.627	        78.995	     0.000	   344.779	   -21.957	    66.840	     0.000	    -1.783	478.490378	478.490378	548.475407	2333.745050
  50.800	   0.000	       553.405	        80.504	     0.000	   344.031	   -21.814	    66.473	     0.000	    -1.763	483.757415	483.757415	553.754182	2335.221596
  51.000	   0.000	       549.842	        79.329	     0.000	   343.286	   -21.673	    66.467	     0.000	    -1.763	479.687560	479.687560	549.684175	2334.080337
  51.200	   0.000	       554.735	        77.637	     0.000	   342.544	   -21.533	    65.882	     0.000	    -1.732	484.822496	484.822496	555.054179	2332.390096
  51.400	   0.000	       552.281	        76.033	     0.000	   341.806	   -21.394	    65.787	     0.000	    -1.727	482.215247	482.215247	552.273977	2330.782931
  51.600	   0.000	       553.824	        74.688	     0.000	   341.070	   -21.256	    65.419	     0.000	    -1.708	483.738244	483.738244	553.941840	2329.440726
  51.800	   0.000	       550.053	        75.972	     0.000	   340.338	   -21.119	    65.646	     0.000	    -1.720	480.177307	480.177307	550.072708	2330.714166
  52.000	   0.000	       549.556	        77.796	     0.000	   339.609	   -20.984	    65.672	     0.000	    -1.721	479.767609	479.767609	549.693739	2332.545664
  52.200	   0.000	       549.536	        79.539	     0.000	   338.883	   -20.850	    65.656	     0.000	    -1.720	479.144935	479.144935	549.039760	2334.286468
  52.400	   0.000	       547.118	        81.028	     0.000	   338.160	   -20.716	    65.791	     0.000	    -1.727	477.418041	477.418041	547.573262	2335.747162
  52.600	   0.000	       549.997	        79.889	     0.000	   337.440	   -20.584	    65.355	     0.000	    -1.704	480.259008	480.259008	550.225651	2334.640958
  52.800	   0.000	       550.988	        78.196	     0.000	   336.724	   -20.454	    65.056	     0.000	    -1.689	481.085610	481.085610	551.008613	2332.943833
  53.000	   0.000	       551.496	        76.579	     0.000	   336.010	   -20.324	    64.755	     0.000	    -1.673	481.745091	481.745091	551.788096	2331.329294
  53.200	   0.000	       554.452	        75.222	     0.000	   335.299	   -20.195	    64.354	     0.000	    -1.653	483.645212	483.645212	553.443432	2329.977416
  53.400	   0.000	       549.820	        76.443	     0.000	   334.592	   -20.067	    64.630	     0.000	    -1.667	480.146698	480.146698	549.884593	2331.186817
  53.600	   0.000	       551.815	        78.247	     0.000	   333.887	   -19.941	    64.415	     0.000	    -1.656	481.521715	481.521715	551.543765	2333.001374
  53.800	   0.000	       547.829	        79.971	     0.000	   333.185	   -19.815	    64.708	     0.000	    -1.671	477.659298	477.659298	547.972421	2334.721876
  54.000	   0.000	       548.554	        81.447	     0.000	   332.487	   -19.691	    64.568	     0.000	    -1.664	478.759036	478.759036	548.891563	2336.167937
  54.200	   0.000	       551.041	        80.352	     0.000	   331.791	   -19.568	    64.266	     0.000	    -1.648	480.924897	480.924897	551.165992	2335.099924
  54.400	   0.000	       549.829	        78.641	     0.000	   331.098	   -19.445	    64.061	     0.000	    -1.638	480.097931	480.097931	550.168625	2333.387760
  54.600	   0.000	       553.122	        77.019	     0.000	   330.408	   -19.324	    63.624	     0.000	    -1.615	482.271240	482.271240	552.226124	2331.767457
  54.800	   0.000	       550.899	        75.654	     0.000	   329.721	   -19.204	    63.540	     0.000	    -1.611	481.025454	481.025454	550.798967	2330.405284
  55.000	   0.000	       550.456	        76.801	     0.000	   329.036	   -19.084	    63.481	     0.000	    -1.608	480.787449	480.787449	550.677035	2331.546334
  55.200	   0.000	       548.640	        78.601	     0.000	   328.355	   -18.966	    63.610	     0.000	    -1.615	479.085134	479.085134	548.981165	2333.351461
  55.400	   0.000	       546.035	        80.303	     0.000	   327.676	   -18.849	    63.717	     0.000	    -1.620	476.517484	476.517484	546.693766	2335.051701
  55.600	   0.000	       546.582	        81.756	     0.000	   327.000	   -18.732	    63.700	     0.000	    -1.619	476.764273	476.764273	547.094121	2336.481213
  55.800	   0.000	       548.368	        80.702	     0.000	   326.327	   -18.617	    63.456	     0.000	    -1.607	478.279170	478.279170	547.810409	2335.451081
  56.000	   0.000	       547.251	        78.967	     0.000	   325.657	   -18.502	    63.218	     0.000	    -1.595	477.261316	477.261316	546.902938	2333.715722
  56.200	   0.000	       552.737	        77.334	     0.000	   324.989	   -18.389	    62.662	     0.000	    -1.567	482.244132	482.244132	552.303522	2332.088352
  56.400	   0.000	       549.726	        75.961	     0.000	   324.324	   -18.276	    62.607	     0.000	    -1.564	479.927726	479.927726	549.479073	2330.712478
  56.600	   0.000	       551.262	        77.031	     0.000	   323.662	   -18.164	    62.396	     0.000	    -1.554	481.500656	481.500656	551.811617	2331.783308
  56.800	   0.000	       548.350	        78.838	     0.000	   323.003	   -18.054	    62.553	     0.000	    -1.561	478.627903	478.627903	549.036070	2333.584869
  57.000	   0.000	       551.253	        80.516	     0.000	   322.346	   -17.944	    62.385	     0.000	    -1.553	481.059207	481.059207	551.516964	2335.261453
  57.200	   0.000	       549.759	        81.951	     0.000	   321.692	   -17.835	    62.498	     0.000	    -1.559	478.934886	478.934886	548.478316	2336.674396
  57.400	   0.000	       552.337	        80.934	     0.000	   321.041	   -17.727	    62.135	     0.000	    -1.541	481.917718	481.917718	552.052704	2335.683739
  57.600	   0.000	       553.701	        79.161	     0.000	   320.392	   -17.619	    61.824	     0.000	    -1.525	483.805049	483.805049	553.358212	2333.913979
  57.800	   0.000	       555.249	        77.524	     0.000	   319.746	   -17.513	    61.478	     0.000	    -1.508	485.097159	485.097159	554.685497	2332.277011
  58.000	   0.000	       556.924	        76.127	     0.000	   319.102	   -17.407	    61.090	     0.000	    -1.489	487.517630	487.517630	558.128499	2330.880220
  58.200	   0.000	       554.227	        77.123	     0.000	   318.461	   -17.303	    61.201	     0.000	    -1.495	485.031054	485.031054	555.139990	2331.876907
  58.400	   0.000	       553.825	        78.931	     0.000	   317.822	   -17.199	    61.259	     0.000	    -1.497	484.094288	484.094288	553.752809	2333.675569
  58.600	   0.000	       554.075	        80.575	     0.000	   317.187	   -17.096	    61.212	     0.000	    -1.495	483.550773	483.550773	553.737242	2335.324721
  58.800	   0.000	       548.168	        81.995	     0.000	   316.553	   -16.994	    61.620	     0.000	    -1.515	478.122979	478.122979	547.624797	2336.722013
  59.000	   0.000	       553.623	        81.018	     0.000	   315.922	   -16.892	    61.083	     0.000	    -1.489	482.795341	482.795341	552.586720	2335.768750
  59.200	   0.000	       548.645	        79.206	     0.000	   315.294	   -16.792	    61.134	     0.000	    -1.491	478.810474	478.810474	549.114888	2333.959394
  59.400	   0.000	       548.551	        77.557	     0.000	   314.668	   -16.692	    60.843	     0.000	    -1.477	479.230732	479.230732	549.811294	2332.306539
  59.600	   0.000	       548.675	        76.132	     0.000	   314.045	   -16.593	    60.689	     0.000	    -1.470	479.039762	479.039762	548.968180	2330.881162
  59.800	   0.000	       545.099	        77.040	     0.000	   313.424	   -16.495	    60.816	     0.000	    -1.476	474.986340	474.986340	545.002508	2331.795645
  60.000	   0.000	       543.842	        78.841	     0.000	   312.806	   -16.397	    60.885	     0.000	    -1.479	473.730843	473.730843	543.854998	2333.586259
