    时间	    开度值	      蜗壳压力	      尾水管压力	    流量	      转速	      出力	  单位转速	  单位流量	  单位力矩	球阀前压力	球阀后压力	蜗壳进口压力	尾水管出口压力
   0.000	   0.732	       513.722	        52.228	    74.634	   428.600	   306.160	    84.775	     0.199	    20.815	452.023297	451.516968	513.721800	2324.567598
   0.200	   0.732	       524.387	        51.978	    74.450	   436.926	   307.183	    86.052	     0.198	    20.312	453.930912	453.930680	523.807841	2324.498880
   0.400	   0.732	       526.579	        51.017	    74.188	   445.124	   307.096	    87.353	     0.197	    19.790	456.598177	456.597789	526.248723	2323.799805
   0.600	   0.732	       529.788	        50.976	    73.955	   453.172	   307.031	    88.608	     0.195	    19.293	459.817742	459.816956	529.459505	2323.156778
   0.800	   0.732	       532.498	        50.297	    73.768	   461.085	   307.302	    89.817	     0.194	    18.836	462.570526	462.568963	532.207396	2322.627716
   1.000	   0.732	       536.970	        51.314	    73.609	   468.863	   307.651	    90.987	     0.193	    18.405	466.354149	466.352392	536.096870	2323.324495
   1.200	   0.732	       539.826	        52.227	    73.359	   476.515	   307.040	    92.270	     0.192	    17.994	469.894566	469.892578	539.604296	2324.151975
   1.400	   0.732	       544.179	        53.230	    73.261	   484.057	   307.867	    93.394	     0.191	    17.635	474.321425	474.319147	543.755021	2325.082603
   1.600	   0.732	       547.761	        53.964	    73.075	   491.486	   307.563	    94.535	     0.190	    17.244	477.921654	477.919024	547.560109	2325.274280
   1.800	   0.732	       551.079	        53.282	    73.014	   498.813	   308.466	    95.541	     0.189	    16.898	482.142701	482.139645	551.700706	2325.641658
   2.000	   0.732	       554.257	        53.041	    72.801	   506.029	   307.431	    96.571	     0.188	    16.480	484.084555	484.081035	553.748245	2324.734435
   2.200	   0.732	       556.750	        51.578	    72.561	   513.115	   305.810	    97.514	     0.186	    16.033	486.802653	486.798558	556.417669	2323.157147
   2.400	   0.732	       560.398	        50.865	    72.311	   520.068	   303.821	    98.386	     0.185	    15.573	489.892712	489.887886	559.753315	2322.533832
   2.600	   0.732	       563.432	        47.950	    71.937	   526.887	   300.086	    99.063	     0.183	    14.996	491.445238	491.439492	562.579834	2321.302953
   2.800	   0.732	       568.705	        48.426	    71.233	   533.462	   292.109	    99.789	     0.180	    14.271	497.620836	497.613899	567.783566	2319.884954
   3.000	   0.732	       573.941	        47.453	    70.334	   539.763	   281.483	   100.312	     0.176	    13.415	501.975679	501.968110	572.547838	2318.782014
   3.200	   0.732	       579.557	        45.950	    69.425	   545.753	   270.691	   100.686	     0.173	    12.574	507.724259	507.715992	578.075429	2316.600214
   3.400	   0.732	       585.280	        44.894	    68.383	   551.443	   258.193	   101.033	     0.169	    11.706	511.180528	511.171455	580.236969	2315.829524
   3.600	   0.732	       592.773	        45.923	    67.449	   556.822	   247.322	   101.358	     0.166	    10.962	519.459867	519.449852	590.275753	2315.334148
   3.800	   0.732	       597.927	        45.939	    66.310	   561.891	   234.351	   101.745	     0.162	    10.186	526.110904	526.099779	596.355503	2315.630016
   4.000	   0.732	       604.461	        47.900	    65.230	   566.659	   222.207	   102.132	     0.159	     9.488	532.275713	532.263251	602.573419	2316.977581
   4.200	   0.732	       610.190	        49.587	    64.161	   571.129	   210.729	   102.516	     0.155	     8.854	538.038387	538.024271	608.444375	2318.047628
   4.400	   0.732	       614.331	        49.873	    63.170	   575.344	   200.033	   102.873	     0.152	     8.279	542.718113	542.701832	612.545592	2318.126950
   4.600	   0.732	       618.222	        50.246	    62.125	   579.316	   189.262	   103.216	     0.149	     7.724	545.771914	545.752871	616.256239	2317.867658
   4.800	   0.732	       620.405	        49.207	    61.084	   583.046	   178.571	   103.543	     0.146	     7.194	548.371155	548.348455	618.571419	2316.518825
   5.000	   0.732	       622.112	        48.092	    59.913	   586.525	   166.925	   103.857	     0.143	     6.647	550.010752	549.983183	619.806573	2314.863686
   5.200	   0.732	       622.404	        45.852	    58.663	   589.756	   154.793	   104.152	     0.140	     6.097	550.520779	550.486329	621.411483	2313.693783
   5.400	   0.732	       624.368	        45.826	    57.202	   592.702	   141.016	   104.439	     0.136	     5.502	550.890399	550.849734	621.969590	2312.215207
   5.600	   0.732	       624.608	        44.653	    55.439	   595.340	   125.010	   104.715	     0.132	     4.839	550.737421	550.691255	621.787673	2310.395900
   5.800	   0.732	       625.404	        44.091	    53.663	   597.654	   109.681	   104.941	     0.127	     4.214	550.722205	550.669046	622.249881	2309.291475
   6.000	   0.732	       624.921	        42.844	    51.670	   599.655	    92.926	   105.161	     0.122	     3.550	551.075389	551.012796	622.367188	2307.668412
   6.200	   0.732	       626.363	        43.339	    49.897	   601.349	    79.221	   105.318	     0.118	     3.010	552.302306	552.226591	623.907275	2307.036283
   6.400	   0.732	       627.940	        44.647	    47.949	   602.753	    64.299	   105.484	     0.113	     2.433	554.007921	553.913026	625.193966	2308.252798
   6.600	   0.732	       629.547	        45.894	    46.116	   603.884	    51.599	   105.599	     0.109	     1.946	555.910096	555.784546	626.835214	2308.866676
   6.800	   0.732	       632.509	        48.912	    44.310	   604.760	    39.130	   105.709	     0.105	     1.472	558.966037	558.786584	629.751622	2311.021430
   7.000	   0.732	       636.048	        51.859	    42.844	   605.450	    29.713	   105.738	     0.101	     1.115	561.384473	561.091141	632.277130	2312.561796
   7.200	   0.732	       636.875	        52.261	    41.404	   605.957	    20.656	   105.753	     0.098	     0.773	564.323944	563.952950	634.800247	2313.214825
   7.400	   0.732	       638.757	        53.939	    40.143	   606.307	    12.732	   105.766	     0.095	     0.476	566.630297	566.257173	636.852454	2314.656377
   7.600	   0.732	       639.951	        54.486	    38.842	   606.507	     4.953	   105.712	     0.091	     0.185	566.473808	566.097301	637.006089	2314.496428
   7.800	   0.732	       638.815	        52.857	    37.605	   606.556	    -2.342	   105.648	     0.088	    -0.087	567.508592	567.128372	637.321023	2313.660874
   8.000	   0.732	       640.183	        53.994	    36.385	   606.469	    -9.494	   105.586	     0.086	    -0.353	567.712742	567.328450	637.911924	2313.717743
   8.200	   0.732	       638.444	        51.933	    35.038	   606.233	   -17.132	   105.488	     0.082	    -0.637	565.809936	565.422785	636.120993	2311.435153
   8.400	   0.732	       638.661	        51.677	    33.638	   605.857	   -24.790	   105.352	     0.079	    -0.922	566.041872	565.654959	636.287819	2310.582695
   8.600	   0.732	       638.108	        50.805	    32.062	   605.320	   -33.352	   105.200	     0.075	    -1.240	565.438558	565.052603	636.508995	2309.898194
   8.800	   0.732	       636.800	        49.452	    30.611	   604.630	   -40.718	   105.050	     0.072	    -1.514	564.465862	564.081381	635.369376	2308.646127
   9.000	   0.732	       638.350	        50.880	    28.956	   603.792	   -48.552	   104.865	     0.068	    -1.807	565.571150	565.190009	635.934819	2309.456095
   9.200	   0.732	       638.313	        51.161	    27.455	   602.810	   -55.527	   104.699	     0.064	    -2.070	563.635349	563.257638	634.449053	2309.360529
   9.400	   0.732	       639.536	        52.756	    25.995	   601.691	   -61.981	   104.516	     0.061	    -2.315	568.322579	567.945100	638.916340	2310.612439
   9.600	   0.732	       641.240	        55.173	    24.810	   600.457	   -66.825	   104.348	     0.058	    -2.503	568.265581	567.881894	639.102718	2312.121236
   9.800	   0.732	       641.088	        56.088	    23.753	   599.139	   -71.004	   104.200	     0.056	    -2.670	569.492063	569.093246	639.937916	2313.448913
  10.000	   0.732	       642.487	        59.074	    22.948	   597.748	   -73.956	   104.089	     0.054	    -2.794	570.416694	569.993999	640.659109	2315.920394
  10.200	   0.732	       641.726	        59.919	    22.082	   596.297	   -77.136	   103.969	     0.052	    -2.929	570.007256	569.559615	640.208859	2316.823304
  10.400	   0.732	       640.270	        59.980	    21.223	   594.776	   -80.273	   103.829	     0.050	    -3.063	568.530736	568.050521	638.078759	2316.519357
  10.600	   0.732	       638.140	        59.301	    20.309	   593.191	   -83.620	   103.671	     0.048	    -3.207	565.661877	565.145270	635.762105	2315.539828
  10.800	   0.732	       632.258	        54.594	    19.168	   591.524	   -87.950	   103.472	     0.045	    -3.389	559.458216	558.976636	630.006026	2310.785342
  11.000	   0.732	       628.093	        51.186	    17.701	   589.749	   -93.690	   103.214	     0.042	    -3.624	555.124759	554.692200	625.934157	2307.630410
  11.200	   0.732	       622.270	        45.893	    15.707	   587.835	  -102.680	   102.908	     0.037	    -3.987	548.503838	548.142769	619.191373	2302.663873
  11.400	   0.732	       616.026	        40.240	    13.375	   585.716	  -113.612	   102.570	     0.032	    -4.431	541.346166	541.073189	613.039531	2297.807417
  11.600	   0.732	       612.629	        37.609	    10.411	   583.312	  -130.615	   102.197	     0.025	    -5.119	535.107626	534.929854	607.068766	2293.847834
  11.800	   0.732	       606.234	        32.567	     7.185	   580.497	  -150.952	   101.808	     0.017	    -5.957	527.879067	527.790217	600.207181	2289.688568
  12.000	   0.732	       603.077	        31.518	     3.762	   577.206	  -172.478	   101.407	     0.009	    -6.870	525.916701	525.892072	598.959773	2288.491550
  12.200	   0.732	       598.971	        30.324	     0.244	   573.505	  -191.865	   101.010	     0.001	    -7.730	521.013756	521.013702	594.225518	2287.892948
  12.400	   0.732	       597.722	        31.621	    -3.361	   569.375	  -212.311	   100.511	    -0.008	    -8.655	520.646323	520.668364	593.310041	2288.340808
  12.600	   0.732	       596.541	        34.226	    -6.781	   564.691	  -239.374	   100.029	    -0.016	    -9.907	518.913868	519.008809	591.098673	2291.717723
  12.800	   0.732	       592.033	        37.362	    -9.615	   559.440	  -260.975	    99.793	    -0.023	   -11.056	516.479397	516.691211	588.850926	2294.606992
  13.000	   0.732	       586.565	        43.683	   -11.884	   553.704	  -278.671	    99.851	    -0.029	   -12.191	511.458789	511.804415	583.626453	2299.667914
  13.200	   0.732	       579.447	        51.131	   -13.381	   547.618	  -288.690	   100.119	    -0.033	   -13.125	504.971103	505.438796	576.804166	2306.587762
  13.400	   0.732	       570.958	        57.137	   -14.371	   541.322	  -291.999	   100.364	    -0.036	   -13.811	497.350567	497.932892	569.022552	2313.458700
  13.600	   0.732	       562.138	        62.652	   -15.077	   534.918	  -291.611	   100.598	    -0.038	   -14.361	490.536900	491.226761	561.586047	2318.685496
  13.800	   0.732	       550.216	        65.149	   -15.542	   528.475	  -289.270	   100.860	    -0.040	   -14.850	478.426790	479.215336	549.410467	2319.967504
  14.000	   0.732	       535.460	        63.550	   -15.668	   522.058	  -283.001	   101.018	    -0.041	   -15.118	464.381178	465.249435	535.233664	2318.461039
  14.200	   0.732	       519.960	        60.196	   -15.645	   515.723	  -274.964	   101.103	    -0.041	   -15.262	449.173025	450.088120	519.871442	2315.363544
  14.400	   0.732	       506.734	        57.978	   -15.459	   509.516	  -265.182	   101.105	    -0.041	   -15.264	435.733223	436.640345	506.612818	2313.391229
  14.600	   0.732	       495.961	        58.373	   -15.390	   503.431	  -257.203	   101.165	    -0.042	   -15.366	425.290678	426.197077	495.725220	2313.609816
  14.800	   0.732	       486.274	        59.422	   -15.305	   497.465	  -249.322	   101.217	    -0.042	   -15.454	415.632852	416.538396	486.534890	2315.472843
  15.000	   0.732	       480.307	        63.603	   -15.166	   491.619	  -241.107	   101.239	    -0.042	   -15.491	410.577085	411.466256	481.080456	2318.646439
  15.200	   0.732	       474.466	        66.298	   -14.753	   485.952	  -230.172	   101.110	    -0.041	   -15.273	405.405337	406.252383	475.581451	2320.899135
  15.400	   0.732	       472.675	        69.831	   -13.665	   480.556	  -212.527	   100.634	    -0.039	   -14.445	404.242982	404.988982	474.601441	2324.212200
  15.600	   0.732	       471.753	        74.056	   -12.107	   475.542	  -193.337	   100.211	    -0.034	   -13.447	405.894248	406.480307	475.019225	2328.239150
  15.800	   0.732	       472.885	        79.973	    -9.826	   471.029	  -169.335	    99.843	    -0.028	   -12.031	408.647535	409.043726	477.695514	2333.137938
  16.000	   0.732	       473.505	        87.405	    -7.151	   467.081	  -145.776	    99.858	    -0.021	   -10.625	411.219948	411.430036	479.069077	2339.748760
  16.200	   0.732	       470.925	        94.038	    -3.769	   463.708	  -121.139	   100.326	    -0.011	    -9.108	410.048886	410.111258	477.399396	2346.008438
  16.400	   0.732	       467.552	       100.038	     0.050	   460.941	  -100.247	   100.985	     0.000	    -7.775	406.935660	406.935651	474.579550	2350.695436
  16.600	   0.732	       462.124	       102.449	     4.233	   458.665	   -81.211	   101.584	     0.013	    -6.469	402.405592	402.334501	469.337211	2353.450553
  16.800	   0.732	       454.063	       101.607	     8.422	   456.857	   -61.656	   102.239	     0.025	    -5.034	393.992069	393.695125	460.501707	2352.621972
  17.000	   0.732	       443.431	        98.049	    12.763	   455.512	   -45.892	   103.021	     0.039	    -3.838	385.075349	384.396190	451.368205	2350.003911
  17.200	   0.732	       432.662	        94.694	    16.876	   454.511	   -34.039	   103.977	     0.052	    -2.919	373.978898	372.774818	439.792248	2346.276207
  17.400	   0.732	       421.860	        89.151	    20.694	   453.786	   -23.615	   104.703	     0.064	    -2.064	362.488696	360.616660	427.677852	2342.522412
  17.600	   0.732	       416.208	        86.984	    24.286	   453.335	   -13.150	   105.236	     0.076	    -1.164	356.950959	354.322925	421.522977	2340.593670
  17.800	   0.732	       411.471	        84.272	    27.487	   453.153	    -2.974	   105.606	     0.086	    -0.265	352.363028	348.932063	416.497192	2338.559454
  18.000	   0.732	       409.315	        82.360	    30.560	   453.238	     7.229	   105.758	     0.096	     0.647	350.436303	346.142477	413.520548	2337.466244
  18.200	   0.732	       410.396	        81.841	    33.620	   453.578	    17.983	   105.679	     0.106	     1.603	354.578545	349.310095	416.333822	2338.725233
  18.400	   0.732	       413.698	        81.837	    36.861	   454.200	    30.617	   105.406	     0.115	     2.704	358.838793	352.446045	419.422857	2338.869393
  18.600	   0.732	       420.462	        84.019	    40.200	   455.170	    45.278	   105.030	     0.125	     3.945	366.456919	358.763710	425.951403	2341.418160
  18.800	   0.732	       428.921	        86.169	    43.695	   456.552	    62.533	   104.504	     0.135	     5.345	375.157837	365.944083	433.626181	2344.564131
  19.000	   0.732	       436.588	        85.421	    47.116	   458.396	    81.352	   103.788	     0.144	     6.776	386.284870	375.416390	442.450552	2345.412138
  19.200	   0.732	       446.250	        84.605	    50.448	   460.740	   101.792	   102.916	     0.152	     8.210	394.663302	382.116708	449.977067	2345.363546
  19.400	   0.732	       451.792	        79.329	    53.352	   463.580	   121.570	   102.136	     0.159	     9.481	403.024925	388.780953	456.291689	2341.029142
  19.600	   0.732	       453.965	        70.780	    55.946	   466.908	   140.869	   101.507	     0.164	    10.621	406.470632	390.076044	457.663738	2334.929793
  19.800	   0.732	       456.257	        63.637	    57.901	   470.645	   156.690	   101.144	     0.168	    11.452	406.872141	388.472174	457.739210	2328.701127
  20.000	   0.732	       454.325	        53.702	    58.969	   474.666	   165.572	   101.007	     0.169	    11.765	405.094184	384.940137	453.959721	2319.282073
  20.200	   0.732	       454.248	        47.183	    59.233	   478.792	   167.797	   101.066	     0.169	    11.631	404.460998	383.018332	452.573067	2312.787688
  20.400	   0.732	       452.050	        40.195	    58.770	   482.865	   163.705	   101.292	     0.166	    11.112	401.779592	379.518751	450.252042	2306.977286
  20.600	   0.732	       448.871	        34.062	    57.682	   486.734	   154.302	   101.679	     0.163	    10.304	398.037034	375.397262	446.358805	2301.025166
  20.800	   0.732	       449.387	        33.640	    56.078	   490.298	   140.986	   102.232	     0.158	     9.312	397.900953	375.131788	445.660441	2299.395430
  21.000	   0.732	       448.888	        32.793	    54.475	   493.536	   128.476	   102.791	     0.153	     8.411	398.211452	375.433764	445.826876	2298.617626
  21.200	   0.732	       451.552	        35.388	    52.854	   496.443	   116.327	   103.318	     0.148	     7.559	401.389022	378.654704	449.375929	2300.106695
  21.400	   0.732	       458.974	        42.061	    51.608	   499.085	   107.100	   103.720	     0.145	     6.903	408.266393	386.109277	456.259509	2305.359938
  21.600	   0.732	       466.987	        47.818	    50.955	   501.548	   102.478	   103.918	     0.143	     6.533	419.364889	397.311242	467.255797	2310.872361
  21.800	   0.732	       476.557	        54.407	    50.711	   503.925	   100.593	   104.024	     0.141	     6.336	428.791750	406.562480	476.406921	2317.391760
  22.000	   0.732	       486.839	        60.922	    50.862	   506.273	   101.417	   104.042	     0.141	     6.301	441.751205	418.906839	488.189401	2323.595567
  22.200	   0.732	       495.511	        64.395	    51.650	   508.682	   106.707	   103.924	     0.142	     6.521	452.973161	428.950619	497.994610	2326.755936
  22.400	   0.732	       504.145	        66.632	    52.886	   511.241	   115.266	   103.715	     0.145	     6.911	463.862351	438.159010	506.744630	2329.236022
  22.600	   0.732	       511.586	        66.664	    54.240	   514.013	   125.359	   103.443	     0.147	     7.357	472.515881	444.893149	513.175305	2329.859234
  22.800	   0.732	       518.246	        65.397	    55.636	   517.001	   136.041	   103.167	     0.150	     7.804	481.089714	451.473501	520.446162	2328.858777
  23.000	   0.732	       522.607	        62.499	    56.629	   520.183	   143.765	   103.002	     0.151	     8.071	487.347419	455.882272	524.654503	2326.808947
  23.200	   0.732	       525.231	        57.990	    57.443	   523.515	   150.380	   102.883	     0.152	     8.263	489.731320	456.718173	526.184526	2323.177991
  23.400	   0.732	       528.441	        54.551	    58.001	   526.948	   154.950	   102.835	     0.153	     8.341	493.475904	458.950798	528.254497	2319.245198
  23.600	   0.732	       530.766	        50.832	    58.288	   530.448	   157.184	   102.861	     0.153	     8.299	496.425385	460.797437	529.901830	2316.389193
  23.800	   0.732	       532.444	        47.836	    58.081	   533.916	   155.087	   103.013	     0.151	     8.054	497.478016	461.354447	531.294474	2313.849756
  24.000	   0.732	       533.575	        45.680	    57.381	   537.265	   148.977	   103.274	     0.149	     7.631	498.234299	462.095818	532.269528	2311.400617
  24.200	   0.732	       536.190	        45.326	    56.651	   540.449	   142.476	   103.536	     0.146	     7.206	501.655785	465.627779	535.365940	2310.209235
  24.400	   0.732	       537.885	        44.057	    55.949	   543.483	   136.287	   103.770	     0.144	     6.809	502.967665	466.878904	536.937929	2309.360199
  24.600	   0.732	       541.479	        44.858	    55.150	   546.362	   129.576	   103.990	     0.142	     6.399	506.264843	470.345622	540.071838	2310.255609
  24.800	   0.732	       547.670	        48.410	    54.391	   549.081	   123.080	   104.197	     0.139	     6.012	510.615685	475.074957	545.045276	2312.439008
  25.000	   0.732	       551.237	        49.294	    53.683	   551.649	   117.088	   104.373	     0.137	     5.659	514.565879	479.542328	550.090029	2313.814440
  25.200	   0.732	       555.798	        51.048	    52.983	   554.081	   111.425	   104.511	     0.135	     5.329	519.412568	484.965314	555.106679	2315.099003
  25.400	   0.732	       559.637	        51.858	    52.513	   556.399	   107.468	   104.613	     0.133	     5.086	523.217318	489.056099	559.371975	2315.942997
  25.600	   0.732	       562.264	        51.541	    52.075	   558.624	   103.712	   104.707	     0.132	     4.858	525.718081	491.737864	562.079362	2314.988096
  25.800	   0.732	       564.867	        51.409	    51.596	   560.762	    99.580	   104.807	     0.130	     4.620	528.613387	494.867155	564.826246	2315.194970
  26.000	   0.732	       567.368	        51.191	    51.029	   562.808	    95.182	   104.888	     0.128	     4.375	529.541619	496.121254	566.152462	2314.391561
  26.200	   0.732	       569.070	        50.369	    50.436	   564.754	    90.551	   104.970	     0.127	     4.126	530.438729	497.488449	567.650184	2313.780309
  26.400	   0.732	       570.877	        50.137	    49.638	   566.575	    84.376	   105.073	     0.124	     3.815	531.178008	498.932203	569.445114	2313.032618
  26.600	   0.732	       569.963	        47.745	    48.576	   568.245	    76.371	   105.197	     0.121	     3.431	529.229450	497.978511	569.021434	2311.189761
  26.800	   0.732	       571.391	        47.792	    47.487	   569.747	    68.801	   105.300	     0.118	     3.072	529.209484	498.974963	569.408572	2309.791120
  27.000	   0.732	       571.154	        46.428	    46.405	   571.094	    61.246	   105.401	     0.116	     2.721	527.855877	498.679025	569.197956	2308.777620
  27.200	   0.732	       571.391	        45.894	    45.204	   572.274	    53.052	   105.505	     0.112	     2.347	526.950559	498.901673	569.288284	2307.998416
  27.400	   0.732	       573.765	        47.605	    43.953	   573.285	    45.208	   105.588	     0.109	     1.992	527.759387	500.941058	571.825367	2309.557275
  27.600	   0.732	       575.381	        48.838	    42.702	   574.131	    37.363	   105.670	     0.106	     1.642	527.551551	502.011206	572.925121	2310.021867
  27.800	   0.732	       576.692	        49.841	    41.428	   574.821	    29.612	   105.731	     0.103	     1.298	528.829556	504.454435	574.858048	2310.871954
  28.000	   0.732	       578.804	        51.342	    40.308	   575.383	    23.228	   105.743	     0.100	     1.016	530.313438	506.969833	577.341178	2312.206713
  28.200	   0.732	       579.904	        51.981	    39.350	   575.827	    17.752	   105.753	     0.098	     0.774	530.277147	507.781706	578.322701	2312.298718
  28.400	   0.732	       581.392	        53.169	    38.440	   576.168	    12.562	   105.763	     0.095	     0.547	531.655513	509.646608	579.755034	2313.101300
  28.600	   0.732	       582.565	        53.953	    37.494	   576.401	     7.335	   105.743	     0.093	     0.319	532.117774	510.643410	581.610047	2313.707663
  28.800	   0.732	       582.575	        53.443	    36.533	   576.526	     2.190	   105.691	     0.090	     0.095	531.461202	510.485156	581.019350	2313.539094
  29.000	   0.732	       583.216	        53.765	    35.558	   576.537	    -2.999	   105.638	     0.088	    -0.130	531.511330	511.065763	581.993623	2313.542687
  29.200	   0.732	       583.122	        53.548	    34.677	   576.455	    -7.659	   105.591	     0.086	    -0.332	531.600944	511.589903	582.235340	2312.842630
  29.400	   0.732	       584.098	        54.592	    33.911	   576.287	   -11.672	   105.550	     0.084	    -0.506	532.794362	513.040301	583.106243	2313.081197
  29.600	   0.732	       585.764	        56.164	    33.229	   576.042	   -15.018	   105.481	     0.082	    -0.651	533.897793	514.363728	585.055313	2314.836787
  29.800	   0.732	       586.913	        57.286	    32.477	   575.726	   -18.689	   105.405	     0.080	    -0.810	534.277913	515.030112	585.765286	2316.103524
  30.000	   0.732	       588.630	        59.193	    31.822	   575.338	   -21.840	   105.339	     0.079	    -0.948	536.825300	517.776181	588.229705	2317.647546
  30.200	   0.732	       589.569	        60.556	    31.335	   574.898	   -24.119	   105.291	     0.077	    -1.048	537.321402	518.283549	588.738615	2318.415238
  30.400	   0.732	       588.033	        59.446	    30.754	   574.414	   -26.846	   105.234	     0.076	    -1.168	535.494489	516.555844	586.631070	2317.739510
  30.600	   0.732	       586.472	        58.283	    29.976	   573.856	   -30.526	   105.157	     0.074	    -1.330	533.511104	514.907767	585.629067	2316.732100
  30.800	   0.732	       584.548	        56.833	    29.231	   573.231	   -33.765	   105.075	     0.072	    -1.474	531.485499	513.205598	583.624140	2314.779568
  31.000	   0.732	       583.213	        56.202	    28.639	   572.539	   -36.121	   105.008	     0.071	    -1.581	529.580641	511.430585	581.688470	2313.440072
  31.200	   0.732	       582.361	        55.932	    27.854	   571.805	   -39.313	   104.918	     0.069	    -1.724	528.276657	510.443618	581.221991	2313.717469
  31.400	   0.732	       581.185	        55.068	    26.666	   570.991	   -44.248	   104.779	     0.066	    -1.944	524.875518	507.971958	578.894768	2313.752291
  31.600	   0.732	       580.076	        54.063	    25.103	   570.048	   -50.736	   104.590	     0.062	    -2.232	521.092739	505.629658	577.187744	2312.134507
  31.800	   0.732	       577.182	        50.665	    23.276	   568.956	   -57.813	   104.312	     0.058	    -2.544	516.712570	502.997316	574.133529	2308.391167
  32.000	   0.732	       573.719	        47.064	    21.525	   567.718	   -64.485	   104.047	     0.053	    -2.842	511.473133	499.666285	571.323148	2304.420746
  32.200	   0.732	       571.303	        44.063	    19.596	   566.337	   -71.897	   103.711	     0.048	    -3.171	507.009808	497.003690	568.759462	2301.783505
  32.400	   0.732	       570.977	        42.323	    17.185	   564.776	   -81.292	   103.259	     0.042	    -3.584	502.723839	494.873948	566.506264	2300.138047
  32.600	   0.732	       571.609	        41.930	    14.383	   562.994	   -93.426	   102.805	     0.035	    -4.121	500.615774	495.021330	567.186242	2299.795007
  32.800	   0.732	       572.890	        43.468	    11.904	   560.951	  -104.529	   102.437	     0.029	    -4.628	501.706859	497.814453	569.669841	2300.542652
  33.000	   0.732	       575.377	        48.097	    10.126	   558.675	  -113.807	   102.217	     0.025	    -5.079	504.077307	501.265661	572.375020	2304.316905
  33.200	   0.732	       577.592	        52.986	     8.516	   556.219	  -121.811	   102.017	     0.021	    -5.487	505.117013	503.080650	574.498688	2309.300828
  33.400	   0.732	       579.294	        57.504	     6.701	   553.526	  -131.893	   101.789	     0.017	    -6.002	506.670730	505.371451	576.611535	2314.101976
  33.600	   0.732	       580.512	        62.491	     5.339	   550.620	  -138.765	   101.617	     0.013	    -6.393	509.419688	508.575113	579.313323	2317.366505
  33.800	   0.732	       576.917	        63.990	     4.922	   547.641	  -139.122	   101.566	     0.012	    -6.508	508.493188	507.751536	577.389509	2319.431990
  34.000	   0.732	       574.495	        67.421	     5.150	   544.681	  -135.194	   101.600	     0.013	    -6.432	506.656338	505.861590	575.408838	2322.138543
  34.200	   0.732	       572.460	        71.074	     5.379	   541.792	  -131.380	   101.633	     0.014	    -6.356	503.868583	502.976110	573.051561	2326.153423
  34.400	   0.732	       570.209	        74.238	     5.499	   538.960	  -128.368	   101.653	     0.014	    -6.311	500.920694	499.980756	570.184139	2328.510810
  34.600	   0.732	       565.970	        75.544	     5.841	   536.191	  -124.033	   101.702	     0.015	    -6.199	497.716128	496.629201	566.630885	2329.910606
  34.800	   0.732	       558.691	        73.860	     6.398	   533.521	  -118.489	   101.780	     0.016	    -6.020	491.976470	490.625068	560.077133	2328.422413
  35.000	   0.732	       551.398	        72.108	     7.122	   530.975	  -112.080	   101.882	     0.018	    -5.788	484.325195	482.643745	552.254190	2326.896418
  35.200	   0.732	       544.282	        69.639	     7.286	   528.528	  -109.320	   101.909	     0.019	    -5.728	474.715861	472.870498	543.046185	2324.605997
  35.400	   0.732	       535.430	        64.689	     6.854	   526.082	  -110.251	   101.854	     0.018	    -5.851	466.465661	464.809787	535.309091	2320.553355
  35.600	   0.732	       530.379	        63.897	     6.691	   523.607	  -109.500	   101.837	     0.018	    -5.892	461.146948	459.551959	529.676632	2318.691817
  35.800	   0.732	       525.170	        63.338	     6.915	   521.164	  -106.435	   101.872	     0.018	    -5.812	456.884819	455.124106	525.204616	2318.460301
  36.000	   0.732	       521.632	        63.794	     6.684	   518.770	  -106.163	   101.844	     0.018	    -5.875	451.111481	449.401397	519.990922	2319.378463
  36.200	   0.732	       521.096	        66.707	     5.938	   516.327	  -108.901	   101.745	     0.016	    -6.100	450.683036	449.273964	519.815161	2322.397164
  36.400	   0.732	       519.059	        68.710	     5.621	   513.831	  -109.018	   101.705	     0.015	    -6.191	451.086230	449.803799	519.049931	2323.581956
  36.600	   0.732	       515.899	        70.458	     6.111	   511.375	  -104.457	   101.778	     0.016	    -6.027	449.388228	447.852912	516.826665	2324.911510
  36.800	   0.732	       515.716	        75.772	     7.350	   509.066	   -95.778	   101.955	     0.020	    -5.621	450.541604	448.249217	517.708063	2330.293699
  37.000	   0.732	       516.321	        81.376	     8.507	   506.956	   -88.466	   102.121	     0.023	    -5.274	451.795385	448.697685	518.064983	2335.470381
  37.200	   0.732	       516.405	        86.151	     9.690	   505.016	   -81.389	   102.292	     0.026	    -4.925	453.944707	449.809345	518.631990	2340.223328
  37.400	   0.732	       514.594	        89.009	    11.103	   503.247	   -73.586	   102.503	     0.031	    -4.518	454.792813	449.236178	517.861243	2342.949864
  37.600	   0.732	       508.197	        88.294	    13.294	   501.650	   -64.242	   102.888	     0.037	    -4.012	452.314210	444.253119	512.155915	2341.506824
  37.800	   0.732	       503.121	        89.505	    15.981	   500.306	   -53.985	   103.422	     0.045	    -3.434	450.278105	438.224460	506.677699	2342.890557
  38.000	   0.732	       495.826	        87.301	    17.932	   499.163	   -47.054	   103.855	     0.050	    -3.039	445.659797	430.032566	498.344302	2342.041756
  38.200	   0.732	       489.114	        84.184	    19.336	   498.152	   -42.133	   104.126	     0.055	    -2.752	440.920453	422.300260	491.145439	2339.309427
  38.400	   0.732	       484.071	        82.374	    20.710	   497.243	   -37.426	   104.378	     0.059	    -2.470	439.656497	417.725732	486.932095	2337.431454
  38.600	   0.732	       475.386	        76.900	    22.347	   496.456	   -31.909	   104.663	     0.064	    -2.128	434.569467	408.346933	477.153616	2331.919098
  38.800	   0.732	       469.248	        72.646	    23.194	   495.776	   -28.830	   104.784	     0.066	    -1.935	429.996201	400.628683	470.387083	2328.967579
  39.000	   0.732	       466.553	        71.242	    23.488	   495.151	   -27.637	   104.830	     0.067	    -1.863	427.592965	396.814054	466.496238	2327.403781
  39.200	   0.732	       462.995	        69.010	    23.862	   494.545	   -26.194	   104.886	     0.068	    -1.774	425.500334	393.174730	462.665094	2325.341790
  39.400	   0.732	       462.769	        70.198	    24.415	   493.981	   -24.176	   104.967	     0.070	    -1.646	429.836081	395.197878	464.141962	2326.660105
  39.600	   0.732	       464.361	        73.284	    25.173	   493.475	   -21.511	   105.077	     0.072	    -1.472	434.094513	396.620371	465.978999	2329.891249
  39.800	   0.732	       467.157	        77.426	    25.948	   493.025	   -18.636	   105.180	     0.075	    -1.281	438.480786	398.027690	467.978636	2333.290158
  40.000	   0.732	       468.972	        80.228	    26.450	   492.638	   -16.660	   105.243	     0.076	    -1.150	443.927046	400.778641	470.512264	2336.546133
  40.200	   0.732	       468.054	        80.482	    27.348	   492.310	   -13.247	   105.354	     0.079	    -0.918	447.873922	401.026219	470.061621	2336.750427
  40.400	   0.732	       468.111	        82.054	    29.114	   492.100	    -6.660	   105.560	     0.084	    -0.464	456.915222	402.729387	471.254333	2338.037872
  40.600	   0.732	       468.373	        82.854	    30.905	   492.061	     0.293	   105.673	     0.090	     0.020	465.666906	403.036304	470.489678	2339.167218
  40.800	   0.732	       467.516	        82.163	    32.154	   492.159	     5.107	   105.752	     0.093	     0.357	468.912758	400.027918	469.379838	2339.616430
  41.000	   0.732	       467.565	        81.840	    32.916	   492.343	     8.119	   105.762	     0.095	     0.567	472.851298	399.073387	468.755585	2339.333433
  41.200	   0.732	       464.412	        77.964	    33.961	   492.608	    12.331	   105.749	     0.098	     0.859	477.388799	397.270109	466.383432	2334.954576
  41.400	   0.732	       460.658	        73.301	    35.040	   492.981	    16.674	   105.737	     0.101	     1.159	480.207897	392.628860	462.104220	2331.113462
  41.600	   0.732	       457.504	        69.330	    35.399	   493.435	    18.060	   105.733	     0.102	     1.252	481.099633	389.185194	458.452980	2327.816255
  41.800	   0.732	       455.611	        66.699	    35.440	   493.903	    18.145	   105.733	     0.102	     1.254	479.965890	385.941292	455.663150	2325.662516
  42.000	   0.732	       454.878	        65.404	    35.047	   494.344	    16.442	   105.738	     0.101	     1.133	478.772412	384.333643	454.176654	2324.327537
  42.200	   0.732	       454.032	        64.040	    34.714	   494.744	    14.992	   105.742	     0.100	     1.031	478.630541	383.947235	454.080007	2322.493318
  42.400	   0.732	       455.562	        65.110	    34.369	   495.107	    13.496	   105.746	     0.099	     0.926	479.566057	384.580386	455.419515	2323.132569
  42.600	   0.732	       456.118	        65.296	    33.925	   495.432	    11.592	   105.752	     0.098	     0.794	481.241450	385.582621	455.553028	2323.986486
  42.800	   0.732	       456.517	        65.483	    33.238	   495.702	     8.689	   105.761	     0.096	     0.594	479.955663	385.275646	456.121205	2324.238150
  43.000	   0.732	       457.993	        66.810	    32.594	   495.899	     5.992	   105.764	     0.094	     0.409	481.734468	387.795555	458.037990	2324.978639
  43.200	   0.732	       459.576	        68.110	    32.523	   496.066	     5.673	   105.759	     0.094	     0.387	485.987622	389.583250	459.158548	2325.788096
  43.400	   0.732	       460.794	        69.062	    32.519	   496.232	     5.621	   105.758	     0.094	     0.383	489.385593	390.355169	460.709319	2327.457498
  43.600	   0.732	       462.551	        70.494	    32.133	   496.374	     4.070	   105.733	     0.092	     0.277	491.268607	391.317007	461.630192	2328.849801
  43.800	   0.732	       463.268	        70.946	    31.734	   496.476	     2.477	   105.708	     0.091	     0.168	492.599423	392.094897	462.659480	2328.778729
  44.000	   0.732	       463.114	        70.676	    31.760	   496.552	     2.560	   105.709	     0.091	     0.174	497.363401	393.427208	463.306679	2328.482355
  44.200	   0.732	       461.649	        69.068	    31.704	   496.632	     2.320	   105.705	     0.091	     0.158	499.546365	392.325921	462.116168	2327.387779
  44.400	   0.732	       461.799	        69.061	    31.578	   496.710	     1.805	   105.697	     0.091	     0.123	500.931244	391.258211	461.777983	2327.233240
  44.600	   0.732	       462.457	        69.527	    31.155	   496.761	     0.124	   105.670	     0.089	     0.008	501.072550	390.785076	460.806490	2327.687799
  44.800	   0.732	       460.750	        67.676	    30.653	   496.768	    -1.862	   105.639	     0.088	    -0.126	498.992185	389.190658	459.504249	2325.737589
  45.000	   0.732	       460.398	        67.259	    30.182	   496.730	    -3.710	   105.610	     0.087	    -0.251	499.511830	390.185792	460.393284	2325.464792
  45.200	   0.732	       460.123	        67.004	    29.734	   496.641	    -5.459	   105.582	     0.085	    -0.370	498.988251	389.798504	459.760280	2324.339931
  45.400	   0.732	       458.927	        65.880	    29.282	   496.518	    -7.212	   105.554	     0.084	    -0.489	495.891773	386.843594	458.255013	2323.662266
  45.600	   0.732	       460.269	        66.937	    28.427	   496.340	   -10.375	   105.456	     0.082	    -0.703	494.548428	388.235682	458.880342	2324.693196
  45.800	   0.732	       459.792	        66.288	    27.597	   496.082	   -13.404	   105.359	     0.079	    -0.908	491.943899	388.548918	458.905469	2323.856728
  46.000	   0.732	       460.451	        67.106	    27.106	   495.768	   -15.151	   105.302	     0.078	    -1.027	491.606691	389.426186	459.821406	2324.702270
  46.200	   0.732	       461.565	        68.435	    26.593	   495.407	   -16.964	   105.242	     0.076	    -1.151	491.561668	390.304498	460.399905	2325.428706
  46.400	   0.732	       461.110	        68.197	    25.982	   495.002	   -19.125	   105.172	     0.075	    -1.299	489.202543	389.899118	460.310821	2325.492806
  46.600	   0.732	       462.904	        70.284	    25.403	   494.546	   -21.067	   105.101	     0.073	    -1.433	489.751382	392.102286	462.714288	2327.548374
  46.800	   0.732	       462.340	        70.211	    25.056	   494.057	   -22.072	   105.056	     0.072	    -1.505	488.927332	391.054503	461.407894	2327.260893
  47.000	   0.732	       461.370	        69.720	    24.642	   493.540	   -23.287	   105.002	     0.071	    -1.591	487.524493	389.985886	460.775987	2326.785738
  47.200	   0.732	       462.538	        71.520	    24.362	   493.000	   -24.049	   104.966	     0.070	    -1.647	490.027428	391.766133	461.745191	2328.699633
  47.400	   0.732	       461.222	        70.892	    24.118	   492.445	   -24.682	   104.936	     0.069	    -1.695	488.791661	389.814886	460.094689	2328.245306
  47.600	   0.732	       461.304	        71.632	    23.809	   491.873	   -25.522	   104.896	     0.069	    -1.758	490.378012	391.008925	461.046894	2328.766416
  47.800	   0.732	       462.245	        73.268	    23.513	   491.284	   -26.309	   104.859	     0.068	    -1.817	490.186567	390.694567	461.197523	2329.445242
  48.000	   0.732	       459.662	        71.565	    23.392	   490.677	   -26.513	   104.846	     0.067	    -1.838	489.407691	388.232922	459.316190	2328.134468
  48.200	   0.732	       459.202	        71.822	    23.074	   490.061	   -27.359	   104.805	     0.067	    -1.902	490.311438	388.310228	458.528729	2328.789052
  48.400	   0.732	       457.398	        70.694	    22.676	   489.426	   -28.456	   104.753	     0.066	    -1.984	488.256304	386.806799	456.777563	2327.934211
  48.600	   0.732	       456.427	        70.554	    22.396	   488.760	   -29.154	   104.718	     0.065	    -2.039	487.002352	385.735505	456.107685	2327.112301
  48.800	   0.732	       456.708	        71.644	    22.070	   488.080	   -29.994	   104.677	     0.064	    -2.105	486.836680	385.394509	455.444150	2327.977948
  49.000	   0.732	       454.925	        70.755	    21.801	   487.379	   -30.636	   104.643	     0.063	    -2.158	485.665426	383.579119	453.873741	2327.712643
  49.200	   0.732	       455.252	        71.877	    21.426	   486.656	   -31.583	   104.589	     0.062	    -2.233	485.179941	383.774477	454.271885	2328.535969
  49.400	   0.732	       455.112	        72.597	    21.138	   485.914	   -32.208	   104.543	     0.061	    -2.285	485.790706	384.060731	454.084645	2328.589869
  49.600	   0.732	       452.554	        70.779	    20.736	   485.161	   -33.169	   104.475	     0.060	    -2.361	483.550825	382.187904	452.255013	2327.885532
  49.800	   0.732	       452.251	        71.386	    20.435	   484.377	   -33.813	   104.425	     0.059	    -2.417	482.695160	381.498529	451.591090	2328.435982
  50.000	   0.732	       451.490	        71.677	    20.229	   483.577	   -34.159	   104.394	     0.059	    -2.452	482.776206	380.861039	450.961979	2328.378189
  50.200	   0.732	       451.009	        72.204	    19.985	   482.773	   -34.619	   104.355	     0.058	    -2.496	483.285059	380.884829	450.393856	2328.205481
  50.400	   0.732	       451.309	        73.566	    19.771	   481.957	   -34.980	   104.322	     0.058	    -2.533	482.307303	379.832201	450.329651	2329.761752
  50.600	   0.732	       449.915	        73.269	    19.578	   481.134	   -35.275	   104.292	     0.057	    -2.566	482.348228	379.579736	450.043956	2329.296853
  50.800	   0.732	       448.894	        73.386	    19.420	   480.310	   -35.462	   104.269	     0.057	    -2.592	483.644307	379.214391	448.613256	2329.639874
  51.000	   0.732	       447.953	        73.612	    19.271	   479.475	   -35.617	   104.248	     0.057	    -2.615	483.195801	377.472843	447.861803	2329.930154
  51.200	   0.732	       446.175	        73.016	    19.130	   478.635	   -35.746	   104.228	     0.056	    -2.638	481.783682	375.653952	446.580554	2329.170932
  51.400	   0.732	       446.321	        74.326	    18.962	   477.785	   -35.948	   104.203	     0.056	    -2.666	482.411898	375.080539	444.934750	2329.850938
  51.600	   0.732	       444.031	        73.188	    18.783	   476.933	   -36.181	   104.177	     0.055	    -2.696	482.188020	374.097669	443.775025	2329.551582
  51.800	   0.732	       442.504	        72.910	    18.681	   476.075	   -36.187	   104.164	     0.055	    -2.710	480.862174	371.912759	441.769035	2328.858672
  52.000	   0.732	       441.954	        73.541	    18.504	   475.205	   -36.403	   104.137	     0.055	    -2.740	481.663074	371.304743	441.736725	2329.004097
  52.200	   0.732	       439.168	        71.908	    18.307	   474.335	   -36.676	   104.107	     0.054	    -2.774	481.798172	369.691312	439.755610	2328.405768
  52.400	   0.732	       438.338	        72.201	    18.063	   473.447	   -37.075	   104.068	     0.054	    -2.818	478.992217	366.712001	437.464283	2328.707939
  52.600	   0.732	       437.784	        72.757	    17.801	   472.553	   -37.521	   104.025	     0.053	    -2.866	480.424060	367.029485	437.268716	2328.815787
  52.800	   0.732	       436.598	        72.742	    17.585	   471.653	   -37.830	   103.991	     0.052	    -2.904	481.690532	367.418528	436.073636	2328.858711
  53.000	   0.732	       436.122	        73.599	    17.498	   470.748	   -37.764	   103.981	     0.052	    -2.915	480.933577	365.147015	435.285361	2329.450151
  53.200	   0.732	       434.743	        73.405	    17.278	   469.833	   -38.076	   103.946	     0.052	    -2.955	481.257645	364.760851	434.616779	2328.931033
  53.400	   0.732	       433.277	        73.086	    17.053	   468.909	   -38.403	   103.903	     0.051	    -2.995	481.160017	363.590729	432.576805	2328.752057
  53.600	   0.732	       431.655	        72.801	    16.955	   467.975	   -38.358	   103.889	     0.051	    -3.009	480.867345	361.499205	432.288121	2328.905373
  53.800	   0.732	       430.464	        72.868	    16.799	   467.034	   -38.480	   103.860	     0.050	    -3.035	481.098558	360.729535	431.222729	2328.364044
  54.000	   0.732	       430.325	        73.814	    16.523	   466.089	   -38.938	   103.803	     0.050	    -3.086	481.901376	360.621778	429.677179	2329.017543
  54.200	   0.732	       428.838	        73.618	    16.387	   465.143	   -38.997	   103.779	     0.049	    -3.108	481.927362	359.655227	428.910509	2329.944976
  54.400	   0.732	       428.324	        74.594	    16.377	   464.190	   -38.689	   103.785	     0.049	    -3.103	481.955828	358.181044	428.175835	2329.454166
  54.600	   0.732	       426.875	        74.273	    16.126	   463.237	   -39.067	   103.734	     0.049	    -3.150	481.126750	356.897096	426.701217	2328.792279
  54.800	   0.732	       424.367	        73.174	    16.062	   462.280	   -38.913	   103.727	     0.049	    -3.157	481.391483	355.258984	425.142377	2329.001737
  55.000	   0.732	       422.202	        72.425	    15.997	   461.317	   -38.758	   103.719	     0.049	    -3.163	479.032588	351.050029	421.837898	2328.228636
  55.200	   0.732	       420.544	        71.615	    15.542	   460.344	   -39.697	   103.620	     0.047	    -3.254	479.500015	350.668662	420.903152	2327.333018
  55.400	   0.732	       420.385	        72.526	    15.232	   459.365	   -40.220	   103.554	     0.046	    -3.314	480.096670	350.532411	420.600420	2328.579666
  55.600	   0.732	       419.149	        72.841	    15.242	   458.382	   -39.842	   103.564	     0.046	    -3.305	478.164009	347.129489	418.698763	2328.134951
  55.800	   0.732	       418.586	        73.452	    14.988	   457.388	   -40.197	   103.512	     0.046	    -3.353	480.330112	347.971437	417.667558	2327.868559
  56.000	   0.732	       417.640	        73.678	    14.719	   456.379	   -40.584	   103.456	     0.045	    -3.404	481.145828	348.016093	416.718390	2329.065658
  56.200	   0.732	       414.509	        72.077	    14.686	   455.362	   -40.315	   103.456	     0.045	    -3.404	479.360242	344.011901	415.443494	2328.012336
  56.400	   0.732	       413.867	        72.546	    14.360	   454.335	   -40.846	   103.386	     0.044	    -3.467	481.876176	343.854730	414.336146	2327.121852
  56.600	   0.732	       411.836	        71.249	    13.770	   453.298	   -42.093	   103.253	     0.042	    -3.589	482.197008	342.327740	411.765287	2327.100058
  56.800	   0.732	       409.602	        70.235	    13.491	   452.243	   -42.474	   103.194	     0.042	    -3.642	480.826691	338.484718	409.866970	2326.890361
  57.000	   0.732	       410.503	        72.396	    13.224	   451.170	   -42.812	   103.138	     0.041	    -3.694	482.448704	337.698312	409.171349	2326.225894
  57.200	   0.732	       408.730	        71.757	    12.792	   450.077	   -43.705	   103.056	     0.040	    -3.792	486.093467	339.392797	407.481958	2325.987300
  57.400	   0.732	       406.607	        71.130	    12.628	   448.971	   -43.795	   103.030	     0.039	    -3.826	484.979345	337.509998	406.025263	2327.457099
  57.600	   0.732	       405.837	        72.000	    12.556	   447.841	   -43.587	   103.023	     0.039	    -3.836	484.555725	334.461935	404.899877	2327.473887
  57.800	   0.732	       404.138	        71.180	    11.817	   446.689	   -45.417	   102.885	     0.037	    -4.018	486.726550	334.814709	404.138356	2326.769079
  58.000	   0.732	       403.183	        71.553	    11.424	   445.510	   -46.163	   102.814	     0.036	    -4.110	484.609498	332.410074	403.587747	2327.923987
  58.200	   0.732	       401.963	        72.088	    11.383	   444.320	   -45.827	   102.812	     0.036	    -4.113	481.862276	327.872348	401.781915	2327.199857
  58.400	   0.732	       400.466	        71.779	    10.863	   443.129	   -46.941	   102.716	     0.034	    -4.239	486.240838	329.604121	398.212033	2325.829613
  58.600	   0.732	       398.495	        71.281	    10.561	   441.918	   -47.379	   102.662	     0.033	    -4.310	485.373789	328.997013	397.271117	2327.720350
  58.800	   0.732	       396.889	        71.689	    10.713	   440.700	   -46.445	   102.698	     0.034	    -4.263	482.889503	326.295373	397.300482	2326.920612
  59.000	   0.732	       396.006	        72.176	    10.306	   439.470	   -47.183	   102.623	     0.032	    -4.361	484.645413	326.439852	395.403835	2325.845079
  59.200	   0.732	       394.360	        71.858	     9.854	   438.228	   -48.040	   102.540	     0.031	    -4.470	481.099970	324.476974	394.952795	2328.196820
  59.400	   0.732	       392.912	        72.296	     9.871	   436.982	   -47.497	   102.549	     0.031	    -4.459	475.732012	319.686968	393.980939	2328.511294
  59.600	   0.732	       393.236	        74.072	     9.520	   435.732	   -48.041	   102.485	     0.030	    -4.543	475.728821	319.290927	392.307520	2326.648045
  59.800	   0.732	       390.839	        73.061	     9.038	   434.476	   -49.241	   102.407	     0.029	    -4.690	477.441967	321.269627	390.369401	2328.135055
  60.000	   0.732	       387.274	        71.597	     9.262	   433.202	   -47.894	   102.448	     0.030	    -4.605	472.709026	317.186069	386.348229	2328.040651
