    时间	    开度值	      蜗壳压力	      尾水管压力	    流量	      转速	      出力	  单位转速	  单位流量	  单位力矩	球阀前压力	球阀后压力	蜗壳进口压力	尾水管出口压力
   0.000	   0.732	       513.722	        52.228	    74.634	   428.600	   306.160	    84.775	     0.199	    20.815	452.023297	451.516968	513.721800	2324.567598
   0.200	   0.732	       524.387	        51.978	    74.450	   436.926	   307.183	    86.052	     0.198	    20.312	453.930881	453.930881	523.808035	2324.498938
   0.400	   0.727	       528.157	        50.530	    74.080	   445.140	   308.140	    87.155	     0.196	    19.765	457.695739	457.695739	527.506217	2323.392779
   0.600	   0.723	       531.532	        49.642	    73.631	   453.214	   308.023	    88.307	     0.194	    19.219	461.023939	461.023939	530.836189	2321.856334
   0.800	   0.718	       534.362	        48.101	    73.214	   461.148	   308.049	    89.415	     0.192	    18.706	463.867405	463.867405	533.690075	2320.360594
   1.000	   0.714	       538.446	        48.330	    72.843	   468.947	   308.640	    90.539	     0.190	    18.273	467.409065	467.409065	537.280880	2320.166323
   1.200	   0.709	       542.070	        49.227	    72.362	   476.621	   307.853	    91.736	     0.188	    17.822	471.442007	471.442007	541.376644	2320.930931
   1.400	   0.705	       546.987	        50.804	    71.945	   484.170	   307.770	    92.845	     0.186	    17.410	476.272345	476.272345	545.990622	2322.330296
   1.600	   0.701	       550.655	        52.132	    71.405	   491.579	   306.002	    94.013	     0.184	    16.958	479.922426	479.922426	549.850330	2322.966455
   1.800	   0.696	       554.416	        51.741	    70.957	   498.846	   304.891	    94.975	     0.182	    16.501	484.488647	484.488647	554.345007	2323.462241
   2.000	   0.692	       557.578	        51.017	    70.340	   505.953	   301.536	    95.918	     0.180	    15.954	486.414759	486.414759	556.421680	2321.920456
   2.200	   0.687	       559.986	        48.944	    69.700	   512.877	   297.537	    96.762	     0.177	    15.380	489.071530	489.071530	559.024348	2319.526183
   2.400	   0.683	       564.715	        47.553	    69.001	   519.615	   292.625	    97.403	     0.175	    14.739	493.207952	493.207952	563.426026	2318.042403
   2.600	   0.679	       567.190	        44.312	    68.153	   526.153	   285.600	    98.037	     0.171	    14.036	494.071354	494.071354	565.541309	2316.348613
   2.800	   0.674	       574.238	        44.829	    66.877	   532.368	   273.248	    98.511	     0.167	    13.090	501.500863	501.500863	572.241605	2314.855303
   3.000	   0.670	       579.966	        43.668	    65.288	   538.207	   257.187	    98.869	     0.162	    12.011	506.386506	506.386506	577.541433	2313.284752
   3.200	   0.665	       585.457	        42.116	    63.665	   543.627	   240.857	    99.136	     0.157	    10.974	511.924928	511.924928	582.878790	2310.837835
   3.400	   0.661	       590.131	        41.045	    61.988	   548.648	   224.267	    99.452	     0.152	    10.004	514.830362	514.830362	584.397919	2309.778098
   3.600	   0.656	       596.880	        42.675	    60.547	   553.293	   210.454	    99.768	     0.147	     9.211	522.452121	522.452121	593.706933	2309.597959
   3.800	   0.652	       601.951	        44.211	    58.950	   557.596	   195.596	   100.162	     0.143	     8.431	529.017447	529.017447	599.701663	2311.271610
   4.000	   0.648	       608.428	        47.524	    57.419	   561.565	   181.783	   100.532	     0.139	     7.727	535.064342	535.064342	605.802650	2313.935145
   4.200	   0.643	       613.939	        50.384	    55.913	   565.212	   168.217	   100.893	     0.135	     7.063	540.624479	540.624479	611.417536	2316.039736
   4.400	   0.639	       617.462	        50.917	    54.545	   568.583	   156.916	   101.178	     0.131	     6.509	545.135735	545.135735	615.292927	2316.201625
   4.600	   0.634	       620.239	        50.793	    53.242	   571.712	   146.146	   101.430	     0.127	     5.993	547.198363	547.198363	617.999239	2315.322323
   4.800	   0.630	       622.220	        49.550	    52.020	   574.617	   136.474	   101.617	     0.124	     5.532	549.673692	549.673692	620.104691	2313.749830
   5.000	   0.626	       623.642	        48.426	    50.701	   577.300	   125.820	   101.823	     0.121	     5.050	551.002230	551.002230	621.005846	2312.212410
   5.200	   0.621	       624.709	        46.791	    49.265	   579.763	   115.163	   101.974	     0.117	     4.577	551.943744	551.943744	623.104352	2311.664571
   5.400	   0.617	       626.774	        47.320	    47.559	   581.968	   102.124	   102.177	     0.113	     4.029	552.605110	552.605110	623.979605	2310.753917
   5.600	   0.612	       626.950	        46.066	    45.563	   583.889	    88.019	   102.334	     0.108	     3.449	552.381097	552.381097	623.754644	2308.828086
   5.800	   0.608	       627.003	        45.132	    43.598	   585.521	    74.152	   102.482	     0.103	     2.890	551.765721	551.765721	623.549514	2307.399917
   6.000	   0.603	       626.452	        43.284	    41.470	   586.877	    60.210	   102.553	     0.098	     2.333	552.080915	552.080915	623.606968	2305.326510
   6.200	   0.599	       627.887	        43.526	    39.562	   587.967	    47.894	   102.594	     0.093	     1.847	553.172305	553.172305	624.991749	2304.502476
   6.400	   0.595	       630.699	        44.805	    37.402	   588.797	    34.892	   102.556	     0.088	     1.339	555.878728	555.878728	627.439078	2305.824838
   6.600	   0.590	       632.936	        45.636	    35.243	   589.369	    22.198	   102.488	     0.083	     0.848	558.195814	558.195814	629.624743	2306.111037
   6.800	   0.586	       636.551	        47.800	    33.034	   589.695	     9.735	   102.375	     0.077	     0.371	561.654751	561.654751	633.060682	2307.522763
   7.000	   0.581	       640.049	        49.558	    31.129	   589.819	    -0.146	   102.211	     0.073	    -0.006	563.993054	563.993054	635.569001	2307.928876
   7.200	   0.577	       640.902	        48.915	    29.267	   589.747	    -9.554	   102.038	     0.068	    -0.361	566.803754	566.803754	638.042761	2307.506290
   7.400	   0.573	       643.746	        50.114	    27.528	   589.498	   -18.133	   101.826	     0.064	    -0.684	569.909030	569.909030	640.949569	2308.576876
   7.600	   0.568	       645.927	        50.442	    25.624	   589.070	   -27.756	   101.565	     0.060	    -1.043	570.415244	570.415244	641.899061	2308.269250
   7.800	   0.564	       645.817	        48.572	    23.661	   588.447	   -38.202	   101.281	     0.055	    -1.432	572.182246	572.182246	643.055373	2307.285897
   8.000	   0.559	       648.014	        48.904	    21.597	   587.601	   -50.270	   100.953	     0.050	    -1.881	573.068773	573.068773	644.454296	2306.545684
   8.200	   0.555	       646.425	        45.311	    19.341	   586.484	   -64.575	   100.567	     0.045	    -2.411	571.223100	571.223100	642.681857	2302.716010
   8.400	   0.550	       646.591	        43.762	    17.030	   585.067	   -79.365	   100.159	     0.039	    -2.961	571.453266	571.453266	642.788180	2300.661873
   8.600	   0.546	       647.007	        41.866	    14.493	   583.362	   -92.499	    99.655	     0.033	    -3.447	571.675412	571.675412	643.968375	2299.048279
   8.800	   0.542	       647.354	        39.836	    11.914	   581.415	  -103.811	    99.110	     0.027	    -3.864	571.919062	571.919062	644.216910	2297.269896
   9.000	   0.537	       651.119	        40.519	     8.878	   579.218	  -116.584	    98.470	     0.020	    -4.333	574.756081	574.756081	646.668424	2297.528611
   9.200	   0.533	       651.295	        38.955	     5.839	   576.731	  -131.577	    97.896	     0.013	    -4.896	572.894804	572.894804	645.261551	2295.882204
   9.400	   0.528	       652.675	        38.644	     2.818	   573.912	  -148.115	    97.277	     0.006	    -5.523	577.565288	577.565288	649.738741	2295.399303
   9.600	   0.524	       654.772	        39.358	     0.028	   570.717	  -165.295	    96.624	     0.000	    -6.183	577.966237	577.966237	650.404095	2295.265655
   9.800	   0.520	       654.811	        39.325	    -2.667	   567.139	  -182.268	    96.015	    -0.006	    -6.861	579.299585	579.299585	651.466435	2295.883830
  10.000	   0.515	       655.229	        43.277	    -5.066	   563.188	  -197.294	    95.625	    -0.012	    -7.522	579.371525	579.371525	651.240047	2299.454058
  10.200	   0.511	       651.988	        46.197	    -7.317	   558.881	  -212.782	    95.382	    -0.017	    -8.260	577.151887	577.151887	648.637040	2302.600526
  10.400	   0.506	       647.096	        50.354	    -9.151	   554.225	  -226.032	    95.310	    -0.021	    -8.983	573.217683	573.217683	643.863084	2306.159911
  10.600	   0.502	       639.820	        55.216	   -10.500	   549.270	  -237.407	    95.441	    -0.025	    -9.720	566.710468	566.710468	637.391883	2310.495903
  10.800	   0.498	       629.017	        56.906	   -11.438	   544.083	  -243.496	    95.572	    -0.027	   -10.285	556.796496	556.796496	627.432801	2311.885139
  11.000	   0.493	       619.374	        60.503	   -12.030	   538.747	  -245.584	    95.754	    -0.029	   -10.725	548.463586	548.463586	618.864199	2315.629594
  11.200	   0.489	       607.663	        61.552	   -12.473	   533.349	  -245.488	    95.900	    -0.030	   -11.084	537.891500	537.891500	607.581458	2316.937749
  11.400	   0.484	       596.654	        61.827	   -12.578	   527.956	  -240.991	    95.928	    -0.031	   -11.224	527.015197	527.015197	597.168725	2317.496148
  11.600	   0.480	       587.720	        63.924	   -12.667	   522.600	  -236.366	    95.951	    -0.031	   -11.356	517.333077	517.333077	587.134613	2318.277241
  11.800	   0.475	       577.461	        62.882	   -12.423	   517.346	  -227.808	    95.832	    -0.031	   -11.254	507.594398	507.594398	577.396258	2317.803421
  12.000	   0.471	       571.959	        65.275	   -11.969	   512.240	  -217.105	    95.620	    -0.030	   -11.000	503.351731	503.351731	573.332744	2319.844501
  12.200	   0.467	       565.660	        66.404	   -11.365	   507.339	  -205.582	    95.404	    -0.029	   -10.673	497.308295	497.308295	567.287230	2321.683268
  12.400	   0.462	       562.788	        69.603	   -10.571	   502.692	  -192.378	    95.105	    -0.027	   -10.203	495.734198	495.734198	565.199233	2323.629885
  12.600	   0.458	       561.187	        73.148	    -9.490	   498.366	  -177.037	    94.776	    -0.024	    -9.569	493.828829	493.828829	562.634988	2327.627206
  12.800	   0.453	       559.311	        75.370	    -7.977	   494.389	  -158.200	    94.409	    -0.021	    -8.691	493.636758	493.636758	562.834287	2329.459155
  13.000	   0.449	       557.374	        78.475	    -6.296	   490.822	  -140.178	    94.212	    -0.016	    -7.838	491.031144	491.031144	559.836775	2331.649988
  13.200	   0.445	       553.943	        80.630	    -4.365	   487.673	  -122.557	    94.153	    -0.011	    -6.977	487.740047	487.740047	556.498887	2333.316526
  13.400	   0.440	       547.362	        80.450	    -2.262	   484.918	  -106.222	    94.256	    -0.006	    -6.164	481.147727	481.147727	549.998478	2333.973871
  13.600	   0.436	       540.630	        80.893	    -0.136	   482.543	   -92.219	    94.522	    -0.000	    -5.462	475.892471	475.892471	544.461260	2334.139298
  13.800	   0.431	       533.211	        79.853	     1.771	   480.478	   -79.853	    94.778	     0.005	    -4.817	467.822688	467.822688	536.566134	2332.220948
  14.000	   0.427	       524.095	        76.334	     3.379	   478.675	   -71.039	    95.013	     0.009	    -4.355	457.201215	457.201215	525.827689	2329.334032
  14.200	   0.422	       513.717	        70.354	     4.435	   477.026	   -65.970	    95.157	     0.012	    -4.099	446.346876	446.346876	515.529945	2324.148201
  14.400	   0.418	       503.703	        63.510	     5.109	   475.475	   -62.392	    95.191	     0.014	    -3.917	435.056554	435.056554	504.722734	2317.719415
  14.600	   0.414	       496.147	        57.933	     5.255	   473.979	   -60.788	    95.106	     0.014	    -3.846	426.069331	426.069331	495.716698	2311.985992
  14.800	   0.409	       488.589	        51.700	     5.086	   472.509	   -60.302	    94.954	     0.014	    -3.839	418.643937	418.643937	489.154563	2307.408728
  15.000	   0.405	       487.010	        50.690	     4.518	   471.031	   -61.417	    94.717	     0.012	    -3.927	415.975534	415.975534	486.192925	2305.952876
  15.200	   0.400	       486.580	        50.273	     3.616	   469.502	   -63.990	    94.408	     0.010	    -4.105	414.800260	414.800260	485.091497	2305.313765
  15.400	   0.396	       487.366	        51.459	     2.866	   467.896	   -66.566	    94.127	     0.008	    -4.288	415.591936	415.591936	486.583249	2306.856791
  15.600	   0.392	       489.212	        54.037	     2.201	   466.212	   -68.852	    93.866	     0.006	    -4.459	418.186167	418.186167	488.106146	2309.564993
  15.800	   0.387	       490.503	        57.192	     2.100	   464.506	   -68.474	    93.723	     0.006	    -4.470	420.345038	420.345038	490.891434	2312.513735
  16.000	   0.383	       493.321	        62.257	     2.222	   462.818	   -66.997	    93.626	     0.006	    -4.412	423.797984	423.797984	493.575104	2317.257454
  16.200	   0.378	       494.322	        66.116	     2.736	   461.181	   -63.544	    93.607	     0.007	    -4.228	425.747667	425.747667	495.036106	2321.028787
  16.400	   0.374	       494.296	        68.740	     3.244	   459.628	   -60.053	    93.582	     0.009	    -4.034	424.783281	424.783281	495.250493	2322.620379
  16.600	   0.369	       490.743	        67.756	     3.732	   458.154	   -56.548	    93.566	     0.010	    -3.834	420.894311	420.894311	490.207862	2322.312378
  16.800	   0.365	       483.543	        62.773	     4.081	   456.760	   -53.747	    93.528	     0.011	    -3.675	412.737619	412.737619	482.430651	2317.989909
  17.000	   0.361	       475.835	        56.885	     4.295	   455.426	   -51.675	    93.458	     0.012	    -3.559	404.657244	404.657244	475.081598	2312.841060
  17.200	   0.356	       470.389	        51.903	     3.854	   454.094	   -53.045	    93.235	     0.011	    -3.668	397.260563	397.260563	468.011100	2307.088545
  17.400	   0.352	       463.526	        44.144	     2.695	   452.680	   -58.385	    92.843	     0.007	    -4.041	389.546709	389.546709	460.851002	2300.772232
  17.600	   0.347	       460.822	        39.829	     0.894	   451.077	   -67.039	    92.334	     0.002	    -4.638	385.533729	385.533729	456.380095	2296.172424
  17.800	   0.343	       456.295	        34.555	    -1.300	   449.237	   -76.287	    91.877	    -0.004	    -5.290	380.027572	380.027572	451.717153	2291.081102
  18.000	   0.339	       452.780	        32.116	    -3.497	   447.119	   -86.783	    91.564	    -0.010	    -6.063	376.660996	376.660996	448.132440	2288.873458
  18.200	   0.334	       452.647	        35.309	    -5.439	   444.688	   -97.739	    91.434	    -0.015	    -6.921	380.001649	380.001649	450.583904	2292.331014
  18.400	   0.330	       454.126	        42.491	    -6.697	   441.993	  -105.921	    91.513	    -0.019	    -7.652	382.381496	382.381496	453.520474	2298.304935
  18.600	   0.325	       459.741	        54.082	    -7.490	   439.107	  -110.405	    91.587	    -0.021	    -8.147	389.538235	389.538235	459.496082	2308.933633
  18.800	   0.321	       465.835	        65.130	    -7.612	   436.146	  -109.494	    91.531	    -0.022	    -8.235	395.985974	395.985974	466.205559	2319.543661
  19.000	   0.316	       468.698	        71.356	    -7.176	   433.239	  -104.120	    91.303	    -0.020	    -7.950	401.712663	401.712663	471.222007	2325.803813
  19.200	   0.312	       471.730	        76.478	    -5.873	   430.557	   -92.578	    90.971	    -0.017	    -7.150	404.949580	404.949580	473.478491	2329.776875
  19.400	   0.308	       470.753	        77.480	    -3.855	   428.231	   -77.365	    90.700	    -0.011	    -6.036	407.610732	407.610732	476.003608	2330.032093
  19.600	   0.303	       467.848	        78.448	    -1.137	   426.366	   -60.950	    90.748	    -0.003	    -4.823	406.094221	406.094221	473.376165	2331.561819
  19.800	   0.299	       467.242	        83.832	     1.877	   424.901	   -47.384	    91.141	     0.005	    -3.822	403.510375	403.510375	472.040641	2335.980732
  20.000	   0.294	       462.296	        84.687	     4.590	   423.744	   -36.051	    91.595	     0.013	    -2.961	398.473682	398.473682	466.447815	2337.102600
  20.200	   0.290	       458.855	        85.949	     7.007	   422.881	   -26.080	    91.994	     0.021	    -2.174	393.710478	393.710478	461.333765	2338.410153
  20.400	   0.286	       451.284	        82.218	     9.457	   422.308	   -16.320	    92.362	     0.028	    -1.377	386.350944	386.350944	454.846060	2335.746866
  20.600	   0.281	       441.848	        75.639	    12.011	   422.023	    -6.352	    92.682	     0.036	    -0.541	378.588809	378.588809	446.587385	2329.515182
  20.800	   0.277	       439.567	        75.798	    14.745	   422.022	     4.314	    93.022	     0.044	     0.370	376.293041	376.293041	443.652050	2328.027297
  21.000	   0.272	       437.767	        75.580	    17.770	   422.343	    16.841	    93.337	     0.053	     1.451	375.221862	375.221862	442.489300	2329.522437
  21.200	   0.268	       447.844	        78.236	    20.235	   423.004	    29.234	    92.574	     0.060	     2.465	383.278202	383.278202	450.847821	2333.037486
  21.400	   0.264	       463.291	        80.694	    22.036	   423.975	    40.478	    91.222	     0.064	     3.292	395.384904	395.384904	463.983959	2335.693616
  21.600	   0.259	       473.232	        76.863	    23.637	   425.248	    51.885	    89.912	     0.067	     4.063	408.119054	408.119054	476.691887	2332.201688
  21.800	   0.255	       485.792	        70.110	    25.348	   426.881	    66.234	    88.155	     0.071	     4.928	419.703871	419.703871	488.015997	2325.548583
  22.000	   0.250	       502.115	        62.482	    26.970	   428.923	    81.550	    86.145	     0.073	     5.712	435.964332	435.964332	504.993759	2318.969675
  22.200	   0.246	       520.713	        58.043	    28.270	   431.345	    95.232	    84.457	     0.075	     6.304	453.275643	453.275643	522.478487	2314.811806
  22.400	   0.241	       538.437	        57.067	    29.012	   434.073	   104.968	    83.327	     0.075	     6.637	469.466281	469.466281	539.096845	2314.582055
  22.600	   0.237	       551.473	        56.979	    29.117	   436.975	   108.792	    82.759	     0.074	     6.651	481.019361	481.019361	550.923330	2314.996217
  22.800	   0.233	       561.357	        56.788	    28.949	   439.914	   109.930	    82.472	     0.073	     6.542	490.651428	490.651428	560.871674	2314.225267
  23.000	   0.228	       564.843	        53.519	    28.555	   442.835	   108.664	    82.461	     0.072	     6.337	494.496813	494.496813	564.629814	2311.467167
  23.200	   0.224	       568.029	        49.754	    28.164	   445.711	   107.398	    82.429	     0.070	     6.138	496.678649	496.678649	567.251384	2307.791330
  23.400	   0.219	       572.171	        47.605	    27.700	   448.518	   105.398	    82.441	     0.069	     5.913	500.456442	500.456442	570.728194	2304.814531
  23.600	   0.215	       574.964	        46.268	    27.030	   451.241	   101.314	    82.606	     0.067	     5.604	502.567417	502.567417	573.018676	2304.055640
  23.800	   0.211	       575.386	        46.608	    26.001	   453.781	    93.592	    83.051	     0.064	     5.146	502.787699	502.787699	573.333290	2304.489048
  24.000	   0.206	       574.060	        46.909	    24.787	   456.080	    84.062	    83.585	     0.061	     4.611	501.220615	501.220615	572.034799	2304.697077
  24.200	   0.202	       576.009	        48.513	    23.703	   458.134	    75.913	    83.921	     0.059	     4.141	503.986575	503.986575	574.357276	2305.231422
  24.400	   0.197	       576.745	        47.897	    22.752	   459.998	    69.378	    84.143	     0.056	     3.759	504.867946	504.867946	575.398577	2305.083477
  24.600	   0.193	       578.925	        48.504	    21.867	   461.696	    63.691	    84.318	     0.054	     3.427	507.446374	507.446374	577.784551	2305.729073
  24.800	   0.188	       584.153	        51.214	    21.098	   463.257	    59.055	    84.394	     0.052	     3.151	511.930295	511.930295	582.066608	2307.458495
  25.000	   0.184	       587.659	        51.643	    20.407	   464.705	    55.086	    84.406	     0.050	     2.913	515.869405	515.869405	586.472716	2308.469738
  25.200	   0.180	       591.835	        53.388	    19.669	   466.041	    50.629	    84.450	     0.048	     2.657	520.396193	520.396193	590.795848	2309.889665
  25.400	   0.175	       596.207	        54.134	    19.089	   467.279	    47.484	    84.384	     0.047	     2.468	524.862166	524.862166	595.572544	2310.754855
  25.600	   0.171	       598.887	        53.500	    18.502	   468.428	    44.171	    84.328	     0.045	     2.276	527.390950	527.390950	598.212775	2309.581728
  25.800	   0.166	       600.680	        52.711	    17.855	   469.491	    40.277	    84.314	     0.043	     2.061	530.355758	530.355758	600.671959	2309.318561
  26.000	   0.162	       602.354	        51.923	    17.195	   470.457	    36.402	    84.292	     0.042	     1.850	531.101818	531.101818	601.313571	2308.194702
  26.200	   0.158	       603.930	        51.183	    16.535	   471.324	    32.530	    84.265	     0.040	     1.643	531.847904	531.847904	602.389743	2307.472637
  26.400	   0.153	       604.601	        51.462	    15.665	   472.068	    26.970	    84.361	     0.038	     1.359	532.346669	532.346669	602.886208	2307.356996
  26.600	   0.149	       601.852	        49.955	    14.626	   472.661	    20.115	    84.555	     0.035	     1.014	529.599178	529.599178	600.540340	2306.599571
  26.800	   0.144	       601.636	        50.621	    13.637	   473.084	    13.824	    84.691	     0.033	     0.698	529.023285	529.023285	599.748090	2306.282675
  27.000	   0.140	       600.308	        49.866	    12.639	   473.373	     7.689	    84.781	     0.031	     0.388	527.964354	527.964354	598.571992	2306.021820
  27.200	   0.135	       598.822	        49.433	    11.600	   473.509	     1.324	    84.880	     0.028	     0.067	526.704345	526.704345	597.094914	2305.447679
  27.400	   0.131	       599.056	        50.818	    10.602	   473.483	    -4.719	    84.959	     0.026	    -0.239	526.883417	526.883417	597.641700	2306.893106
  27.600	   0.127	       599.287	        51.937	     9.691	   473.321	   -10.112	    84.995	     0.023	    -0.513	526.302998	526.302998	596.974359	2307.247142
  27.800	   0.122	       599.098	        52.759	     8.792	   473.019	   -15.362	    85.015	     0.021	    -0.781	527.241728	527.241728	597.651301	2308.364575
  28.000	   0.118	       600.204	        54.469	     8.010	   472.605	   -19.769	    84.984	     0.019	    -1.007	529.252380	529.252380	599.466166	2310.278628
  28.200	   0.113	       600.714	        55.169	     7.366	   472.095	   -23.228	    84.905	     0.018	    -1.185	529.301632	529.301632	599.667330	2310.656926
  28.400	   0.109	       601.521	        56.231	     6.763	   471.499	   -26.399	    84.815	     0.016	    -1.349	530.387171	530.387171	600.368837	2311.441107
  28.600	   0.105	       601.659	        56.793	     6.182	   470.820	   -29.413	    84.724	     0.015	    -1.507	530.509621	530.509621	601.153099	2311.861254
  28.800	   0.100	       600.609	        56.037	     5.704	   470.081	   -31.768	    84.613	     0.014	    -1.631	529.270288	529.270288	599.705722	2311.500608
  29.000	   0.096	       605.797	        54.976	     4.881	   469.248	   -36.315	    83.980	     0.012	    -1.846	533.328380	533.328380	604.357621	2310.725900
  29.200	   0.091	       607.577	        51.461	     3.665	   468.275	   -43.232	    83.403	     0.009	    -2.181	534.723782	534.723782	605.820467	2307.420735
  29.400	   0.087	       610.914	        47.722	     2.210	   467.108	   -51.148	    82.669	     0.005	    -2.555	537.660483	537.660483	608.584857	2303.591199
  29.600	   0.082	       613.515	        43.647	     0.572	   465.727	   -60.046	    81.940	     0.001	    -2.973	539.533392	539.533392	610.875446	2299.611134
  29.800	   0.078	       616.817	        40.044	    -1.301	   464.099	   -70.575	    81.163	    -0.003	    -3.464	541.544686	541.544686	613.369830	2296.299022
  30.000	   0.074	       619.702	        39.706	    -3.381	   462.166	   -83.336	    80.602	    -0.008	    -4.085	545.266652	545.266652	616.783020	2296.092664
  30.200	   0.069	       615.453	        43.228	    -5.053	   459.877	   -96.618	    80.749	    -0.012	    -4.825	542.075903	542.075903	613.125227	2298.929995
  30.400	   0.065	       605.505	        51.062	    -5.888	   457.243	  -107.695	    81.566	    -0.014	    -5.583	534.649740	534.649740	604.845176	2306.377147
  30.600	   0.060	       603.174	        60.660	    -6.373	   454.365	  -114.280	    81.941	    -0.016	    -6.093	532.692808	532.692808	602.900594	2315.922227
  30.800	   0.056	       603.563	        67.207	    -6.971	   451.354	  -118.331	    81.866	    -0.017	    -6.424	531.897302	531.897302	602.343126	2322.389729
  31.000	   0.052	       599.825	        69.531	    -7.473	   448.239	  -120.439	    81.766	    -0.018	    -6.659	528.314170	528.314170	598.414486	2324.372125
  31.200	   0.047	       590.958	        65.731	    -7.504	   445.068	  -119.170	    81.578	    -0.019	    -6.700	521.551146	521.551146	591.378133	2320.369762
  31.400	   0.043	       585.397	        59.375	    -7.188	   441.958	  -115.002	    80.946	    -0.018	    -6.501	516.281758	516.281758	586.351729	2314.485424
  31.600	   0.038	       580.032	        57.400	    -6.865	   438.933	  -111.158	    80.651	    -0.017	    -6.368	510.896489	510.896489	580.624451	2311.984481
  31.800	   0.034	       574.057	        59.233	    -6.526	   435.994	  -107.446	    80.716	    -0.016	    -6.291	505.726851	505.726851	575.120852	2313.556108
  32.000	   0.030	       566.737	        65.706	    -5.956	   433.146	  -102.350	    81.283	    -0.015	    -6.198	497.719412	497.719412	567.488335	2320.231932
  32.200	   0.025	       560.183	        73.153	    -5.328	   430.441	   -95.943	    81.927	    -0.014	    -6.014	492.347169	492.347169	561.862177	2327.807000
  32.400	   0.021	       552.204	        77.589	    -4.608	   427.910	   -88.345	    82.502	    -0.012	    -5.716	483.909645	483.909645	553.314215	2331.923072
  32.600	   0.016	       548.407	        78.511	    -3.764	   425.593	   -79.275	    82.464	    -0.010	    -5.209	480.532025	480.532025	550.097102	2332.740651
  32.800	   0.012	       552.991	        74.115	    -2.759	   423.535	   -68.980	    81.290	    -0.007	    -4.469	485.636461	485.636461	554.848578	2328.193501
  33.000	   0.007	       559.149	        68.611	    -1.737	   421.759	   -58.566	    79.980	    -0.004	    -3.719	491.044609	491.044609	560.496548	2322.870421
  33.200	   0.003	       557.790	        66.062	    -0.726	   420.266	   -48.130	    79.600	    -0.002	    -3.060	490.156225	490.156225	559.138716	2320.009951
  33.400	   0.000	       564.109	        64.981	     0.000	   419.065	   -39.427	    78.892	     0.000	    -2.484	494.996049	494.996049	565.050303	2319.448721
  33.600	   0.000	       574.780	        65.081	     0.000	   417.960	   -39.116	    77.752	     0.000	    -2.412	504.538275	504.538275	574.185640	2319.815482
  33.800	   0.000	       578.837	        66.350	     0.000	   416.861	   -38.808	    77.351	     0.000	    -2.387	508.751844	508.751844	578.982166	2321.350743
  34.000	   0.000	       577.886	        66.129	     0.000	   415.768	   -38.503	    77.198	     0.000	    -2.378	508.333276	508.333276	577.884418	2320.420811
  34.200	   0.000	       574.139	        64.129	     0.000	   414.680	   -38.202	    77.100	     0.000	    -2.372	504.455772	504.455772	574.540543	2318.519390
  34.400	   0.000	       572.476	        63.610	     0.000	   413.598	   -37.904	    77.028	     0.000	    -2.368	502.277158	502.277158	572.341417	2318.390575
  34.600	   0.000	       570.446	        62.677	     0.000	   412.522	   -37.609	    76.879	     0.000	    -2.358	500.140934	500.140934	570.364640	2317.439271
  34.800	   0.000	       565.464	        63.101	     0.000	   411.452	   -37.317	    77.100	     0.000	    -2.372	495.568814	495.568814	565.700830	2318.128706
  35.000	   0.000	       558.925	        65.101	     0.000	   410.386	   -37.028	    77.516	     0.000	    -2.398	488.268356	488.268356	558.449315	2320.222711
  35.200	   0.000	       543.306	        66.548	     0.000	   409.327	   -36.742	    78.672	     0.000	    -2.470	473.623717	473.623717	543.769100	2321.278998
  35.400	   0.000	       534.482	        67.804	     0.000	   408.273	   -36.458	    79.368	     0.000	    -2.514	464.298121	464.298121	534.148182	2322.640311
  35.600	   0.000	       533.093	        67.736	     0.000	   407.224	   -36.178	    79.286	     0.000	    -2.508	462.780929	462.780929	532.949649	2322.491627
  35.800	   0.000	       529.722	        66.129	     0.000	   406.181	   -35.901	    79.234	     0.000	    -2.505	459.997449	459.997449	530.055299	2320.872005
  36.000	   0.000	       516.324	        65.250	     0.000	   405.143	   -35.626	    80.040	     0.000	    -2.556	446.965976	446.965976	516.687356	2320.050521
  36.200	   0.000	       520.429	        64.362	     0.000	   404.110	   -35.355	    79.548	     0.000	    -2.525	450.100052	450.100052	520.238091	2319.117123
  36.400	   0.000	       517.483	        64.760	     0.000	   403.083	   -35.086	    79.599	     0.000	    -2.528	448.043087	448.043087	517.689433	2319.585872
  36.600	   0.000	       527.303	        66.760	     0.000	   402.060	   -34.819	    78.685	     0.000	    -2.471	458.163257	458.163257	528.134462	2321.583881
  36.800	   0.000	       528.487	        68.008	     0.000	   401.043	   -34.556	    78.501	     0.000	    -2.459	457.867774	457.867774	527.763430	2322.847394
  37.000	   0.000	       527.399	        69.489	     0.000	   400.031	   -34.295	    78.529	     0.000	    -2.461	457.893091	457.893091	528.133933	2324.238497
  37.200	   0.000	       530.670	        69.483	     0.000	   399.025	   -34.037	    78.061	     0.000	    -2.431	460.502225	460.502225	530.273010	2324.230605
  37.400	   0.000	       531.312	        67.925	     0.000	   398.023	   -33.781	    77.680	     0.000	    -2.408	461.891377	461.891377	532.120170	2322.680124
  37.600	   0.000	       538.398	        67.151	     0.000	   397.026	   -33.528	    76.862	     0.000	    -2.357	468.096524	468.096524	538.154306	2321.880410
  37.800	   0.000	       534.020	        66.091	     0.000	   396.034	   -33.277	    76.857	     0.000	    -2.357	463.582134	463.582134	533.659404	2320.863564
  38.000	   0.000	       523.616	        66.397	     0.000	   395.047	   -33.029	    77.558	     0.000	    -2.400	453.590122	453.590122	523.512700	2321.214563
  38.200	   0.000	       518.756	        68.397	     0.000	   394.066	   -32.783	    77.975	     0.000	    -2.426	448.404145	448.404145	518.594471	2323.193678
  38.400	   0.000	       516.902	        69.663	     0.000	   393.088	   -32.540	    78.063	     0.000	    -2.432	447.002704	447.002704	517.162925	2324.458114
  38.600	   0.000	       516.132	        71.119	     0.000	   392.116	   -32.299	    78.029	     0.000	    -2.429	445.668812	445.668812	515.616433	2325.888021
  38.800	   0.000	       497.944	        71.259	     0.000	   391.149	   -32.061	    79.515	     0.000	    -2.523	428.897689	428.897689	498.574991	2326.007889
  39.000	   0.000	       502.376	        69.708	     0.000	   390.186	   -31.825	    78.778	     0.000	    -2.476	431.916558	431.916558	502.286220	2324.462328
  39.200	   0.000	       498.263	        68.845	     0.000	   389.228	   -31.591	    78.942	     0.000	    -2.487	428.645915	428.645915	498.411398	2323.627945
  39.400	   0.000	       502.046	        67.822	     0.000	   388.275	   -31.359	    78.254	     0.000	    -2.444	432.917218	432.917218	502.442281	2322.616904
  39.600	   0.000	       510.544	        68.036	     0.000	   387.326	   -31.130	    77.367	     0.000	    -2.388	440.120813	440.120813	510.580903	2322.840337
  39.800	   0.000	       511.053	        70.036	     0.000	   386.382	   -30.903	    77.301	     0.000	    -2.384	442.019142	442.019142	511.807840	2324.812406
  40.000	   0.000	       515.674	        71.297	     0.000	   385.443	   -30.678	    76.803	     0.000	    -2.354	445.422447	445.422447	515.599234	2326.103557
  40.200	   0.000	       525.593	        72.731	     0.000	   384.508	   -30.455	    75.947	     0.000	    -2.302	456.113133	456.113133	526.087407	2327.493600
  40.400	   0.000	       538.895	        72.972	     0.000	   383.578	   -30.235	    74.695	     0.000	    -2.226	468.418930	468.418930	538.346282	2327.734152
  40.600	   0.000	       543.524	        71.411	     0.000	   382.652	   -30.016	    73.980	     0.000	    -2.184	473.815670	473.815670	544.062959	2326.163396
  40.800	   0.000	       543.712	        70.536	     0.000	   381.731	   -29.800	    73.694	     0.000	    -2.167	473.663465	473.663465	543.590020	2325.302700
  41.000	   0.000	       546.197	        69.541	     0.000	   380.814	   -29.586	    73.277	     0.000	    -2.143	476.686637	476.686637	546.703461	2324.307619
  41.200	   0.000	       556.801	        69.661	     0.000	   379.901	   -29.374	    72.350	     0.000	    -2.089	486.306989	486.306989	556.200511	2324.424679
  41.400	   0.000	       552.672	        71.628	     0.000	   378.993	   -29.164	    72.537	     0.000	    -2.100	482.612917	482.612917	552.783837	2326.378119
  41.600	   0.000	       552.165	        72.839	     0.000	   378.089	   -28.955	    72.571	     0.000	    -2.102	482.675566	482.675566	552.467570	2327.657601
  41.800	   0.000	       548.220	        74.208	     0.000	   377.190	   -28.749	    72.706	     0.000	    -2.109	477.782725	477.782725	547.661357	2328.985155
  42.000	   0.000	       547.665	        74.534	     0.000	   376.294	   -28.545	    72.706	     0.000	    -2.109	478.178205	478.178205	548.321815	2329.295709
  42.200	   0.000	       544.776	        72.966	     0.000	   375.403	   -28.343	    72.621	     0.000	    -2.104	475.263371	475.263371	544.850164	2327.719393
  42.400	   0.000	       548.110	        72.086	     0.000	   374.516	   -28.142	    72.077	     0.000	    -2.073	478.349173	478.349173	548.619829	2326.854694
  42.600	   0.000	       548.899	        71.167	     0.000	   373.634	   -27.944	    71.825	     0.000	    -2.059	478.338404	478.338404	548.301542	2325.891590
  42.800	   0.000	       543.370	        71.120	     0.000	   372.755	   -27.747	    72.034	     0.000	    -2.070	474.166961	474.166961	544.133573	2325.897313
  43.000	   0.000	       550.431	        73.081	     0.000	   371.881	   -27.552	    71.530	     0.000	    -2.042	479.847090	479.847090	549.954328	2327.829328
  43.200	   0.000	       557.305	        74.275	     0.000	   371.011	   -27.359	    70.921	     0.000	    -2.007	487.206791	487.206791	557.409283	2329.093345
  43.400	   0.000	       558.656	        75.598	     0.000	   370.144	   -27.168	    70.709	     0.000	    -1.995	489.285352	489.285352	559.115082	2330.344789
  43.600	   0.000	       558.483	        75.981	     0.000	   369.282	   -26.979	    70.602	     0.000	    -1.989	488.852984	488.852984	558.876803	2330.741344
  43.800	   0.000	       561.647	        74.388	     0.000	   368.424	   -26.791	    70.115	     0.000	    -1.962	492.301032	492.301032	561.967970	2329.134955
  44.000	   0.000	       570.394	        73.478	     0.000	   367.570	   -26.605	    69.272	     0.000	    -1.915	500.023729	500.023729	570.167165	2328.246116
  44.200	   0.000	       565.388	        72.575	     0.000	   366.720	   -26.421	    69.413	     0.000	    -1.923	496.400879	496.400879	565.894229	2327.298642
  44.400	   0.000	       573.702	        72.417	     0.000	   365.873	   -26.239	    68.633	     0.000	    -1.880	502.714932	502.714932	573.109043	2327.197009
  44.600	   0.000	       566.961	        74.374	     0.000	   365.031	   -26.058	    69.091	     0.000	    -1.905	497.406865	497.406865	567.309676	2329.126556
  44.800	   0.000	       568.225	        75.573	     0.000	   364.192	   -25.879	    68.907	     0.000	    -1.895	498.702817	498.702817	568.408021	2330.381096
  45.000	   0.000	       566.833	        76.819	     0.000	   363.358	   -25.701	    68.967	     0.000	    -1.898	496.344309	496.344309	566.605111	2331.573153
  45.200	   0.000	       563.787	        77.295	     0.000	   362.527	   -25.525	    69.018	     0.000	    -1.901	494.639729	494.639729	564.670480	2332.017595
  45.400	   0.000	       566.638	        75.635	     0.000	   361.700	   -25.351	    68.548	     0.000	    -1.875	495.276092	495.276092	565.534736	2330.386987
  45.600	   0.000	       557.404	        74.685	     0.000	   360.876	   -25.178	    69.028	     0.000	    -1.901	487.799472	487.799472	557.799289	2329.460579
  45.800	   0.000	       558.965	        73.804	     0.000	   360.057	   -25.007	    68.684	     0.000	    -1.882	488.276464	488.276464	558.264101	2328.538057
  46.000	   0.000	       560.655	        73.575	     0.000	   359.241	   -24.837	    68.353	     0.000	    -1.864	490.680895	490.680895	561.065263	2328.339262
  46.200	   0.000	       558.186	        75.517	     0.000	   358.429	   -24.669	    68.543	     0.000	    -1.875	487.893529	487.893529	557.663283	2330.262909
  46.400	   0.000	       554.999	        76.710	     0.000	   357.620	   -24.503	    68.662	     0.000	    -1.881	485.670580	485.670580	555.621100	2331.511079
  46.600	   0.000	       557.669	        77.871	     0.000	   356.815	   -24.338	    68.447	     0.000	    -1.869	488.446996	488.446996	557.917548	2332.646948
  46.800	   0.000	       557.026	        78.395	     0.000	   356.014	   -24.174	    68.307	     0.000	    -1.862	487.057658	487.057658	557.149589	2333.111585
  47.000	   0.000	       557.628	        76.720	     0.000	   355.216	   -24.012	    68.086	     0.000	    -1.850	488.078682	488.078682	557.775092	2331.470806
  47.200	   0.000	       558.543	        75.721	     0.000	   354.422	   -23.851	    67.738	     0.000	    -1.831	488.663688	488.663688	558.523908	2330.504427
  47.400	   0.000	       560.492	        74.860	     0.000	   353.632	   -23.692	    67.410	     0.000	    -1.813	490.579822	490.579822	560.518852	2329.610870
  47.600	   0.000	       557.127	        74.598	     0.000	   352.845	   -23.534	    67.472	     0.000	    -1.817	487.029346	487.029346	557.362731	2329.336219
  47.800	   0.000	       560.660	        76.487	     0.000	   352.061	   -23.378	    67.209	     0.000	    -1.802	490.521719	490.521719	560.822642	2331.233758
  48.000	   0.000	       559.295	        77.690	     0.000	   351.281	   -23.223	    67.241	     0.000	    -1.804	489.691863	489.691863	559.357900	2332.478496
  48.200	   0.000	       558.669	        78.775	     0.000	   350.504	   -23.069	    67.185	     0.000	    -1.801	488.513045	488.513045	558.726240	2333.570535
  48.400	   0.000	       557.662	        79.341	     0.000	   349.731	   -22.917	    67.160	     0.000	    -1.800	487.714307	487.714307	557.610852	2334.040160
  48.600	   0.000	       555.497	        77.646	     0.000	   348.961	   -22.766	    67.062	     0.000	    -1.795	484.744544	484.744544	554.877458	2332.398936
  48.800	   0.000	       556.665	        76.612	     0.000	   348.195	   -22.616	    66.734	     0.000	    -1.777	486.594230	486.594230	556.532055	2331.393535
  49.000	   0.000	       556.582	        75.748	     0.000	   347.432	   -22.468	    66.571	     0.000	    -1.768	485.545837	485.545837	556.004527	2330.516388
  49.200	   0.000	       551.248	        75.457	     0.000	   346.672	   -22.320	    66.764	     0.000	    -1.779	481.833305	481.833305	552.007660	2330.175260
  49.400	   0.000	       557.345	        77.301	     0.000	   345.916	   -22.175	    66.320	     0.000	    -1.755	486.533202	486.533202	556.533344	2332.049593
  49.600	   0.000	       549.605	        78.507	     0.000	   345.162	   -22.030	    66.806	     0.000	    -1.781	480.556985	480.556985	550.138625	2333.296291
  49.800	   0.000	       554.756	        79.554	     0.000	   344.413	   -21.887	    66.405	     0.000	    -1.760	484.373751	484.373751	554.139798	2334.352992
  50.000	   0.000	       550.853	        80.143	     0.000	   343.666	   -21.745	    66.528	     0.000	    -1.766	481.208699	481.208699	551.196550	2334.824338
  50.200	   0.000	       553.043	        78.429	     0.000	   342.923	   -21.604	    66.106	     0.000	    -1.744	483.280628	483.280628	553.285676	2333.180802
  50.400	   0.000	       550.946	        77.355	     0.000	   342.183	   -21.464	    66.040	     0.000	    -1.740	481.107262	481.107262	551.267454	2332.137757
  50.600	   0.000	       551.354	        76.492	     0.000	   341.446	   -21.326	    65.801	     0.000	    -1.728	481.181335	481.181335	551.550128	2331.263288
  50.800	   0.000	       554.012	        76.164	     0.000	   340.712	   -21.189	    65.489	     0.000	    -1.711	484.095676	484.095676	554.073498	2330.871525
  51.000	   0.000	       551.173	        77.980	     0.000	   339.981	   -21.053	    65.639	     0.000	    -1.719	481.401961	481.401961	551.233259	2332.725668
  51.200	   0.000	       553.730	        79.196	     0.000	   339.254	   -20.918	    65.412	     0.000	    -1.707	483.202695	483.202695	553.161625	2333.977393
  51.400	   0.000	       551.746	        80.209	     0.000	   338.529	   -20.784	    65.492	     0.000	    -1.712	481.734554	481.734554	551.735683	2335.002682
  51.600	   0.000	       550.581	        80.802	     0.000	   337.808	   -20.652	    65.414	     0.000	    -1.707	480.969789	480.969789	550.781151	2335.476792
  51.800	   0.000	       551.527	        79.077	     0.000	   337.090	   -20.520	    65.105	     0.000	    -1.691	481.024960	481.024960	551.713526	2333.828275
  52.000	   0.000	       549.869	        77.963	     0.000	   336.374	   -20.390	    65.089	     0.000	    -1.691	480.313973	480.313973	549.972633	2332.745514
  52.200	   0.000	       551.347	        77.085	     0.000	   335.662	   -20.261	    64.716	     0.000	    -1.671	480.716854	480.716854	550.956357	2331.865366
  52.400	   0.000	       549.106	        76.732	     0.000	   334.953	   -20.133	    64.776	     0.000	    -1.674	479.544724	479.544724	549.049312	2331.440505
  52.600	   0.000	       550.472	        78.522	     0.000	   334.247	   -20.005	    64.627	     0.000	    -1.667	479.738195	479.738195	549.890379	2333.271148
  52.800	   0.000	       550.867	        79.750	     0.000	   333.543	   -19.879	    64.569	     0.000	    -1.664	481.578374	481.578374	551.497208	2334.526530
  53.000	   0.000	       548.806	        80.751	     0.000	   332.843	   -19.755	    64.588	     0.000	    -1.665	478.319430	478.319430	548.527072	2335.525895
  53.200	   0.000	       551.059	        81.320	     0.000	   332.146	   -19.631	    64.373	     0.000	    -1.654	480.503457	480.503457	551.156363	2336.008183
  53.400	   0.000	       548.209	        79.592	     0.000	   331.451	   -19.508	    64.336	     0.000	    -1.652	478.564648	478.564648	548.179751	2334.348297
  53.600	   0.000	       551.015	        78.440	     0.000	   330.760	   -19.386	    63.911	     0.000	    -1.630	480.516574	480.516574	550.697142	2333.224969
  53.800	   0.000	       550.038	        77.553	     0.000	   330.071	   -19.265	    63.813	     0.000	    -1.625	479.824666	479.824666	549.610519	2332.333484
  54.000	   0.000	       549.502	        77.154	     0.000	   329.386	   -19.145	    63.657	     0.000	    -1.617	479.203543	479.203543	549.137544	2331.881310
  54.200	   0.000	       550.965	        78.935	     0.000	   328.703	   -19.026	    63.534	     0.000	    -1.611	481.855411	481.855411	551.783057	2333.685537
  54.400	   0.000	       549.491	        80.171	     0.000	   328.022	   -18.909	    63.592	     0.000	    -1.614	480.023413	480.023413	550.076531	2334.945225
  54.600	   0.000	       548.138	        81.154	     0.000	   327.345	   -18.792	    63.578	     0.000	    -1.613	478.224481	478.224481	548.581426	2335.919229
  54.800	   0.000	       552.541	        81.714	     0.000	   326.671	   -18.676	    63.258	     0.000	    -1.597	482.404915	482.404915	552.242203	2336.413737
  55.000	   0.000	       545.861	        79.981	     0.000	   325.999	   -18.561	    63.430	     0.000	    -1.605	476.449645	476.449645	545.930051	2334.734693
  55.200	   0.000	       550.423	        78.785	     0.000	   325.330	   -18.447	    62.955	     0.000	    -1.581	480.115542	480.115542	549.685099	2333.571423
  55.400	   0.000	       547.535	        77.889	     0.000	   324.664	   -18.334	    62.930	     0.000	    -1.580	477.467036	477.467036	547.632589	2332.669712
  55.600	   0.000	       549.175	        77.447	     0.000	   324.000	   -18.221	    62.632	     0.000	    -1.565	479.222984	479.222984	549.426847	2332.183817
  55.800	   0.000	       547.605	        79.215	     0.000	   323.339	   -18.110	    62.767	     0.000	    -1.572	477.896048	477.896048	548.325009	2333.962734
  56.000	   0.000	       548.054	        80.455	     0.000	   322.681	   -18.000	    62.655	     0.000	    -1.566	478.531844	478.531844	548.412308	2335.224297
  56.200	   0.000	       549.463	        81.414	     0.000	   322.026	   -17.890	    62.511	     0.000	    -1.559	478.663438	478.663438	548.968784	2336.170989
  56.400	   0.000	       548.845	        81.966	     0.000	   321.373	   -17.782	    62.529	     0.000	    -1.560	478.460210	478.460210	547.931396	2336.678830
  56.600	   0.000	       550.313	        80.219	     0.000	   320.723	   -17.674	    62.156	     0.000	    -1.542	479.571352	479.571352	549.177622	2334.976895
  56.800	   0.000	       548.668	        78.991	     0.000	   320.075	   -17.567	    62.050	     0.000	    -1.536	478.743611	478.743611	548.993979	2333.773352
  57.000	   0.000	       551.215	        78.082	     0.000	   319.430	   -17.461	    61.697	     0.000	    -1.519	481.573912	481.573912	551.604230	2332.859606
  57.200	   0.000	       552.173	        77.580	     0.000	   318.788	   -17.356	    61.464	     0.000	    -1.507	482.049410	482.049410	552.470319	2332.328015
  57.400	   0.000	       550.058	        79.339	     0.000	   318.148	   -17.252	    61.582	     0.000	    -1.513	480.867192	480.867192	550.930155	2334.085632
  57.600	   0.000	       555.807	        80.580	     0.000	   317.511	   -17.148	    61.175	     0.000	    -1.493	485.191187	485.191187	555.261831	2335.347551
  57.800	   0.000	       552.250	        81.515	     0.000	   316.877	   -17.046	    61.405	     0.000	    -1.505	482.449727	482.449727	551.592850	2336.262715
  58.000	   0.000	       554.080	        82.082	     0.000	   316.244	   -16.944	    61.121	     0.000	    -1.491	483.771234	483.771234	553.576245	2336.786079
  58.200	   0.000	       554.496	        80.303	     0.000	   315.615	   -16.843	    60.887	     0.000	    -1.479	484.639513	484.639513	555.077367	2335.057247
  58.400	   0.000	       551.258	        79.026	     0.000	   314.988	   -16.743	    60.880	     0.000	    -1.479	482.363111	482.363111	551.809405	2333.810864
  58.600	   0.000	       554.098	        78.109	     0.000	   314.363	   -16.643	    60.507	     0.000	    -1.461	484.234647	484.234647	554.907373	2332.881704
  58.800	   0.000	       550.811	        77.538	     0.000	   313.741	   -16.545	    60.570	     0.000	    -1.464	480.798465	480.798465	550.887502	2332.289706
  59.000	   0.000	       552.881	        79.283	     0.000	   313.121	   -16.447	    60.452	     0.000	    -1.458	482.611482	482.611482	552.252978	2334.026584
  59.200	   0.000	       550.166	        80.516	     0.000	   312.504	   -16.350	    60.554	     0.000	    -1.463	479.747298	479.747298	549.332974	2335.284153
  59.400	   0.000	       547.203	        81.414	     0.000	   311.889	   -16.254	    60.640	     0.000	    -1.467	477.093840	477.093840	547.500261	2336.159668
  59.600	   0.000	       546.621	        82.000	     0.000	   311.277	   -16.158	    60.692	     0.000	    -1.470	476.580127	476.580127	546.210787	2336.690130
  59.800	   0.000	       544.214	        80.179	     0.000	   310.667	   -16.063	    60.581	     0.000	    -1.464	474.211502	474.211502	544.637883	2334.931345
  60.000	   0.000	       542.050	        78.857	     0.000	   310.059	   -15.969	    60.474	     0.000	    -1.459	472.177313	472.177313	542.701847	2333.638307
