    时间	    汇点水头	    大井水位	    升管水位	    大井流量	    升管流量	    底板压差
   0.000	      0.283	   2345.283	    2345.283	      0.000	      0.000	      0.000
   0.200	      0.281	   2345.281	    2345.281	     -0.177	      0.000	     -0.000
   0.400	      0.281	   2345.281	    2345.281	      0.179	      0.000	      0.000
   0.600	      0.282	   2345.282	    2345.282	      0.032	      0.000	      0.000
   0.800	      0.282	   2345.282	    2345.282	     -0.030	      0.000	     -0.000
   1.000	      0.282	   2345.282	    2345.282	     -0.030	      0.000	     -0.000
   1.200	      0.281	   2345.281	    2345.281	      0.030	      0.000	      0.000
   1.400	      0.282	   2345.282	    2345.282	      0.173	      0.000	      0.000
   1.600	      0.282	   2345.282	    2345.282	     -0.183	      0.000	     -0.000
   1.800	      0.281	   2345.281	    2345.281	     -0.038	      0.000	     -0.000
   2.000	      0.282	   2345.282	    2345.282	      0.161	      0.000	      0.000
   2.200	      0.282	   2345.282	    2345.282	     -0.197	      0.000	     -0.000
   2.400	      0.281	   2345.281	    2345.281	     -0.056	      0.000	     -0.000
   2.600	      0.281	   2345.281	    2345.281	     -0.002	      0.000	     -0.000
   2.800	      0.281	   2345.281	    2345.281	      0.134	      0.000	      0.000
   3.000	      0.281	   2345.281	    2345.281	     -0.085	      0.000	     -0.000
   3.200	      0.279	   2345.279	    2345.279	     -0.237	      0.000	     -0.000
   3.400	      0.280	   2345.280	    2345.280	      0.097	      0.000	      0.000
   3.600	      0.280	   2345.280	    2345.280	     -0.068	      0.000	     -0.000
   3.800	      0.278	   2345.278	    2345.278	     -0.146	      0.000	     -0.000
   4.000	      0.277	   2345.277	    2345.277	      0.032	      0.000	      0.000
   4.200	      0.276	   2345.276	    2345.276	     -0.145	      0.000	     -0.000
   4.400	      0.275	   2345.275	    2345.275	     -0.246	      0.000	     -0.000
   4.600	      0.272	   2345.272	    2345.272	     -0.428	      0.000	     -0.000
   4.800	      0.270	   2345.270	    2345.270	     -0.127	      0.000	     -0.000
   5.000	      0.269	   2345.269	    2345.269	     -0.190	      0.000	     -0.000
   5.200	      0.265	   2345.265	    2345.265	     -0.594	      0.000	     -0.000
   5.400	      0.261	   2345.261	    2345.261	     -0.517	      0.000	     -0.000
   5.600	      0.257	   2345.257	    2345.257	     -0.540	      0.000	     -0.000
   5.800	      0.253	   2345.253	    2345.253	     -0.687	      0.000	     -0.000
   6.000	      0.247	   2345.247	    2345.247	     -0.783	      0.000	     -0.000
   6.200	      0.240	   2345.240	    2345.240	     -0.825	      0.000	     -0.000
   6.400	      0.234	   2345.234	    2345.234	     -0.811	      0.000	     -0.000
   6.600	      0.226	   2345.226	    2345.226	     -1.287	      0.000	     -0.000
   6.800	      0.215	   2345.216	    2345.216	     -1.283	      0.000	     -0.000
   7.000	      0.206	   2345.206	    2345.206	     -1.251	      0.000	     -0.000
   7.200	      0.194	   2345.195	    2345.195	     -1.567	      0.000	     -0.000
   7.400	      0.181	   2345.181	    2345.181	     -1.809	      0.000	     -0.001
   7.600	      0.165	   2345.166	    2345.166	     -1.945	      0.000	     -0.001
   7.800	      0.150	   2345.150	    2345.150	     -2.019	      0.000	     -0.001
   8.000	      0.132	   2345.133	    2345.133	     -2.448	      0.000	     -0.001
   8.200	      0.111	   2345.112	    2345.112	     -2.814	      0.000	     -0.001
   8.400	      0.090	   2345.091	    2345.091	     -2.729	      0.000	     -0.001
   8.600	      0.067	   2345.068	    2345.068	     -3.136	      0.000	     -0.002
   8.800	      0.040	   2345.042	    2345.042	     -3.456	      0.000	     -0.002
   9.000	      0.012	   2345.014	    2345.014	     -3.740	      0.000	     -0.002
   9.200	     -0.018	   2344.984	    2344.984	     -3.979	      0.000	     -0.002
   9.400	     -0.050	   2344.952	    2344.952	     -4.352	      0.000	     -0.003
   9.600	     -0.087	   2344.917	    2344.917	     -4.805	      0.000	     -0.004
   9.800	     -0.124	   2344.879	    2344.879	     -4.794	      0.000	     -0.004
  10.000	     -0.164	   2344.840	    2344.840	     -5.151	      0.000	     -0.004
  10.200	     -0.208	   2344.797	    2344.797	     -5.817	      0.000	     -0.005
  10.400	     -0.254	   2344.751	    2344.751	     -6.024	      0.000	     -0.006
  10.600	     -0.303	   2344.704	    2344.704	     -6.329	      0.000	     -0.006
  10.800	     -0.353	   2344.653	    2344.653	     -6.552	      0.000	     -0.007
  11.000	     -0.408	   2344.600	    2344.600	     -7.104	      0.000	     -0.008
  11.200	     -0.466	   2344.542	    2344.542	     -7.401	      0.000	     -0.009
  11.400	     -0.525	   2344.484	    2344.484	     -7.640	      0.000	     -0.009
  11.600	     -0.589	   2344.422	    2344.422	     -8.340	      0.000	     -0.011
  11.800	     -0.656	   2344.356	    2344.356	     -8.567	      0.000	     -0.012
  12.000	     -0.723	   2344.289	    2344.289	     -8.776	      0.000	     -0.012
  12.200	     -0.796	   2344.218	    2344.218	     -9.310	      0.000	     -0.014
  12.400	     -0.871	   2344.144	    2344.144	     -9.765	      0.000	     -0.015
  12.600	     -0.951	   2344.065	    2344.065	    -10.309	      0.000	     -0.017
  12.800	     -1.032	   2343.985	    2343.985	    -10.415	      0.000	     -0.017
  13.000	     -1.117	   2343.902	    2343.902	    -11.054	      0.000	     -0.019
  13.200	     -1.208	   2343.814	    2343.814	    -11.610	      0.000	     -0.021
  13.400	     -1.299	   2343.723	    2343.723	    -11.744	      0.000	     -0.022
  13.600	     -1.395	   2343.629	    2343.629	    -12.338	      0.000	     -0.024
  13.800	     -1.495	   2343.531	    2343.531	    -12.812	      0.000	     -0.026
  14.000	     -1.598	   2343.430	    2343.430	    -13.234	      0.000	     -0.028
  14.200	     -1.704	   2343.325	    2343.325	    -13.595	      0.000	     -0.029
  14.400	     -1.812	   2343.219	    2343.219	    -13.879	      0.000	     -0.030
  14.600	     -1.926	   2343.107	    2343.107	    -14.573	      0.000	     -0.033
  14.800	     -2.041	   2342.993	    2342.993	    -14.633	      0.000	     -0.034
  15.000	     -2.158	   2342.878	    2342.878	    -15.018	      0.000	     -0.035
  15.200	     -2.281	   2342.758	    2342.758	    -15.660	      0.000	     -0.039
  15.400	     -2.404	   2342.636	    2342.636	    -15.838	      0.000	     -0.039
  15.600	     -2.529	   2342.512	    2342.512	    -16.089	      0.000	     -0.041
  15.800	     -2.656	   2342.386	    2342.386	    -16.228	      0.000	     -0.041
  16.000	     -2.786	   2342.257	    2342.257	    -16.642	      0.000	     -0.044
  16.200	     -2.919	   2342.126	    2342.126	    -16.948	      0.000	     -0.045
  16.400	     -3.049	   2341.996	    2341.996	    -16.821	      0.000	     -0.044
  16.600	     -3.183	   2341.864	    2341.864	    -17.245	      0.000	     -0.047
  16.800	     -3.317	   2341.730	    2341.730	    -17.159	      0.000	     -0.046
  17.000	     -3.449	   2341.597	    2341.597	    -17.019	      0.000	     -0.046
  17.200	     -3.583	   2341.463	    2341.463	    -17.119	      0.000	     -0.046
  17.400	     -3.716	   2341.330	    2341.330	    -17.086	      0.000	     -0.046
  17.600	     -3.848	   2341.197	    2341.197	    -17.074	      0.000	     -0.046
  17.800	     -3.977	   2341.067	    2341.067	    -16.594	      0.000	     -0.043
  18.000	     -4.104	   2340.938	    2340.938	    -16.384	      0.000	     -0.042
  18.200	     -4.233	   2340.810	    2340.810	    -16.372	      0.000	     -0.042
  18.400	     -4.354	   2340.685	    2340.685	    -15.739	      0.000	     -0.039
  18.600	     -4.475	   2340.563	    2340.563	    -15.487	      0.000	     -0.038
  18.800	     -4.592	   2340.444	    2340.444	    -15.081	      0.000	     -0.036
  19.000	     -4.705	   2340.329	    2340.329	    -14.571	      0.000	     -0.033
  19.200	     -4.813	   2340.218	    2340.218	    -13.950	      0.000	     -0.031
  19.400	     -4.915	   2340.112	    2340.112	    -13.218	      0.000	     -0.028
  19.600	     -5.016	   2340.010	    2340.010	    -12.812	      0.000	     -0.026
  19.800	     -5.108	   2339.914	    2339.914	    -11.915	      0.000	     -0.022
  20.000	     -5.193	   2339.826	    2339.826	    -10.968	      0.000	     -0.019
  20.200	     -5.275	   2339.742	    2339.742	    -10.386	      0.000	     -0.017
  20.400	     -5.348	   2339.666	    2339.666	     -9.330	      0.000	     -0.014
  20.600	     -5.414	   2339.597	    2339.597	     -8.321	      0.000	     -0.011
  20.800	     -5.472	   2339.537	    2339.537	     -7.195	      0.000	     -0.008
  21.000	     -5.523	   2339.484	    2339.484	     -6.324	      0.000	     -0.006
  21.200	     -5.567	   2339.438	    2339.438	     -5.337	      0.000	     -0.005
  21.400	     -5.600	   2339.402	    2339.402	     -3.952	      0.000	     -0.002
  21.600	     -5.626	   2339.376	    2339.376	     -2.952	      0.000	     -0.001
  21.800	     -5.644	   2339.356	    2339.356	     -1.809	      0.000	     -0.001
  22.000	     -5.653	   2339.347	    2339.347	     -0.471	      0.000	     -0.000
  22.200	     -5.653	   2339.347	    2339.347	      0.604	      0.000	      0.000
  22.400	     -5.643	   2339.357	    2339.357	      1.772	      0.000	      0.000
  22.600	     -5.624	   2339.375	    2339.375	      2.897	      0.000	      0.001
  22.800	     -5.594	   2339.403	    2339.403	      4.434	      0.000	      0.003
  23.000	     -5.553	   2339.442	    2339.442	      5.654	      0.000	      0.005
  23.200	     -5.504	   2339.489	    2339.489	      6.653	      0.000	      0.007
  23.400	     -5.443	   2339.547	    2339.547	      8.039	      0.000	      0.010
  23.600	     -5.371	   2339.615	    2339.615	      9.312	      0.000	      0.014
  23.800	     -5.290	   2339.692	    2339.692	     10.517	      0.000	      0.017
  24.000	     -5.200	   2339.779	    2339.779	     11.744	      0.000	      0.022
  24.200	     -5.099	   2339.875	    2339.875	     13.006	      0.000	      0.027
  24.400	     -4.987	   2339.981	    2339.981	     14.284	      0.000	      0.032
  24.600	     -4.869	   2340.095	    2340.095	     15.159	      0.000	      0.036
  24.800	     -4.740	   2340.218	    2340.218	     16.424	      0.000	      0.042
  25.000	     -4.600	   2340.351	    2340.351	     17.640	      0.000	      0.049
  25.200	     -4.455	   2340.491	    2340.491	     18.559	      0.000	      0.054
  25.400	     -4.301	   2340.639	    2340.639	     19.524	      0.000	      0.060
  25.600	     -4.139	   2340.794	    2340.794	     20.516	      0.000	      0.066
  25.800	     -3.969	   2340.958	    2340.958	     21.526	      0.000	      0.073
  26.000	     -3.795	   2341.128	    2341.128	     22.192	      0.000	      0.077
  26.200	     -3.615	   2341.303	    2341.303	     22.892	      0.000	      0.082
  26.400	     -3.425	   2341.485	    2341.485	     23.885	      0.000	      0.090
  26.600	     -3.233	   2341.673	    2341.673	     24.411	      0.000	      0.094
  26.800	     -3.037	   2341.865	    2341.865	     24.995	      0.000	      0.098
  27.000	     -2.836	   2342.061	    2342.061	     25.521	      0.000	      0.102
  27.200	     -2.631	   2342.262	    2342.262	     26.018	      0.000	      0.106
  27.400	     -2.424	   2342.466	    2342.466	     26.351	      0.000	      0.109
  27.600	     -2.217	   2342.672	    2342.672	     26.565	      0.000	      0.111
  27.800	     -2.004	   2342.881	    2342.881	     27.086	      0.000	      0.115
  28.000	     -1.792	   2343.092	    2343.092	     27.209	      0.000	      0.116
  28.200	     -1.582	   2343.302	    2343.302	     27.048	      0.000	      0.115
  28.400	     -1.370	   2343.514	    2343.514	     27.183	      0.000	      0.116
  28.600	     -1.159	   2343.725	    2343.725	     27.145	      0.000	      0.116
  28.800	     -0.948	   2343.936	    2343.936	     27.112	      0.000	      0.116
  29.000	     -0.742	   2344.145	    2344.145	     26.743	      0.000	      0.113
  29.200	     -0.538	   2344.352	    2344.352	     26.511	      0.000	      0.111
  29.400	     -0.335	   2344.557	    2344.557	     26.232	      0.000	      0.108
  29.600	     -0.139	   2344.759	    2344.759	     25.525	      0.000	      0.103
  29.800	      0.055	   2344.956	    2344.956	     25.160	      0.000	      0.100
  30.000	      0.246	   2345.150	    2345.150	     24.713	      0.000	      0.096
  30.200	      0.429	   2345.339	    2345.339	     23.955	      0.000	      0.090
  30.400	      0.607	   2345.522	    2345.522	     23.215	      0.000	      0.085
  30.600	      0.778	   2345.699	    2345.699	     22.348	      0.000	      0.079
  30.800	      0.946	   2345.871	    2345.871	     21.774	      0.000	      0.075
  31.000	      1.105	   2346.037	    2346.037	     20.715	      0.000	      0.068
  31.200	      1.255	   2346.194	    2346.194	     19.705	      0.000	      0.061
  31.400	      1.401	   2346.344	    2346.344	     18.968	      0.000	      0.057
  31.600	      1.537	   2346.487	    2346.487	     17.799	      0.000	      0.050
  31.800	      1.665	   2346.621	    2346.621	     16.703	      0.000	      0.044
  32.000	      1.785	   2346.747	    2346.747	     15.582	      0.000	      0.038
  32.200	      1.897	   2346.864	    2346.864	     14.465	      0.000	      0.033
  32.400	      2.000	   2346.972	    2346.972	     13.354	      0.000	      0.028
  32.600	      2.092	   2347.070	    2347.070	     11.887	      0.000	      0.022
  32.800	      2.177	   2347.158	    2347.158	     10.901	      0.000	      0.019
  33.000	      2.252	   2347.238	    2347.238	      9.572	      0.000	      0.015
  33.200	      2.316	   2347.306	    2347.306	      8.019	      0.000	      0.010
  33.400	      2.371	   2347.364	    2347.364	      6.806	      0.000	      0.007
  33.600	      2.416	   2347.412	    2347.412	      5.488	      0.000	      0.005
  33.800	      2.452	   2347.449	    2347.449	      4.230	      0.000	      0.003
  34.000	      2.477	   2347.476	    2347.476	      2.711	      0.000	      0.001
  34.200	      2.491	   2347.491	    2347.491	      1.264	      0.000	      0.000
  34.400	      2.497	   2347.497	    2347.497	      0.118	      0.000	      0.000
  34.600	      2.492	   2347.492	    2347.492	     -1.507	      0.000	     -0.000
  34.800	      2.474	   2347.475	    2347.475	     -2.708	      0.000	     -0.001
  35.000	      2.447	   2347.449	    2347.449	     -3.910	      0.000	     -0.002
  35.200	      2.409	   2347.413	    2347.413	     -5.326	      0.000	     -0.004
  35.400	      2.360	   2347.367	    2347.367	     -6.636	      0.000	     -0.007
  35.600	      2.300	   2347.310	    2347.310	     -7.966	      0.000	     -0.010
  35.800	      2.232	   2347.244	    2347.244	     -8.912	      0.000	     -0.012
  36.000	      2.154	   2347.170	    2347.170	    -10.111	      0.000	     -0.016
  36.200	      2.065	   2347.086	    2347.086	    -11.437	      0.000	     -0.020
  36.400	      1.970	   2346.993	    2346.993	    -12.251	      0.000	     -0.024
  36.600	      1.865	   2346.893	    2346.893	    -13.389	      0.000	     -0.028
  36.800	      1.753	   2346.785	    2346.785	    -14.364	      0.000	     -0.032
  37.000	      1.634	   2346.670	    2346.670	    -15.256	      0.000	     -0.037
  37.200	      1.508	   2346.548	    2346.548	    -16.029	      0.000	     -0.040
  37.400	      1.377	   2346.421	    2346.421	    -16.703	      0.000	     -0.044
  37.600	      1.238	   2346.287	    2346.287	    -17.613	      0.000	     -0.049
  37.800	      1.097	   2346.148	    2346.148	    -18.072	      0.000	     -0.051
  38.000	      0.953	   2346.006	    2346.006	    -18.488	      0.000	     -0.054
  38.200	      0.802	   2345.860	    2345.860	    -19.156	      0.000	     -0.058
  38.400	      0.651	   2345.710	    2345.710	    -19.377	      0.000	     -0.059
  38.600	      0.498	   2345.558	    2345.558	    -19.587	      0.000	     -0.060
  38.800	      0.345	   2345.406	    2345.406	    -19.652	      0.000	     -0.061
  39.000	      0.190	   2345.252	    2345.252	    -19.880	      0.000	     -0.062
  39.200	      0.034	   2345.096	    2345.096	    -19.924	      0.000	     -0.062
  39.400	     -0.117	   2344.943	    2344.943	    -19.590	      0.000	     -0.060
  39.600	     -0.269	   2344.791	    2344.791	    -19.523	      0.000	     -0.060
  39.800	     -0.419	   2344.639	    2344.639	    -19.244	      0.000	     -0.058
  40.000	     -0.564	   2344.491	    2344.491	    -18.749	      0.000	     -0.055
  40.200	     -0.707	   2344.346	    2344.346	    -18.398	      0.000	     -0.053
  40.400	     -0.845	   2344.206	    2344.206	    -17.902	      0.000	     -0.051
  40.600	     -0.979	   2344.068	    2344.068	    -17.357	      0.000	     -0.048
  40.800	     -1.105	   2343.937	    2343.937	    -16.394	      0.000	     -0.042
  41.000	     -1.226	   2343.812	    2343.812	    -15.650	      0.000	     -0.039
  41.200	     -1.343	   2343.692	    2343.692	    -14.982	      0.000	     -0.035
  41.400	     -1.450	   2343.580	    2343.580	    -13.917	      0.000	     -0.031
  41.600	     -1.550	   2343.476	    2343.476	    -12.891	      0.000	     -0.026
  41.800	     -1.642	   2343.380	    2343.380	    -11.839	      0.000	     -0.022
  42.000	     -1.726	   2343.293	    2343.293	    -10.685	      0.000	     -0.018
  42.200	     -1.800	   2343.214	    2343.214	     -9.423	      0.000	     -0.014
  42.400	     -1.865	   2343.146	    2343.146	     -8.106	      0.000	     -0.010
  42.600	     -1.921	   2343.087	    2343.087	     -7.034	      0.000	     -0.008
  42.800	     -1.967	   2343.038	    2343.038	     -5.545	      0.000	     -0.005
  43.000	     -2.002	   2343.001	    2343.001	     -4.063	      0.000	     -0.003
  43.200	     -2.028	   2342.974	    2342.974	     -2.749	      0.000	     -0.001
  43.400	     -2.043	   2342.958	    2342.958	     -1.321	      0.000	     -0.000
  43.600	     -2.047	   2342.953	    2342.953	      0.185	      0.000	      0.000
  43.800	     -2.039	   2342.960	    2342.960	      1.756	      0.000	      0.000
  44.000	     -2.019	   2342.979	    2342.979	      3.095	      0.000	      0.001
  44.200	     -1.988	   2343.008	    2343.008	      4.550	      0.000	      0.003
  44.400	     -1.943	   2343.051	    2343.051	      6.271	      0.000	      0.006
  44.600	     -1.886	   2343.105	    2343.105	      7.640	      0.000	      0.009
  44.800	     -1.817	   2343.170	    2343.170	      9.131	      0.000	      0.013
  45.000	     -1.736	   2343.246	    2343.246	     10.596	      0.000	      0.018
  45.200	     -1.642	   2343.335	    2343.335	     12.064	      0.000	      0.023
  45.400	     -1.537	   2343.434	    2343.434	     13.425	      0.000	      0.028
  45.600	     -1.422	   2343.544	    2343.544	     14.734	      0.000	      0.034
  45.800	     -1.294	   2343.665	    2343.665	     16.319	      0.000	      0.042
  46.000	     -1.155	   2343.796	    2343.796	     17.553	      0.000	      0.048
  46.200	     -1.009	   2343.936	    2343.936	     18.595	      0.000	      0.054
  46.400	     -0.852	   2344.086	    2344.086	     19.887	      0.000	      0.062
  46.600	     -0.685	   2344.246	    2344.246	     21.020	      0.000	      0.069
  46.800	     -0.509	   2344.414	    2344.414	     22.169	      0.000	      0.077
  47.000	     -0.328	   2344.589	    2344.589	     23.026	      0.000	      0.083
  47.200	     -0.138	   2344.771	    2344.771	     23.999	      0.000	      0.090
  47.400	      0.059	   2344.962	    2344.962	     24.888	      0.000	      0.097
  47.600	      0.259	   2345.158	    2345.158	     25.412	      0.000	      0.101
  47.800	      0.466	   2345.358	    2345.358	     26.224	      0.000	      0.108
  48.000	      0.679	   2345.565	    2345.565	     26.904	      0.000	      0.114
  48.200	      0.893	   2345.776	    2345.776	     27.303	      0.000	      0.117
  48.400	      1.110	   2345.989	    2345.989	     27.686	      0.000	      0.121
  48.600	      1.328	   2346.206	    2346.206	     27.925	      0.000	      0.123
  48.800	      1.552	   2346.425	    2346.425	     28.357	      0.000	      0.127
  49.000	      1.772	   2346.646	    2346.646	     28.320	      0.000	      0.126
  49.200	      1.992	   2346.866	    2346.866	     28.317	      0.000	      0.126
  49.400	      2.215	   2347.087	    2347.087	     28.468	      0.000	      0.128
  49.600	      2.432	   2347.307	    2347.307	     28.188	      0.000	      0.125
  49.800	      2.648	   2347.525	    2347.525	     27.940	      0.000	      0.123
  50.000	      2.861	   2347.742	    2347.742	     27.595	      0.000	      0.120
  50.200	      3.071	   2347.955	    2347.955	     27.203	      0.000	      0.117
  50.400	      3.277	   2348.165	    2348.165	     26.743	      0.000	      0.113
  50.600	      3.475	   2348.369	    2348.369	     25.940	      0.000	      0.106
  50.800	      3.671	   2348.569	    2348.569	     25.491	      0.000	      0.102
  51.000	      3.860	   2348.764	    2348.764	     24.651	      0.000	      0.096
  51.200	      4.039	   2348.951	    2348.951	     23.593	      0.000	      0.088
  51.400	      4.214	   2349.132	    2349.132	     22.762	      0.000	      0.082
  51.600	      4.380	   2349.305	    2349.305	     21.767	      0.000	      0.075
  51.800	      4.539	   2349.471	    2349.471	     20.764	      0.000	      0.068
  52.000	      4.687	   2349.627	    2349.627	     19.473	      0.000	      0.060
  52.200	      4.825	   2349.773	    2349.773	     18.204	      0.000	      0.052
  52.400	      4.957	   2349.911	    2349.911	     17.091	      0.000	      0.046
  52.600	      5.076	   2350.038	    2350.038	     15.518	      0.000	      0.038
  52.800	      5.186	   2350.154	    2350.154	     14.267	      0.000	      0.032
  53.000	      5.286	   2350.260	    2350.260	     12.919	      0.000	      0.026
  53.200	      5.374	   2350.354	    2350.354	     11.334	      0.000	      0.020
  53.400	      5.451	   2350.436	    2350.436	      9.776	      0.000	      0.015
  53.600	      5.516	   2350.506	    2350.506	      8.145	      0.000	      0.011
  53.800	      5.571	   2350.564	    2350.564	      6.771	      0.000	      0.007
  54.000	      5.614	   2350.610	    2350.610	      5.106	      0.000	      0.004
  54.200	      5.644	   2350.642	    2350.642	      3.314	      0.000	      0.002
  54.400	      5.663	   2350.662	    2350.662	      1.879	      0.000	      0.001
  54.600	      5.670	   2350.670	    2350.670	      0.097	      0.000	      0.000
  54.800	      5.664	   2350.664	    2350.664	     -1.576	      0.000	     -0.000
  55.000	      5.644	   2350.645	    2350.645	     -3.229	      0.000	     -0.002
  55.200	      5.610	   2350.614	    2350.614	     -4.829	      0.000	     -0.004
  55.400	      5.564	   2350.570	    2350.570	     -6.410	      0.000	     -0.006
  55.600	      5.502	   2350.513	    2350.513	     -8.218	      0.000	     -0.011
  55.800	      5.429	   2350.443	    2350.443	     -9.675	      0.000	     -0.015
  56.000	      5.343	   2350.362	    2350.362	    -11.173	      0.000	     -0.019
  56.200	      5.243	   2350.269	    2350.269	    -12.893	      0.000	     -0.026
  56.400	      5.132	   2350.163	    2350.163	    -14.259	      0.000	     -0.032
  56.600	      5.008	   2350.047	    2350.047	    -15.662	      0.000	     -0.038
  56.800	      4.875	   2349.920	    2349.920	    -16.968	      0.000	     -0.045
  57.000	      4.729	   2349.782	    2349.782	    -18.429	      0.000	     -0.053
  57.200	      4.572	   2349.633	    2349.633	    -19.733	      0.000	     -0.061
  57.400	      4.409	   2349.476	    2349.476	    -20.753	      0.000	     -0.068
  57.600	      4.234	   2349.310	    2349.310	    -21.998	      0.000	     -0.076
  57.800	      4.051	   2349.134	    2349.134	    -23.041	      0.000	     -0.083
  58.000	      3.861	   2348.951	    2348.951	    -23.922	      0.000	     -0.090
  58.200	      3.663	   2348.761	    2348.761	    -24.925	      0.000	     -0.098
  58.400	      3.459	   2348.563	    2348.563	    -25.797	      0.000	     -0.105
  58.600	      3.248	   2348.360	    2348.360	    -26.597	      0.000	     -0.111
  58.800	      3.036	   2348.151	    2348.151	    -27.039	      0.000	     -0.115
  59.000	      2.818	   2347.938	    2347.938	    -27.666	      0.000	     -0.120
  59.200	      2.594	   2347.720	    2347.720	    -28.310	      0.000	     -0.126
  59.400	      2.370	   2347.498	    2347.498	    -28.606	      0.000	     -0.129
  59.600	      2.143	   2347.275	    2347.275	    -28.919	      0.000	     -0.132
  59.800	      1.915	   2347.049	    2347.049	    -29.167	      0.000	     -0.134
  60.000	      1.687	   2346.822	    2346.822	    -29.284	      0.000	     -0.135
