  1	  2	  3	  4	  5	 14	 15	 16	 17	 18	 19	 20	 21	以上是沿线管道号
与进水口距离	  最大压力值	 最小压力值
    0.00	     2807.00	     2807.00
   10.77	     2807.35	     2806.73
   21.55	     2807.46	     2806.72
   32.32	     2807.57	     2806.71
   43.10	     2807.68	     2806.70
   53.87	     2807.79	     2806.70
   64.65	     2807.90	     2806.69
   75.42	     2808.00	     2806.68
   86.20	     2808.10	     2806.68
   96.97	     2808.20	     2806.67
  107.75	     2808.29	     2806.67
  118.53	     2808.39	     2806.66
  129.30	     2808.49	     2806.65
  140.08	     2808.34	     2806.91
  151.08	     2809.00	     2806.22
  162.09	     2809.15	     2806.21
  173.09	     2809.27	     2806.20
  184.10	     2809.39	     2806.18
  195.11	     2809.51	     2806.17
  206.11	     2809.64	     2806.15
  217.12	     2809.76	     2806.13
  228.13	     2809.88	     2806.12
  239.13	     2810.00	     2806.10
  250.14	     2810.12	     2806.08
  261.15	     2810.24	     2806.07
  272.15	     2810.36	     2806.05
  283.16	     2810.48	     2806.04
  294.17	     2810.61	     2806.02
  305.17	     2810.73	     2806.00
  316.18	     2810.85	     2805.99
  327.19	     2810.97	     2805.97
  338.19	     2811.09	     2805.96
  349.20	     2811.23	     2805.94
  360.21	     2811.36	     2805.92
  371.21	     2811.50	     2805.91
  382.22	     2811.63	     2805.89
  393.23	     2811.77	     2805.87
  404.23	     2811.90	     2805.86
  415.24	     2812.03	     2805.84
  426.25	     2812.16	     2805.83
  437.25	     2812.30	     2805.81
  448.26	     2812.43	     2805.79
  459.27	     2812.57	     2805.78
  470.27	     2812.71	     2805.76
  481.28	     2812.85	     2805.74
  492.29	     2812.99	     2805.73
  503.29	     2813.12	     2805.71
  514.30	     2813.27	     2805.70
  525.31	     2813.41	     2805.68
  536.31	     2813.55	     2805.66
  547.32	     2813.69	     2805.65
  558.33	     2813.83	     2805.63
  569.33	     2813.97	     2805.61
  580.34	     2814.11	     2805.60
  591.34	     2814.24	     2805.58
  602.35	     2814.38	     2805.56
  613.36	     2814.53	     2805.55
  624.36	     2814.67	     2805.53
  635.37	     2814.82	     2805.52
  646.38	     2814.95	     2805.50
  657.38	     2815.09	     2805.48
  668.39	     2815.22	     2805.47
  679.40	     2815.36	     2805.45
  690.40	     2815.51	     2805.43
  701.41	     2815.65	     2805.42
  712.42	     2815.79	     2805.40
  723.42	     2815.94	     2805.38
  734.43	     2816.08	     2805.37
  745.44	     2816.21	     2805.35
  756.44	     2816.35	     2805.33
  767.45	     2816.49	     2805.32
  778.46	     2816.63	     2805.30
  789.46	     2816.77	     2805.28
  800.47	     2816.92	     2805.27
  811.48	     2817.06	     2805.38
  822.48	     2817.19	     2805.39
  833.49	     2817.32	     2805.38
  844.50	     2817.46	     2805.36
  855.50	     2817.60	     2805.35
  866.51	     2817.73	     2805.34
  877.52	     2817.86	     2805.32
  888.52	     2818.00	     2805.31
  899.53	     2818.13	     2805.30
  910.54	     2818.26	     2805.28
  921.54	     2818.40	     2805.27
  932.55	     2818.53	     2805.26
  943.56	     2818.67	     2805.25
  954.56	     2818.80	     2805.23
  965.57	     2818.93	     2805.22
  976.58	     2819.06	     2805.21
  987.58	     2819.20	     2805.19
  998.59	     2819.33	     2805.18
 1009.59	     2819.47	     2805.17
 1020.60	     2819.61	     2805.16
 1031.61	     2819.76	     2805.14
 1042.61	     2819.90	     2805.13
 1053.62	     2820.05	     2805.12
 1064.63	     2820.20	     2805.10
 1075.63	     2820.35	     2805.09
 1086.64	     2820.49	     2805.08
 1097.65	     2820.63	     2805.07
 1108.65	     2820.77	     2805.05
 1119.66	     2820.92	     2805.04
 1130.67	     2821.07	     2805.03
 1141.67	     2821.21	     2805.01
 1152.68	     2821.35	     2805.00
 1163.69	     2821.50	     2804.99
 1174.69	     2821.65	     2804.97
 1185.70	     2821.79	     2804.96
 1196.71	     2821.94	     2804.95
 1207.71	     2822.08	     2804.93
 1218.72	     2822.23	     2804.92
 1229.73	     2822.38	     2804.91
 1240.73	     2822.53	     2804.89
 1251.74	     2822.67	     2804.88
 1262.75	     2822.81	     2804.87
 1273.75	     2822.96	     2804.85
 1284.76	     2823.10	     2804.84
 1295.77	     2823.25	     2804.82
 1306.77	     2823.40	     2804.81
 1317.78	     2823.55	     2804.80
 1328.79	     2823.70	     2804.78
 1339.79	     2823.84	     2804.77
 1350.80	     2823.99	     2804.76
 1361.81	     2824.14	     2804.74
 1372.81	     2824.29	     2804.73
 1383.82	     2824.44	     2804.72
 1394.83	     2824.59	     2804.70
 1405.83	     2824.73	     2804.69
 1416.84	     2824.88	     2804.68
 1427.85	     2825.03	     2804.66
 1438.85	     2825.17	     2804.65
 1449.86	     2825.31	     2804.64
 1460.86	     2825.46	     2804.62
 1471.87	     2825.61	     2804.61
 1482.88	     2825.76	     2805.27
 1493.54	     2826.15	     2803.94
 1504.21	     2826.51	     2803.73
 1514.88	     2826.82	     2803.29
 1526.03	     2827.14	     2802.74
 1537.17	     2827.39	     2802.67
 1548.32	     2827.74	     2802.63
 1559.47	     2828.13	     2802.60
 1570.61	     2828.47	     2802.58
 1581.76	     2828.90	     2802.56
 1592.91	     2829.20	     2802.54
 1604.06	     2829.57	     2802.52
 1615.20	     2829.95	     2802.49
 1626.35	     2830.21	     2802.47
 1637.50	     2830.64	     2802.44
 1648.65	     2831.06	     2802.42
 1659.79	     2831.32	     2802.39
 1670.94	     2831.63	     2802.37
 1682.09	     2831.99	     2802.34
 1693.24	     2832.52	     2802.32
 1704.38	     2833.68	     2802.30
 1715.53	     2834.76	     2802.27
 1726.68	     2835.65	     2802.22
 1737.82	     2836.68	     2802.19
 1748.97	     2837.85	     2802.18
 1760.12	     2838.88	     2802.15
 1771.27	     2839.83	     2802.26
 1782.41	     2840.89	     2802.26
 1793.56	     2841.96	     2802.06
 1804.71	     2842.80	     2801.50
 1815.86	     2843.37	     2800.95
 1827.00	     2844.45	     2800.30
 1838.15	     2845.50	     2799.62
 1849.30	     2846.47	     2798.84
 1860.45	     2847.55	     2798.14
 1871.59	     2848.48	     2797.31
 1882.74	     2849.52	     2796.68
 1893.89	     2850.59	     2796.19
 1905.04	     2851.43	     2795.43
 1916.02	     2852.39	     2794.24
 1927.01	     2853.98	     2793.34
 1938.00	     2855.41	     2792.45
 1948.99	     2856.69	     2791.42
 1959.98	     2858.06	     2790.45
 1970.97	     2859.45	     2789.45
 1981.96	     2860.37	     2788.55
 1992.95	     2861.50	     2787.63
 2003.94	     2862.67	     2786.57
 2014.93	     2863.65	     2785.42
 2025.92	     2864.78	     2784.60
 2036.91	     2866.37	     2783.62
 2047.90	     2867.42	     2782.60
 2058.89	     2868.80	     2781.64
 2069.88	     2870.04	     2780.65
 2080.87	     2871.20	     2779.44
 2091.86	     2872.48	     2778.29
 2102.85	     2873.54	     2777.46
 2113.84	     2874.53	     2776.49
 2124.83	     2875.76	     2775.54
 2135.82	     2877.00	     2774.76
 2146.81	     2878.16	     2773.68
 2157.80	     2879.38	     2772.65
 2168.79	     2880.44	     2771.83
 2179.78	     2881.43	     2770.63
 2190.77	     2882.53	     2769.82
 2201.76	     2883.71	     2768.89
 2212.75	     2884.77	     2767.88
 2223.74	     2885.76	     2767.11
 2234.73	     2886.94	     2766.02
 2245.72	     2888.00	     2764.99
 2256.71	     2889.05	     2764.21
 2267.70	     2889.87	     2763.32
 2278.69	     2890.95	     2762.48
 2289.68	     2891.98	     2761.53
 2300.67	     2893.16	     2760.61
 2311.66	     2894.58	     2759.72
 2322.65	     2895.57	     2758.75
 2333.64	     2896.57	     2757.75
 2344.63	     2897.80	     2757.01
 2355.62	     2898.91	     2756.15
 2366.61	     2899.85	     2755.28
 2377.59	     2900.80	     2754.38
 2388.58	     2902.14	     2753.71
 2399.57	     2903.23	     2753.04
 2410.56	     2904.08	     2752.17
 2421.55	     2905.02	     2751.53
 2432.54	     2906.14	     2750.67
 2443.53	     2907.32	     2749.47
 2454.52	     2908.36	     2748.85
 2465.51	     2909.27	     2748.09
 2476.50	     2910.30	     2747.03
 2487.49	     2911.29	     2746.17
 2498.48	     2912.21	     2745.05
 2509.47	     2913.65	     2743.97
 2520.46	     2914.81	     2743.10
 2531.45	     2915.58	     2742.13
 2542.44	     2916.54	     2741.22
 2553.43	     2917.58	     2740.42
 2564.42	     2918.82	     2739.33
 2575.41	     2919.94	     2738.30
 2586.40	     2920.86	     2737.55
 2597.39	     2921.88	     2736.66
 2608.38	     2922.66	     2735.79
 2619.37	     2923.23	     2734.85
 2630.36	     2924.27	     2733.91
 2641.35	     2925.33	     2732.95
 2652.34	     2926.24	     2731.99
 2663.33	     2927.00	     2731.09
 2674.32	     2928.02	     2730.35
 2685.31	     2928.66	     2729.49
 2696.30	     2929.18	     2728.62
 2707.29	     2930.44	     2727.72
 2718.28	     2931.51	     2727.05
 2729.27	     2932.23	     2726.37
 2740.26	     2933.22	     2725.50
 2751.25	     2934.00	     2724.96
 2762.24	     2934.55	     2723.88
 2773.23	     2935.88	     2722.80
 2784.22	     2936.95	     2722.19
 2795.21	     2937.36	     2721.60
 2806.71	     2938.96	     2720.22
 2818.21	     2940.45	     2718.88
 2829.72	     2941.25	     2717.41
 2841.22	     2943.21	     2715.87
 2852.73	     2944.71	     2714.59
 2870.11	     2948.53	     2711.65
 2876.64	     2949.79	     2710.32
 2886.20	     2951.01	     2709.21
 2895.76	     2350.11	     2314.79
 2908.52	     2349.48	     2315.99
 2921.28	     2348.86	     2316.97
 2932.15	     2348.41	     2317.63
 2943.01	     2347.98	     2318.45
 2953.88	     2347.69	     2319.07
 2964.74	     2347.26	     2319.74
 2975.61	     2346.97	     2320.33
 2986.48	     2346.41	     2320.69
 2997.34	     2346.03	     2321.26
 3008.21	     2345.71	     2321.55
 3019.07	     2345.70	     2322.13
 3029.94	     2345.70	     2322.90
 3040.80	     2345.69	     2323.62
 3051.67	     2345.69	     2324.15
 3062.54	     2345.68	     2324.88
 3073.40	     2345.67	     2325.60
 3084.27	     2346.03	     2326.06
 3095.13	     2346.07	     2326.65
 3106.00	     2346.06	     2327.22
 3116.86	     2346.06	     2327.47
 3127.73	     2346.05	     2328.05
 3138.60	     2346.05	     2328.71
 3149.46	     2346.08	     2329.04
 3160.33	     2346.12	     2329.25
 3171.19	     2346.28	     2329.52
 3182.06	     2346.43	     2329.74
 3192.92	     2346.61	     2329.88
 3203.79	     2346.76	     2330.14
 3214.66	     2346.85	     2330.39
 3225.52	     2346.95	     2330.61
 3236.39	     2347.09	     2330.88
 3247.25	     2347.28	     2331.12
 3258.12	     2347.56	     2331.40
 3268.98	     2347.69	     2331.59
 3279.85	     2347.74	     2331.87
 3290.71	     2347.89	     2332.16
 3301.58	     2347.75	     2332.31
 3312.45	     2348.00	     2332.63
 3323.31	     2348.56	     2332.54
 3334.18	     2348.12	     2332.65
 3345.04	     2345.64	     2332.74
 3355.07	     2346.03	     2332.56
 3365.09	     2346.02	     2332.73
 3375.12	     2346.01	     2332.92
 3385.14	     2346.00	     2333.09
 3395.16	     2345.99	     2333.26
 3405.19	     2345.98	     2333.45
 3415.21	     2345.97	     2333.63
 3425.24	     2345.96	     2333.78
 3435.26	     2345.95	     2333.95
 3445.28	     2345.94	     2334.12
 3455.31	     2345.93	     2334.28
 3465.33	     2345.92	     2334.45
 3475.36	     2345.91	     2334.62
 3485.38	     2345.90	     2334.78
 3495.41	     2345.89	     2334.93
 3505.43	     2345.88	     2335.09
 3515.45	     2345.87	     2335.25
 3525.48	     2345.87	     2335.39
 3535.50	     2345.88	     2335.61
 3545.53	     2345.87	     2335.77
 3555.55	     2345.86	     2335.92
 3565.57	     2345.85	     2336.07
 3575.60	     2345.84	     2336.23
 3585.62	     2345.83	     2336.37
 3595.65	     2345.82	     2336.52
 3605.67	     2345.81	     2336.68
 3615.69	     2345.81	     2336.83
 3625.72	     2345.80	     2336.98
 3635.74	     2345.79	     2337.14
 3645.77	     2345.78	     2337.29
 3655.79	     2345.77	     2337.43
 3665.82	     2345.76	     2337.59
 3675.84	     2345.75	     2337.74
 3685.86	     2345.74	     2337.87
 3695.89	     2345.73	     2338.01
 3705.91	     2345.28	     2338.49
 3716.05	     2345.47	     2338.56
 3726.19	     2345.46	     2338.82
 3736.32	     2345.45	     2339.08
 3746.46	     2345.44	     2339.34
 3756.59	     2345.43	     2339.60
 3766.73	     2345.42	     2339.86
 3776.87	     2345.41	     2340.11
 3787.00	     2345.40	     2340.37
 3797.14	     2345.39	     2340.63
 3807.28	     2345.37	     2340.89
 3817.41	     2345.36	     2341.15
 3827.55	     2345.35	     2341.41
 3837.69	     2345.35	     2341.68
 3847.82	     2345.34	     2341.94
 3857.96	     2345.32	     2342.20
 3868.10	     2345.31	     2342.46
 3878.23	     2345.30	     2342.73
 3888.37	     2345.29	     2342.99
 3898.51	     2345.28	     2343.25
 3908.64	     2345.27	     2343.51
 3918.78	     2345.26	     2343.78
 3928.92	     2345.25	     2344.04
 3939.05	     2345.24	     2344.30
 3949.19	     2345.23	     2344.57
 3959.33	     2345.00	     2345.00
