  1	  2	  3	  4	  5	 14	 15	 16	 17	 18	 19	 20	 21	以上是沿线管道号
与进水口距离	  最大压力值	 最小压力值
    0.00	     2807.00	     2807.00
   10.77	     2807.37	     2806.73
   21.55	     2807.51	     2806.72
   32.32	     2807.64	     2806.71
   43.10	     2807.78	     2806.70
   53.87	     2807.92	     2806.70
   64.65	     2808.06	     2806.69
   75.42	     2808.19	     2806.68
   86.20	     2808.30	     2806.68
   96.97	     2808.42	     2806.67
  107.75	     2808.53	     2806.67
  118.53	     2808.65	     2806.66
  129.30	     2808.76	     2806.65
  140.08	     2808.65	     2806.91
  151.08	     2809.37	     2806.22
  162.09	     2809.56	     2806.21
  173.09	     2809.74	     2806.20
  184.10	     2809.92	     2806.18
  195.11	     2810.10	     2806.17
  206.11	     2810.29	     2806.15
  217.12	     2810.47	     2806.13
  228.13	     2810.65	     2806.12
  239.13	     2810.83	     2806.10
  250.14	     2811.02	     2806.08
  261.15	     2811.20	     2806.07
  272.15	     2811.39	     2806.05
  283.16	     2811.57	     2806.04
  294.17	     2811.76	     2806.02
  305.17	     2811.94	     2806.00
  316.18	     2812.12	     2805.99
  327.19	     2812.31	     2805.97
  338.19	     2812.50	     2805.96
  349.20	     2812.68	     2805.94
  360.21	     2812.87	     2805.92
  371.21	     2813.05	     2805.91
  382.22	     2813.23	     2805.89
  393.23	     2813.41	     2805.87
  404.23	     2813.60	     2805.86
  415.24	     2813.78	     2805.84
  426.25	     2813.97	     2805.83
  437.25	     2814.16	     2805.81
  448.26	     2814.35	     2805.79
  459.27	     2814.54	     2805.78
  470.27	     2814.73	     2805.76
  481.28	     2814.92	     2805.74
  492.29	     2815.11	     2805.73
  503.29	     2815.30	     2805.71
  514.30	     2815.49	     2805.70
  525.31	     2815.67	     2805.68
  536.31	     2815.86	     2805.66
  547.32	     2816.05	     2805.65
  558.33	     2816.23	     2805.63
  569.33	     2816.42	     2805.61
  580.34	     2816.61	     2805.60
  591.34	     2816.79	     2805.58
  602.35	     2816.98	     2805.56
  613.36	     2817.18	     2805.55
  624.36	     2817.36	     2805.53
  635.37	     2817.55	     2805.52
  646.38	     2817.74	     2805.50
  657.38	     2817.93	     2805.48
  668.39	     2818.12	     2805.47
  679.40	     2818.31	     2805.45
  690.40	     2818.50	     2805.43
  701.41	     2818.69	     2805.42
  712.42	     2818.88	     2805.40
  723.42	     2819.07	     2805.38
  734.43	     2819.26	     2805.37
  745.44	     2819.45	     2805.35
  756.44	     2819.65	     2805.33
  767.45	     2819.84	     2805.32
  778.46	     2820.03	     2805.30
  789.46	     2820.23	     2805.28
  800.47	     2820.43	     2805.27
  811.48	     2820.70	     2805.38
  822.48	     2820.97	     2805.39
  833.49	     2821.15	     2805.38
  844.50	     2821.32	     2805.36
  855.50	     2821.50	     2805.35
  866.51	     2821.67	     2805.34
  877.52	     2821.85	     2805.32
  888.52	     2822.02	     2805.31
  899.53	     2822.20	     2805.30
  910.54	     2822.37	     2805.28
  921.54	     2822.54	     2805.27
  932.55	     2822.72	     2805.26
  943.56	     2822.89	     2805.24
  954.56	     2823.06	     2805.23
  965.57	     2823.24	     2805.22
  976.58	     2823.41	     2805.21
  987.58	     2823.59	     2805.19
  998.59	     2823.76	     2805.18
 1009.59	     2823.94	     2805.17
 1020.60	     2824.12	     2805.15
 1031.61	     2824.29	     2805.14
 1042.61	     2824.47	     2805.13
 1053.62	     2824.65	     2805.11
 1064.63	     2824.82	     2805.10
 1075.63	     2825.00	     2805.09
 1086.64	     2825.18	     2805.08
 1097.65	     2825.36	     2805.06
 1108.65	     2825.53	     2805.05
 1119.66	     2825.71	     2805.04
 1130.67	     2825.89	     2805.02
 1141.67	     2826.08	     2805.01
 1152.68	     2826.26	     2805.00
 1163.69	     2826.44	     2804.99
 1174.69	     2826.62	     2804.97
 1185.70	     2826.81	     2804.96
 1196.71	     2826.99	     2804.95
 1207.71	     2827.17	     2804.93
 1218.72	     2827.36	     2804.92
 1229.73	     2827.54	     2804.91
 1240.73	     2827.73	     2804.89
 1251.74	     2827.91	     2804.88
 1262.75	     2828.09	     2804.87
 1273.75	     2828.28	     2804.85
 1284.76	     2828.47	     2804.84
 1295.77	     2828.66	     2804.82
 1306.77	     2828.84	     2804.81
 1317.78	     2829.03	     2804.80
 1328.79	     2829.22	     2804.78
 1339.79	     2829.41	     2804.77
 1350.80	     2829.60	     2804.76
 1361.81	     2829.78	     2804.74
 1372.81	     2829.97	     2804.73
 1383.82	     2830.16	     2804.72
 1394.83	     2830.35	     2804.70
 1405.83	     2830.53	     2804.69
 1416.84	     2830.72	     2804.68
 1427.85	     2830.90	     2804.66
 1438.85	     2831.09	     2804.65
 1449.86	     2831.27	     2804.64
 1460.86	     2831.46	     2804.62
 1471.87	     2831.65	     2804.61
 1482.88	     2831.14	     2805.27
 1493.54	     2831.56	     2803.94
 1504.21	     2832.17	     2803.73
 1514.88	     2832.67	     2803.29
 1526.03	     2833.31	     2802.74
 1537.17	     2833.83	     2802.67
 1548.32	     2834.47	     2802.63
 1559.47	     2835.04	     2802.60
 1570.61	     2835.54	     2802.58
 1581.76	     2836.00	     2802.56
 1592.91	     2836.65	     2802.54
 1604.06	     2837.26	     2802.52
 1615.20	     2837.81	     2802.49
 1626.35	     2838.28	     2802.47
 1637.50	     2838.71	     2802.44
 1648.65	     2839.30	     2802.42
 1659.79	     2840.25	     2802.39
 1670.94	     2841.19	     2801.82
 1682.09	     2842.04	     2800.85
 1693.24	     2842.95	     2799.93
 1704.38	     2843.84	     2799.02
 1715.53	     2844.78	     2798.17
 1726.68	     2845.63	     2797.24
 1737.82	     2846.48	     2796.36
 1748.97	     2847.27	     2795.43
 1760.12	     2848.09	     2794.60
 1771.27	     2848.87	     2793.69
 1782.41	     2849.72	     2792.76
 1793.56	     2850.51	     2791.94
 1804.71	     2851.23	     2791.20
 1815.86	     2851.97	     2790.58
 1827.00	     2852.62	     2789.87
 1838.15	     2853.22	     2788.92
 1849.30	     2853.82	     2788.06
 1860.45	     2854.38	     2787.32
 1871.59	     2854.98	     2786.63
 1882.74	     2855.71	     2785.93
 1893.89	     2856.34	     2785.19
 1905.04	     2856.99	     2784.49
 1916.02	     2858.05	     2783.30
 1927.01	     2858.99	     2782.22
 1938.00	     2860.00	     2781.26
 1948.99	     2860.95	     2780.08
 1959.98	     2861.85	     2779.00
 1970.97	     2862.91	     2777.98
 1981.96	     2863.95	     2777.09
 1992.95	     2864.85	     2776.11
 2003.94	     2865.69	     2774.91
 2014.93	     2866.57	     2773.72
 2025.92	     2867.34	     2772.64
 2036.91	     2868.08	     2771.67
 2047.90	     2868.81	     2770.64
 2058.89	     2869.68	     2769.58
 2069.88	     2870.37	     2768.56
 2080.87	     2871.10	     2767.50
 2091.86	     2871.75	     2766.45
 2102.85	     2872.48	     2765.65
 2113.84	     2873.15	     2764.70
 2124.83	     2873.78	     2763.68
 2135.82	     2874.40	     2762.82
 2146.81	     2875.09	     2761.98
 2157.80	     2875.72	     2761.03
 2168.79	     2876.33	     2760.15
 2179.78	     2876.94	     2759.27
 2190.77	     2877.41	     2758.47
 2201.76	     2878.01	     2757.71
 2212.75	     2878.52	     2756.88
 2223.74	     2878.94	     2756.00
 2234.73	     2879.41	     2755.26
 2245.72	     2879.91	     2754.48
 2256.71	     2880.23	     2753.85
 2267.70	     2880.57	     2753.06
 2278.69	     2881.04	     2752.36
 2289.68	     2881.33	     2751.85
 2300.67	     2881.61	     2751.42
 2311.66	     2881.91	     2750.95
 2322.65	     2882.32	     2750.30
 2333.64	     2882.67	     2749.78
 2344.63	     2882.97	     2749.42
 2355.62	     2883.43	     2749.06
 2366.61	     2883.70	     2748.58
 2377.59	     2884.21	     2748.14
 2388.58	     2884.67	     2747.94
 2399.57	     2884.90	     2747.33
 2410.56	     2885.12	     2746.99
 2421.55	     2885.56	     2746.75
 2432.54	     2886.05	     2746.59
 2443.53	     2886.46	     2746.46
 2454.52	     2886.70	     2746.37
 2465.51	     2887.11	     2746.09
 2476.50	     2887.45	     2745.95
 2487.49	     2887.72	     2745.89
 2498.48	     2888.02	     2745.65
 2509.47	     2888.27	     2745.30
 2520.46	     2888.59	     2745.25
 2531.45	     2889.05	     2744.93
 2542.44	     2889.44	     2744.79
 2553.43	     2889.91	     2744.73
 2564.42	     2890.24	     2744.55
 2575.41	     2890.49	     2744.46
 2586.40	     2890.65	     2744.29
 2597.39	     2890.73	     2744.28
 2608.38	     2890.86	     2744.22
 2619.37	     2891.18	     2743.99
 2630.36	     2891.49	     2743.94
 2641.35	     2891.67	     2744.00
 2652.34	     2891.74	     2744.06
 2663.33	     2891.89	     2743.92
 2674.32	     2892.26	     2743.81
 2685.31	     2892.55	     2743.80
 2696.30	     2892.86	     2743.87
 2707.29	     2893.25	     2743.98
 2718.28	     2893.68	     2743.95
 2729.27	     2894.05	     2744.02
 2740.26	     2894.33	     2744.14
 2751.25	     2894.73	     2744.24
 2762.24	     2895.07	     2744.32
 2773.23	     2895.30	     2744.50
 2784.22	     2895.62	     2744.70
 2795.21	     2895.82	     2744.82
 2806.71	     2896.78	     2745.67
 2818.21	     2897.80	     2746.47
 2829.72	     2898.68	     2747.23
 2841.22	     2899.45	     2747.97
 2852.73	     2900.05	     2748.97
 2870.11	     2901.31	     2751.51
 2876.64	     2901.90	     2752.43
 2886.20	     2902.57	     2753.51
 2895.76	     2393.93	     2282.41
 2908.52	     2391.60	     2284.42
 2921.28	     2389.38	     2286.77
 2932.15	     2388.32	     2287.87
 2943.01	     2387.13	     2288.90
 2953.88	     2386.09	     2290.15
 2964.74	     2385.04	     2291.30
 2975.61	     2383.82	     2292.57
 2986.48	     2382.62	     2293.87
 2997.34	     2381.48	     2294.87
 3008.21	     2380.33	     2295.80
 3019.07	     2379.28	     2296.74
 3029.94	     2378.15	     2297.69
 3040.80	     2376.78	     2298.69
 3051.67	     2375.52	     2299.68
 3062.54	     2374.16	     2300.65
 3073.40	     2372.80	     2301.65
 3084.27	     2371.46	     2302.71
 3095.13	     2370.30	     2303.71
 3106.00	     2368.92	     2304.83
 3116.86	     2367.67	     2305.94
 3127.73	     2366.33	     2307.03
 3138.60	     2364.95	     2308.30
 3149.46	     2363.58	     2309.56
 3160.33	     2362.26	     2310.87
 3171.19	     2360.92	     2312.10
 3182.06	     2359.47	     2313.47
 3192.92	     2358.03	     2314.71
 3203.79	     2356.76	     2316.15
 3214.66	     2355.33	     2317.54
 3225.52	     2354.49	     2318.84
 3236.39	     2354.46	     2320.15
 3247.25	     2354.42	     2321.48
 3258.12	     2354.38	     2322.71
 3268.98	     2354.34	     2324.11
 3279.85	     2354.30	     2325.59
 3290.71	     2354.24	     2327.01
 3301.58	     2354.18	     2328.42
 3312.45	     2354.11	     2330.05
 3323.31	     2354.03	     2331.50
 3334.18	     2353.95	     2332.98
 3345.04	     2353.87	     2333.59
 3355.07	     2353.75	     2333.49
 3365.09	     2353.63	     2333.73
 3375.12	     2353.52	     2333.98
 3385.14	     2353.40	     2334.23
 3395.16	     2353.29	     2334.47
 3405.19	     2353.17	     2334.71
 3415.21	     2353.06	     2334.94
 3425.24	     2352.96	     2335.17
 3435.26	     2352.85	     2335.41
 3445.28	     2352.74	     2335.65
 3455.31	     2352.63	     2335.86
 3465.33	     2352.74	     2336.06
 3475.36	     2352.61	     2336.23
 3485.38	     2352.49	     2336.40
 3495.41	     2352.38	     2336.56
 3505.43	     2352.26	     2336.71
 3515.45	     2352.14	     2336.82
 3525.48	     2352.10	     2336.92
 3535.50	     2351.93	     2337.09
 3545.53	     2351.80	     2337.21
 3555.55	     2351.68	     2337.33
 3565.57	     2351.55	     2337.45
 3575.60	     2351.42	     2337.57
 3585.62	     2351.29	     2337.68
 3595.65	     2351.16	     2337.80
 3605.67	     2351.05	     2337.92
 3615.69	     2350.95	     2338.03
 3625.72	     2350.84	     2338.15
 3635.74	     2350.72	     2338.26
 3645.77	     2350.62	     2338.37
 3655.79	     2350.52	     2338.49
 3665.82	     2350.42	     2338.61
 3675.84	     2350.33	     2338.72
 3685.86	     2350.23	     2338.84
 3695.89	     2350.14	     2338.96
 3705.91	     2349.78	     2339.40
 3716.05	     2349.73	     2339.45
 3726.19	     2349.55	     2339.67
 3736.32	     2349.36	     2339.89
 3746.46	     2349.17	     2340.12
 3756.59	     2348.99	     2340.34
 3766.73	     2348.80	     2340.56
 3776.87	     2348.61	     2340.78
 3787.00	     2348.42	     2341.00
 3797.14	     2348.24	     2341.22
 3807.28	     2348.05	     2341.44
 3817.41	     2347.86	     2341.66
 3827.55	     2347.67	     2341.89
 3837.69	     2347.50	     2342.12
 3847.82	     2347.30	     2342.35
 3857.96	     2347.11	     2342.57
 3868.10	     2346.91	     2342.80
 3878.23	     2346.72	     2343.02
 3888.37	     2346.52	     2343.25
 3898.51	     2346.32	     2343.48
 3908.64	     2346.13	     2343.70
 3918.78	     2345.93	     2343.93
 3928.92	     2345.74	     2344.16
 3939.05	     2345.54	     2344.38
 3949.19	     2345.35	     2344.61
 3959.33	     2345.00	     2345.00
