    时间	    开度值	      蜗壳压力	      尾水管压力	    流量	      转速	      出力	  单位转速	  单位流量	  单位力矩	球阀前压力	球阀后压力	蜗壳进口压力	尾水管出口压力
   0.000	   0.732	       513.722	        52.228	    74.634	   428.600	   306.160	    84.775	     0.199	    20.815	452.023297	451.516968	513.721800	2324.567598
   0.200	   0.732	       524.321	        51.948	    74.446	   436.926	   307.139	    86.055	     0.198	    20.311	453.713964	453.713964	523.643550	2324.498927
   0.400	   0.726	       527.340	        50.122	    73.986	   445.130	   307.452	    87.187	     0.196	    19.737	456.626989	456.626989	526.518297	2323.029386
   0.600	   0.721	       529.676	        48.817	    73.426	   453.175	   306.454	    88.389	     0.193	    19.161	458.902622	458.902622	528.802010	2321.025355
   0.800	   0.716	       531.387	        46.896	    72.902	   461.058	   305.654	    89.553	     0.191	    18.628	460.712168	460.712168	530.595982	2319.067057
   1.000	   0.711	       534.453	        46.747	    72.432	   468.789	   305.446	    90.722	     0.189	    18.175	463.142225	463.142225	533.108677	2318.491495
   1.200	   0.706	       537.201	        47.818	    71.804	   476.371	   303.415	    91.997	     0.187	    17.693	466.170912	466.170912	536.238298	2319.399761
   1.400	   0.701	       540.920	        49.669	    71.213	   483.796	   301.717	    93.221	     0.185	    17.246	469.780559	469.780559	539.632820	2321.006730
   1.600	   0.696	       543.883	        51.087	    70.460	   491.038	   297.693	    94.429	     0.183	    16.699	472.620770	472.620770	542.729724	2321.654482
   1.800	   0.691	       546.301	        50.626	    69.789	   498.091	   294.275	    95.468	     0.181	    16.166	475.775928	475.775928	545.818184	2322.032862
   2.000	   0.686	       548.756	        49.666	    68.972	   504.932	   288.737	    96.401	     0.178	    15.525	477.198479	477.198479	547.337713	2320.103486
   2.200	   0.681	       550.941	        47.289	    68.128	   511.554	   282.627	    97.171	     0.175	    14.848	479.423851	479.423851	549.549630	2317.396132
   2.400	   0.676	       554.403	        45.898	    67.197	   517.940	   275.171	    97.860	     0.171	    14.126	482.339163	482.339163	552.720353	2315.802732
   2.600	   0.671	       557.731	        42.372	    66.033	   524.071	   264.858	    98.290	     0.167	    13.241	483.750325	483.750325	555.580358	2313.825239
   2.800	   0.666	       564.714	        42.841	    64.431	   529.819	   249.397	    98.665	     0.162	    12.159	490.983998	490.983998	561.969875	2312.196233
   3.000	   0.661	       569.593	        41.532	    62.494	   535.130	   230.314	    98.978	     0.156	    10.967	495.091005	495.091005	566.469848	2310.348556
   3.200	   0.656	       572.520	        39.875	    60.552	   539.968	   211.647	    99.359	     0.150	     9.885	498.401377	498.401377	569.542692	2307.587301
   3.400	   0.651	       575.012	        39.365	    58.590	   544.373	   193.305	    99.812	     0.145	     8.891	498.930656	498.930656	568.700884	2306.915149
   3.600	   0.646	       579.316	        40.952	    56.831	   548.375	   177.567	   100.225	     0.140	     8.056	503.975054	503.975054	575.460646	2307.001745
   3.800	   0.641	       582.353	        42.878	    54.877	   551.993	   160.201	   100.714	     0.135	     7.196	508.520952	508.520952	579.553445	2308.838282
   4.000	   0.636	       586.579	        46.165	    52.934	   555.237	   144.297	   101.153	     0.130	     6.424	512.222676	512.222676	583.327389	2311.296919
   4.200	   0.631	       589.466	        48.126	    50.992	   558.116	   128.841	   101.527	     0.125	     5.690	515.145176	515.145176	586.306869	2312.370083
   4.400	   0.626	       590.127	        47.755	    49.156	   560.672	   114.602	   101.838	     0.121	     5.023	516.333303	516.333303	586.853989	2311.759866
   4.600	   0.620	       591.370	        47.225	    47.417	   562.944	   102.342	   102.031	     0.116	     4.448	517.227957	517.227957	588.521081	2310.210526
   4.800	   0.615	       591.648	        45.998	    45.730	   564.960	    90.563	   102.206	     0.112	     3.908	518.067120	518.067120	588.772525	2308.575132
   5.000	   0.610	       593.077	        45.758	    43.941	   566.727	    78.992	   102.319	     0.107	     3.384	519.389791	519.389791	589.712261	2307.861727
   5.200	   0.605	       593.363	        45.001	    42.027	   568.243	    66.524	   102.444	     0.102	     2.834	519.734020	519.734020	591.391528	2308.056842
   5.400	   0.600	       595.564	        46.046	    39.852	   569.484	    53.248	   102.505	     0.097	     2.256	520.139769	520.139769	591.876876	2307.593428
   5.600	   0.595	       595.577	        45.182	    37.482	   570.437	    39.091	   102.539	     0.091	     1.649	520.018235	520.018235	591.774757	2305.994275
   5.800	   0.590	       595.935	        43.967	    35.219	   571.113	    26.620	   102.464	     0.085	     1.118	520.009191	520.009191	592.122546	2304.365435
   6.000	   0.585	       595.678	        42.418	    32.842	   571.551	    13.599	   102.374	     0.079	     0.569	520.635932	520.635932	592.429855	2302.420785
   6.200	   0.580	       597.512	        42.391	    30.593	   571.750	     2.404	   102.195	     0.074	     0.100	522.383139	522.383139	594.424972	2301.549856
   6.400	   0.575	       600.352	        43.443	    28.095	   571.709	    -9.710	   101.980	     0.068	    -0.402	524.944078	524.944078	596.680830	2302.704752
   6.600	   0.570	       603.057	        43.733	    25.500	   571.413	   -22.286	   101.665	     0.061	    -0.920	527.311345	527.311345	599.049451	2302.502830
   6.800	   0.565	       606.306	        44.485	    22.806	   570.840	   -35.839	   101.299	     0.055	    -1.473	530.030409	530.030409	602.230520	2302.677281
   7.000	   0.560	       609.440	        44.924	    20.254	   569.977	   -50.846	   100.872	     0.048	    -2.081	532.138738	532.138738	604.105120	2301.900171
   7.200	   0.555	       610.051	        43.273	    17.832	   568.803	   -65.352	   100.437	     0.043	    -2.668	535.176763	535.176763	606.959772	2300.524913
   7.400	   0.550	       613.016	        44.151	    15.472	   567.331	   -78.270	    99.971	     0.037	    -3.191	538.262563	538.262563	609.590605	2301.278969
   7.600	   0.545	       616.303	        44.762	    12.918	   565.622	   -89.398	    99.415	     0.031	    -3.637	539.643120	539.643120	611.381366	2301.453550
   7.800	   0.540	       617.755	        43.523	    10.264	   563.687	  -100.213	    98.826	     0.024	    -4.070	541.960723	541.960723	613.860914	2301.319697
   8.000	   0.535	       620.704	        44.164	     7.520	   561.514	  -111.710	    98.234	     0.018	    -4.535	544.111589	544.111589	615.965888	2300.973551
   8.200	   0.530	       619.334	        41.601	     4.843	   559.071	  -123.859	    97.697	     0.011	    -5.039	543.601630	543.601630	615.347022	2297.955861
   8.400	   0.525	       620.471	        41.750	     2.458	   556.369	  -136.222	    97.137	     0.006	    -5.559	545.724811	545.724811	616.975055	2297.763128
   8.600	   0.520	       622.123	        42.686	     0.132	   553.386	  -148.756	    96.555	     0.000	    -6.095	547.684963	547.684963	619.368989	2299.197239
   8.800	   0.515	       623.437	        44.164	    -2.126	   550.109	  -161.778	    95.998	    -0.005	    -6.670	548.341840	548.341840	620.555494	2300.856127
   9.000	   0.509	       625.600	        48.277	    -4.556	   546.489	  -176.524	    95.531	    -0.011	    -7.352	550.443772	550.443772	621.742858	2304.418289
   9.200	   0.504	       621.831	        49.097	    -6.606	   542.541	  -189.307	    95.227	    -0.016	    -8.006	546.632691	546.632691	618.048871	2304.987822
   9.400	   0.499	       615.891	        50.976	    -8.072	   538.298	  -198.634	    95.139	    -0.019	    -8.585	544.194538	544.194538	615.151676	2306.976343
   9.600	   0.494	       610.990	        55.205	    -8.967	   533.869	  -203.452	    95.133	    -0.022	    -9.013	539.308597	539.308597	609.955563	2309.914183
   9.800	   0.489	       604.539	        58.367	    -9.472	   529.332	  -204.893	    95.154	    -0.023	    -9.316	534.109208	534.109208	604.844081	2313.691366
  10.000	   0.484	       601.034	        64.545	    -9.860	   524.744	  -205.109	    95.179	    -0.024	    -9.578	529.891707	529.891707	600.064827	2319.280353
  10.200	   0.479	       593.592	        66.585	   -10.147	   520.123	  -204.056	    95.188	    -0.025	    -9.787	522.487572	522.487572	592.779608	2321.860178
  10.400	   0.474	       585.453	        67.087	   -10.175	   515.518	  -200.007	    95.129	    -0.025	    -9.840	515.361141	515.361141	585.069178	2321.776488
  10.600	   0.469	       577.513	        66.757	    -9.823	   511.012	  -192.157	    94.996	    -0.025	    -9.679	508.665693	508.665693	578.050293	2321.131578
  10.800	   0.464	       569.185	        64.965	    -9.169	   506.683	  -181.284	    94.796	    -0.023	    -9.328	500.788833	500.788833	570.450094	2318.783332
  11.000	   0.459	       565.621	        67.072	    -8.352	   502.587	  -169.023	    94.559	    -0.021	    -8.867	498.146877	498.146877	567.347475	2320.967819
  11.200	   0.454	       562.565	        69.714	    -7.508	   498.754	  -157.434	    94.375	    -0.019	    -8.418	494.853773	494.853773	563.970495	2323.947051
  11.400	   0.449	       558.944	        71.723	    -6.663	   495.157	  -146.695	    94.231	    -0.017	    -7.991	490.931156	490.931156	560.625440	2326.360793
  11.600	   0.444	       557.213	        75.124	    -5.813	   491.778	  -136.405	    94.081	    -0.015	    -7.561	489.022527	489.022527	557.956534	2328.311701
  11.800	   0.439	       551.583	        75.081	    -4.394	   488.660	  -123.164	    94.027	    -0.011	    -6.951	485.351873	485.351873	554.219664	2328.370261
  12.000	   0.434	       548.140	        77.979	    -2.203	   485.892	  -106.135	    94.118	    -0.006	    -6.104	485.089049	485.089049	553.270736	2330.792875
  12.200	   0.429	       545.453	        83.605	     0.611	   483.548	   -88.001	    94.502	     0.002	    -5.177	482.356152	482.356152	550.567909	2336.133333
  12.400	   0.424	       544.171	        90.713	     3.658	   481.645	   -71.418	    95.001	     0.010	    -4.297	481.679575	481.679575	549.599236	2342.568927
  12.600	   0.419	       542.591	        97.031	     6.737	   480.095	   -57.839	    95.542	     0.018	    -3.554	480.000081	480.000081	547.271577	2349.415400
  12.800	   0.414	       537.100	        98.618	    10.051	   478.905	   -40.473	    96.091	     0.027	    -2.534	475.478905	475.478905	542.979721	2351.301337
  13.000	   0.409	       527.964	        97.986	    13.916	   478.124	   -25.645	    96.912	     0.038	    -1.641	468.145640	468.145640	535.120007	2349.892190
  13.200	   0.404	       518.512	        97.158	    18.489	   477.748	    -4.259	    97.878	     0.051	    -0.279	458.187903	458.187903	524.949836	2349.217021
  13.400	   0.398	       518.877	        94.496	    22.824	   477.904	    15.004	    97.625	     0.063	     0.976	457.393974	457.393974	524.645200	2348.001101
  13.600	   0.393	       524.034	        92.832	    26.444	   478.513	    34.210	    97.035	     0.072	     2.190	462.310842	462.310842	529.519497	2347.524150
  13.800	   0.388	       532.850	        89.865	    29.448	   479.592	    53.415	    96.003	     0.080	     3.324	468.698127	468.698127	536.682449	2344.689179
  14.000	   0.383	       539.399	        80.850	    31.984	   481.144	    72.721	    94.706	     0.085	     4.362	475.122823	475.122823	543.164486	2336.990073
  14.200	   0.378	       548.560	        72.253	    34.093	   483.148	    91.259	    93.342	     0.089	     5.251	483.118751	483.118751	551.334895	2329.080850
  14.400	   0.373	       560.785	        64.955	    36.009	   485.587	   109.631	    91.974	     0.092	     6.033	494.633812	494.633812	563.248426	2322.682567
  14.600	   0.368	       575.977	        61.157	    37.528	   488.431	   125.920	    90.808	     0.094	     6.637	509.111767	509.111767	577.829336	2319.289470
  14.800	   0.363	       590.566	        60.523	    38.296	   491.595	   136.432	    90.079	     0.095	     6.941	521.583016	521.583016	591.261246	2319.803937
  15.000	   0.358	       601.534	        60.376	    38.441	   494.916	   141.064	    89.746	     0.094	     6.981	531.754430	531.754430	601.663637	2319.661195
  15.200	   0.353	       606.586	        57.464	    38.140	   498.275	   141.246	    89.685	     0.093	     6.840	535.709941	535.709941	605.859983	2316.895116
  15.400	   0.348	       608.785	        52.585	    37.715	   501.590	   140.158	    89.693	     0.091	     6.655	537.487461	537.487461	607.847343	2312.085608
  15.600	   0.343	       609.072	        46.610	    37.180	   504.842	   137.929	    89.756	     0.089	     6.432	537.670004	537.670004	607.928948	2306.594164
  15.800	   0.338	       608.168	        42.279	    36.274	   507.992	   131.918	    90.023	     0.087	     6.074	534.490860	534.490860	605.886284	2302.453737
  16.000	   0.333	       601.265	        39.021	    34.465	   510.881	   116.857	    90.797	     0.083	     5.381	526.386005	526.386005	598.001464	2299.080292
  16.200	   0.328	       590.881	        36.095	    32.118	   513.350	    97.415	    91.810	     0.078	     4.521	515.664203	515.664203	587.163530	2296.180159
  16.400	   0.323	       580.321	        33.865	    29.540	   515.340	    76.794	    92.827	     0.072	     3.601	503.979120	503.979120	576.142965	2293.022264
  16.600	   0.318	       570.318	        30.598	    26.843	   516.870	    56.942	    93.642	     0.066	     2.693	493.728874	493.728874	565.496882	2290.034106
  16.800	   0.313	       563.604	        28.948	    23.729	   517.941	    36.109	    94.237	     0.058	     1.719	485.224684	485.224684	557.528740	2287.858238
  17.000	   0.308	       561.401	        27.145	    20.318	   518.558	    15.711	    94.342	     0.050	     0.747	482.612682	482.612682	555.465054	2286.620696
  17.200	   0.303	       570.966	        25.921	    16.505	   518.704	    -4.847	    93.390	     0.040	    -0.226	490.826901	490.826901	563.782475	2284.576892
  17.400	   0.298	       575.273	        24.291	    12.621	   518.380	   -25.672	    92.796	     0.030	    -1.182	496.282651	496.282651	568.984727	2282.751147
  17.600	   0.293	       582.525	        25.463	     9.109	   517.574	   -44.888	    92.124	     0.022	    -2.047	504.790755	504.790755	576.897351	2282.904756
  17.800	   0.287	       588.363	        26.652	     5.687	   516.335	   -64.105	    91.509	     0.014	    -2.905	510.557686	510.557686	582.670564	2284.275596
  18.000	   0.282	       595.392	        30.499	     2.353	   514.661	   -83.232	    90.948	     0.006	    -3.762	516.467856	516.467856	589.172055	2287.761422
  18.200	   0.277	       600.615	        33.911	    -1.058	   512.531	  -104.075	    90.426	    -0.003	    -4.708	523.392038	523.392038	595.660306	2291.892926
  18.400	   0.272	       599.369	        35.179	    -4.218	   509.911	  -126.708	    90.168	    -0.010	    -5.787	522.073613	522.073613	594.553967	2292.261039
  18.600	   0.267	       589.812	        35.241	    -7.295	   506.653	  -154.732	    90.375	    -0.018	    -7.238	512.833365	512.833365	584.998361	2292.345467
  18.800	   0.262	       572.600	        34.048	   -10.096	   502.715	  -181.305	    91.010	    -0.025	    -8.804	497.038643	497.038643	568.710063	2290.744442
  19.000	   0.257	       552.559	        34.874	   -12.183	   498.202	  -200.494	    92.007	    -0.030	   -10.223	478.881716	478.881716	550.298606	2291.917995
  19.200	   0.252	       536.118	        41.829	   -13.622	   493.288	  -212.594	    93.244	    -0.035	   -11.469	462.785179	462.785179	533.664600	2297.890446
  19.400	   0.247	       516.958	        48.781	   -14.877	   488.066	  -222.863	    94.809	    -0.039	   -12.834	444.091319	444.091319	515.121882	2305.070023
  19.600	   0.242	       497.359	        56.319	   -16.035	   482.545	  -232.101	    96.594	    -0.043	   -14.356	425.136515	425.136515	495.879472	2313.101016
  19.800	   0.237	       479.566	        61.016	   -16.825	   476.783	  -235.123	    97.986	    -0.047	   -15.514	408.480229	408.480229	478.878510	2317.218421
  20.000	   0.232	       466.434	        60.927	   -16.844	   470.997	  -228.951	    98.345	    -0.047	   -15.785	397.047447	397.047447	466.567208	2316.093405
  20.200	   0.227	       463.952	        62.447	   -16.125	   465.393	  -215.680	    97.650	    -0.046	   -15.197	395.794305	395.794305	465.103576	2316.858798
  20.400	   0.222	       466.629	        63.393	   -15.047	   460.129	  -197.918	    96.325	    -0.043	   -14.040	399.431038	399.431038	468.664083	2318.109202
  20.600	   0.217	       473.909	        66.965	   -13.903	   455.275	  -180.164	    94.860	    -0.039	   -12.796	406.498949	406.498949	475.618595	2321.739186
  20.800	   0.212	       485.849	        73.608	   -12.666	   450.805	  -163.531	    93.311	    -0.035	   -11.576	419.080848	419.080848	487.848691	2327.423312
  21.000	   0.207	       499.298	        77.268	   -10.849	   446.772	  -143.532	    91.381	    -0.030	   -10.011	434.551879	434.551879	502.604772	2330.768220
  21.200	   0.202	       509.241	        80.929	    -8.661	   443.271	  -122.156	    89.983	    -0.024	    -8.458	445.126114	445.126114	513.286898	2334.135329
  21.400	   0.197	       514.820	        83.329	    -6.148	   440.326	   -99.662	    89.043	    -0.017	    -6.894	450.200587	450.200587	518.425575	2336.030962
  21.600	   0.192	       517.626	        83.338	    -3.437	   437.981	   -77.261	    88.274	    -0.009	    -5.337	454.413922	454.413922	522.443284	2336.093026
  21.800	   0.187	       517.708	        84.967	    -0.463	   436.184	   -59.253	    88.065	    -0.001	    -4.124	454.653676	454.653676	522.503037	2337.241246
  22.000	   0.182	       516.833	        84.289	     2.428	   434.811	   -44.683	    87.810	     0.007	    -3.122	453.803272	453.803272	521.653418	2336.887984
  22.200	   0.176	       512.106	        81.899	     4.953	   433.813	   -31.544	    87.852	     0.014	    -2.221	447.900919	447.900919	516.075014	2334.988498
  22.400	   0.171	       506.984	        78.268	     6.928	   433.121	   -21.602	    87.872	     0.019	    -1.529	441.053262	441.053262	509.885584	2331.862263
  22.600	   0.166	       501.656	        70.257	     8.377	   432.663	   -13.971	    87.513	     0.023	    -0.984	434.786648	434.786648	503.614528	2324.285821
  22.800	   0.161	       498.655	        62.891	     9.432	   432.385	    -8.354	    87.023	     0.026	    -0.583	430.813956	430.813956	500.198221	2317.151676
  23.000	   0.156	       498.091	        57.509	    10.236	   432.247	    -3.740	    86.523	     0.028	    -0.258	429.890912	429.890912	499.348467	2311.903721
  23.200	   0.151	       500.342	        54.366	    10.778	   432.217	    -0.258	    85.996	     0.029	    -0.018	431.375669	431.375669	501.191725	2309.433270
  23.400	   0.146	       507.075	        56.809	    10.943	   432.249	     1.258	    85.592	     0.029	     0.085	437.007461	437.007461	506.699523	2311.454673
  23.600	   0.141	       516.876	        60.565	    11.218	   432.322	     3.733	    85.039	     0.030	     0.249	447.510624	447.510624	517.172088	2315.619501
  23.800	   0.136	       528.425	        64.597	    11.685	   432.487	     7.385	    84.382	     0.031	     0.484	459.710397	459.710397	529.336648	2319.539387
  24.000	   0.131	       540.826	        67.143	    12.212	   432.746	    11.751	    83.552	     0.032	     0.754	471.984689	471.984689	541.566960	2322.038593
  24.200	   0.126	       553.270	        67.302	    12.804	   433.133	    17.019	    82.566	     0.033	     1.063	485.054130	485.054130	554.423390	2321.854551
  24.400	   0.121	       567.455	        65.056	    13.552	   433.686	    23.992	    81.312	     0.034	     1.448	499.241436	499.241436	568.676132	2319.790293
  24.600	   0.116	       580.679	        61.237	    14.106	   434.426	    30.088	    80.105	     0.035	     1.754	511.911585	511.911585	581.407490	2316.477612
  24.800	   0.111	       590.579	        57.244	    14.252	   435.294	    33.127	    79.213	     0.035	     1.877	519.560016	519.560016	589.702647	2312.589516
  25.000	   0.106	       592.284	        52.822	    13.860	   436.175	    31.513	    78.918	     0.034	     1.762	521.108390	521.108390	591.574896	2308.696816
  25.200	   0.101	       590.120	        49.046	    13.170	   436.974	    27.331	    78.940	     0.032	     1.520	518.148983	518.148983	588.779899	2304.991434
  25.400	   0.096	       590.786	        45.689	    12.104	   437.619	    20.336	    78.758	     0.029	     1.121	518.197178	518.197178	589.212660	2301.895759
  25.600	   0.091	       588.717	        43.409	    10.723	   438.044	    10.900	    78.812	     0.026	     0.600	515.195905	515.195905	586.312974	2299.526106
  25.800	   0.086	       585.215	        42.426	     9.154	   438.196	     0.194	    79.015	     0.022	     0.011	511.731085	511.731085	583.060721	2298.937494
  26.000	   0.081	       580.498	        41.606	     7.332	   438.046	   -11.391	    79.266	     0.018	    -0.634	506.351586	506.351586	577.512090	2297.878657
  26.200	   0.076	       578.652	        41.739	     5.495	   437.595	   -22.243	    79.325	     0.013	    -1.244	504.604474	504.604474	575.758173	2298.188446
  26.400	   0.071	       581.596	        43.528	     3.837	   436.865	   -31.617	    79.104	     0.009	    -1.767	508.040231	508.040231	579.140525	2299.334255
  26.600	   0.065	       587.514	        43.346	     2.183	   435.910	   -40.438	    78.485	     0.005	    -2.240	513.448037	513.448037	584.811591	2300.176967
  26.800	   0.060	       602.090	        43.791	     0.084	   434.698	   -51.280	    77.269	     0.000	    -2.776	525.950417	525.950417	597.779729	2299.920495
  27.000	   0.055	       614.184	        41.134	    -2.256	   433.167	   -63.413	    76.000	    -0.005	    -3.357	538.633786	538.633786	610.292734	2297.862235
  27.200	   0.050	       617.057	        40.115	    -4.014	   431.300	   -74.397	    75.419	    -0.009	    -3.929	544.588039	544.588039	615.241186	2295.959355
  27.400	   0.045	       613.935	        45.474	    -4.375	   429.174	   -80.115	    75.606	    -0.010	    -4.315	544.425629	544.425629	614.362655	2300.615146
  27.600	   0.040	       619.268	        55.396	    -4.295	   426.946	   -81.848	    75.519	    -0.010	    -4.467	549.101203	549.101203	618.987795	2309.798496
  27.800	   0.035	       623.139	        66.960	    -4.371	   424.661	   -83.407	    75.632	    -0.011	    -4.640	552.600670	552.600670	622.684718	2321.753476
  28.000	   0.030	       620.951	        74.827	    -4.622	   422.322	   -84.181	    75.906	    -0.011	    -4.796	550.957707	550.957707	621.045138	2329.865958
  28.200	   0.025	       611.362	        73.250	    -4.422	   420.009	   -80.969	    76.049	    -0.011	    -4.708	542.708536	542.708536	612.370592	2327.565039
  28.400	   0.020	       602.169	        66.364	    -3.774	   417.817	   -74.713	    75.814	    -0.009	    -4.385	534.189542	534.189542	603.492089	2320.364550
  28.600	   0.015	       590.250	        58.384	    -2.965	   415.809	   -67.221	    75.728	    -0.007	    -3.994	521.878419	521.878419	591.399249	2312.597887
  28.800	   0.010	       579.177	        55.241	    -2.052	   414.020	   -58.690	    75.969	    -0.005	    -3.555	511.616472	511.616472	580.863349	2309.629509
  29.000	   0.005	       574.329	        60.756	    -1.064	   412.482	   -49.022	    76.446	    -0.003	    -3.040	506.799414	506.799414	576.094012	2314.998354
  29.200	   0.000	       567.146	        69.439	     0.000	   411.235	   -37.258	    77.427	    -0.000	    -2.483	498.924040	498.924040	568.192389	2323.914587
  29.400	   0.000	       573.884	        71.439	     0.000	   410.171	   -36.969	    76.840	     0.000	    -2.356	503.425391	503.425391	573.401675	2327.984858
  29.600	   0.000	       568.171	        73.439	     0.000	   409.113	   -36.684	    77.291	     0.000	    -2.384	498.214060	498.214060	568.305547	2328.089831
  29.800	   0.000	       575.585	        71.641	     0.000	   408.060	   -36.401	    76.399	     0.000	    -2.329	506.262468	506.262468	576.149098	2321.330699
  30.000	   0.000	       583.215	        69.641	     0.000	   407.012	   -36.122	    75.455	     0.000	    -2.272	512.572555	512.572555	582.760193	2312.236452
  30.200	   0.000	       588.318	        67.641	     0.000	   405.970	   -35.845	    74.779	     0.000	    -2.231	518.564221	518.564221	588.464624	2309.996018
  30.400	   0.000	       593.013	        65.641	     0.000	   404.933	   -35.571	    74.070	     0.000	    -2.189	522.685215	522.685215	592.744363	2308.976894
  30.600	   0.000	       591.308	        63.641	     0.000	   403.901	   -35.300	    73.867	     0.000	    -2.177	522.479639	522.479639	592.114952	2311.239249
  30.800	   0.000	       593.614	        61.641	     0.000	   402.875	   -35.031	    73.354	     0.000	    -2.147	522.884406	522.884406	593.139130	2313.800490
  31.000	   0.000	       588.442	        59.641	     0.000	   401.854	   -34.766	    73.408	     0.000	    -2.150	518.914410	518.914410	588.798023	2314.624602
  31.200	   0.000	       579.011	        61.611	     0.000	   400.838	   -34.503	    73.990	     0.000	    -2.185	508.962351	508.962351	578.779622	2316.302455
  31.400	   0.000	       569.172	        61.889	     0.000	   399.827	   -34.242	    74.498	     0.000	    -2.215	499.241598	499.241598	569.789095	2316.654907
  31.600	   0.000	       556.350	        62.175	     0.000	   398.821	   -33.985	    75.341	     0.000	    -2.265	486.373509	486.373509	556.142862	2316.912637
  31.800	   0.000	       547.572	        63.215	     0.000	   397.820	   -33.729	    75.807	     0.000	    -2.293	477.092633	477.092633	547.542475	2317.968464
  32.000	   0.000	       529.180	        61.797	     0.000	   396.825	   -33.477	    77.146	     0.000	    -2.375	459.512401	459.512401	529.236212	2316.568005
  32.200	   0.000	       521.334	        61.771	     0.000	   395.834	   -33.227	    77.458	     0.000	    -2.394	450.939996	450.939996	521.187211	2316.543214
  32.400	   0.000	       511.268	        61.910	     0.000	   394.848	   -32.979	    78.202	     0.000	    -2.440	442.081595	442.081595	511.877221	2316.617904
  32.600	   0.000	       506.429	        61.178	     0.000	   393.867	   -32.734	    78.419	     0.000	    -2.454	435.675370	435.675370	505.831451	2315.976995
  32.800	   0.000	       501.821	        62.820	     0.000	   392.891	   -32.491	    78.753	     0.000	    -2.475	432.780653	432.780653	502.565810	2317.584170
  33.000	   0.000	       509.578	        63.275	     0.000	   391.920	   -32.251	    77.967	     0.000	    -2.426	439.103616	439.103616	509.139191	2318.036671
  33.200	   0.000	       514.838	        63.539	     0.000	   390.953	   -32.013	    77.334	     0.000	    -2.386	445.077084	445.077084	515.065103	2318.282027
  33.400	   0.000	       525.056	        64.568	     0.000	   389.992	   -31.777	    76.380	     0.000	    -2.328	455.434484	455.434484	525.284801	2319.321015
  33.600	   0.000	       536.724	        63.358	     0.000	   389.035	   -31.544	    75.153	     0.000	    -2.254	466.361329	466.361329	536.600876	2318.113217
  33.800	   0.000	       542.648	        63.259	     0.000	   388.082	   -31.313	    74.472	     0.000	    -2.213	473.570170	473.570170	543.198533	2318.001082
  34.000	   0.000	       550.817	        63.419	     0.000	   387.135	   -31.084	    73.687	     0.000	    -2.167	480.471530	480.471530	550.712096	2318.137454
  34.200	   0.000	       552.204	        62.744	     0.000	   386.192	   -30.857	    73.327	     0.000	    -2.146	483.010377	483.010377	552.682832	2317.522739
  34.400	   0.000	       565.269	        64.317	     0.000	   385.253	   -30.633	    72.346	     0.000	    -2.088	494.765798	494.765798	565.064346	2319.046642
  34.600	   0.000	       565.657	        64.817	     0.000	   384.319	   -30.410	    72.118	     0.000	    -2.075	495.684299	495.684299	565.702125	2319.583192
  34.800	   0.000	       578.728	        65.041	     0.000	   383.390	   -30.190	    71.124	     0.000	    -2.019	508.602457	508.602457	578.811952	2319.814389
  35.000	   0.000	       579.408	        66.084	     0.000	   382.465	   -29.972	    70.903	     0.000	    -2.006	509.568910	509.568910	579.527055	2320.847156
  35.200	   0.000	       583.712	        64.975	     0.000	   381.544	   -29.757	    70.336	     0.000	    -1.974	513.840954	513.840954	583.827194	2319.730879
  35.400	   0.000	       578.807	        64.825	     0.000	   380.628	   -29.543	    70.509	     0.000	    -1.984	508.621699	508.621699	578.772153	2319.577211
  35.600	   0.000	       572.275	        65.053	     0.000	   379.717	   -29.331	    70.795	     0.000	    -2.000	502.718845	502.718845	572.426003	2319.771467
  35.800	   0.000	       570.486	        64.372	     0.000	   378.809	   -29.121	    70.719	     0.000	    -1.996	499.964294	499.964294	570.251781	2319.173978
  36.000	   0.000	       564.116	        65.868	     0.000	   377.906	   -28.913	    71.088	     0.000	    -2.017	494.965149	494.965149	564.925211	2320.624389
  36.200	   0.000	       561.469	        66.536	     0.000	   377.008	   -28.708	    71.182	     0.000	    -2.022	490.632884	490.632884	560.719531	2321.238689
  36.400	   0.000	       553.412	        66.665	     0.000	   376.113	   -28.504	    71.581	     0.000	    -2.045	484.037051	484.037051	554.127722	2321.449422
  36.600	   0.000	       544.495	        67.708	     0.000	   375.223	   -28.302	    72.142	     0.000	    -2.077	474.749379	474.749379	544.474925	2322.460371
  36.800	   0.000	       538.071	        66.700	     0.000	   374.337	   -28.102	    72.388	     0.000	    -2.091	467.916510	467.916510	538.196022	2321.452280
  37.000	   0.000	       524.449	        66.434	     0.000	   373.455	   -27.904	    73.287	     0.000	    -2.143	454.718677	454.718677	524.474380	2321.226400
  37.200	   0.000	       520.350	        66.684	     0.000	   372.578	   -27.708	    73.408	     0.000	    -2.150	450.049203	450.049203	520.168069	2321.442827
  37.400	   0.000	       500.568	        66.099	     0.000	   371.704	   -27.513	    74.916	     0.000	    -2.240	431.850521	431.850521	501.383081	2320.871242
  37.600	   0.000	       508.659	        67.513	     0.000	   370.835	   -27.320	    74.085	     0.000	    -2.190	437.508866	437.508866	508.034285	2322.253152
  37.800	   0.000	       508.789	        68.172	     0.000	   369.969	   -27.130	    74.164	     0.000	    -2.195	438.396748	438.396748	508.464182	2322.912009
  38.000	   0.000	       513.928	        68.350	     0.000	   369.108	   -26.941	    73.430	     0.000	    -2.152	444.392806	444.392806	514.364655	2323.121457
  38.200	   0.000	       527.686	        69.355	     0.000	   368.251	   -26.753	    72.310	     0.000	    -2.086	456.762370	456.762370	526.853103	2324.089855
  38.400	   0.000	       524.624	        68.397	     0.000	   367.397	   -26.568	    72.278	     0.000	    -2.085	455.557693	455.557693	525.527349	2323.152973
  38.600	   0.000	       540.885	        68.132	     0.000	   366.548	   -26.384	    70.826	     0.000	    -2.002	470.452657	470.452657	540.450215	2322.906278
  38.800	   0.000	       543.407	        68.358	     0.000	   365.702	   -26.202	    70.575	     0.000	    -1.987	473.572680	473.572680	543.368568	2323.122997
  39.000	   0.000	       562.737	        67.807	     0.000	   364.861	   -26.021	    68.879	     0.000	    -1.893	492.747540	492.747540	563.072895	2322.574010
  39.200	   0.000	       573.096	        69.138	     0.000	   364.023	   -25.842	    68.216	     0.000	    -1.857	502.902276	502.902276	572.876062	2323.883544
  39.400	   0.000	       584.149	        69.809	     0.000	   363.189	   -25.665	    67.271	     0.000	    -1.806	514.584627	514.584627	584.564242	2324.546199
  39.600	   0.000	       600.610	        69.948	     0.000	   362.359	   -25.490	    66.120	     0.000	    -1.744	530.355371	530.355371	600.272568	2324.761540
  39.800	   0.000	       603.828	        70.950	     0.000	   361.533	   -25.316	    65.796	     0.000	    -1.727	533.875830	533.875830	604.138749	2325.687362
  40.000	   0.000	       613.355	        70.066	     0.000	   360.710	   -25.143	    64.974	     0.000	    -1.685	543.537186	543.537186	613.658387	2324.819172
  40.200	   0.000	       599.781	        69.798	     0.000	   359.891	   -24.972	    65.684	     0.000	    -1.722	529.602723	529.602723	599.460352	2324.561363
  40.400	   0.000	       594.319	        70.019	     0.000	   359.076	   -24.803	    65.793	     0.000	    -1.727	525.111684	525.111684	594.828892	2324.751604
  40.600	   0.000	       583.196	        69.501	     0.000	   358.265	   -24.635	    66.404	     0.000	    -1.759	512.890188	512.890188	582.942735	2324.236041
  40.800	   0.000	       571.488	        70.720	     0.000	   357.457	   -24.469	    67.036	     0.000	    -1.793	501.724747	501.724747	571.674232	2325.459970
  41.000	   0.000	       569.795	        71.363	     0.000	   356.653	   -24.304	    67.093	     0.000	    -1.796	499.617222	499.617222	570.019861	2326.120910
  41.200	   0.000	       553.108	        71.600	     0.000	   355.852	   -24.141	    68.069	     0.000	    -1.849	483.244407	483.244407	552.784517	2326.356688
  41.400	   0.000	       550.443	        72.464	     0.000	   355.055	   -23.979	    68.181	     0.000	    -1.855	479.696993	479.696993	550.387063	2327.231981
  41.600	   0.000	       526.297	        71.665	     0.000	   354.262	   -23.819	    69.745	     0.000	    -1.941	457.535115	457.535115	526.831112	2326.421912
  41.800	   0.000	       523.601	        71.407	     0.000	   353.472	   -23.660	    69.738	     0.000	    -1.941	452.529954	452.529954	523.003007	2326.151974
  42.000	   0.000	       510.659	        71.525	     0.000	   352.685	   -23.502	    70.698	     0.000	    -1.994	441.013889	441.013889	510.868672	2326.287435
  42.200	   0.000	       504.801	        71.058	     0.000	   351.903	   -23.346	    70.935	     0.000	    -2.008	434.293569	434.293569	504.383325	2325.805403
  42.400	   0.000	       506.578	        72.220	     0.000	   351.123	   -23.191	    70.839	     0.000	    -2.002	435.983089	435.983089	506.596097	2326.965249
  42.600	   0.000	       504.594	        72.860	     0.000	   350.347	   -23.038	    70.825	     0.000	    -2.002	435.833398	435.833398	505.147017	2327.621285
  42.800	   0.000	       526.015	        73.128	     0.000	   349.575	   -22.886	    69.034	     0.000	    -1.902	454.468149	454.468149	525.162854	2327.880429
  43.000	   0.000	       531.092	        73.976	     0.000	   348.806	   -22.735	    68.622	     0.000	    -1.879	462.499240	462.499240	531.957489	2328.714808
  43.200	   0.000	       549.215	        73.181	     0.000	   348.040	   -22.586	    66.996	     0.000	    -1.791	477.944710	477.944710	548.234123	2327.940132
  43.400	   0.000	       554.589	        72.907	     0.000	   347.278	   -22.438	    66.534	     0.000	    -1.766	485.445425	485.445425	555.425894	2327.643867
  43.600	   0.000	       562.018	        72.971	     0.000	   346.518	   -22.291	    65.803	     0.000	    -1.728	491.958146	491.958146	561.929143	2327.741092
  43.800	   0.000	       576.812	        72.494	     0.000	   345.763	   -22.145	    64.754	     0.000	    -1.673	506.238707	506.238707	576.526549	2327.284663
  44.000	   0.000	       579.261	        73.634	     0.000	   345.010	   -22.001	    64.464	     0.000	    -1.658	510.473828	510.473828	580.090237	2328.374819
  44.200	   0.000	       602.122	        74.269	     0.000	   344.261	   -21.858	    62.927	     0.000	    -1.580	531.127279	531.127279	601.592394	2329.032003
  44.400	   0.000	       599.313	        74.555	     0.000	   343.515	   -21.716	    63.063	     0.000	    -1.587	530.024399	530.024399	599.856714	2329.292079
  44.600	   0.000	       608.464	        75.308	     0.000	   342.772	   -21.576	    62.288	     0.000	    -1.548	538.418099	538.418099	608.519098	2330.095602
  44.800	   0.000	       604.811	        74.606	     0.000	   342.033	   -21.436	    62.459	     0.000	    -1.557	534.929617	534.929617	604.880288	2329.359170
  45.000	   0.000	       596.315	        74.297	     0.000	   341.297	   -21.298	    62.622	     0.000	    -1.565	527.417153	527.417153	597.038285	2329.026885
  45.200	   0.000	       591.285	        74.336	     0.000	   340.563	   -21.161	    62.898	     0.000	    -1.579	520.419697	520.419697	590.741885	2329.109162
  45.400	   0.000	       568.079	        73.894	     0.000	   339.833	   -21.025	    64.164	     0.000	    -1.643	498.322090	498.322090	568.369286	2328.664900
  45.600	   0.000	       560.746	        74.917	     0.000	   339.106	   -20.891	    64.546	     0.000	    -1.662	490.480742	490.480742	560.549416	2329.669695
  45.800	   0.000	       544.668	        75.585	     0.000	   338.383	   -20.757	    65.640	     0.000	    -1.719	474.154290	474.154290	544.231513	2330.344201
  46.000	   0.000	       539.846	        75.838	     0.000	   337.662	   -20.625	    65.756	     0.000	    -1.725	470.961747	470.961747	540.878669	2330.586761
  46.200	   0.000	       533.009	        76.592	     0.000	   336.944	   -20.494	    66.270	     0.000	    -1.752	462.099835	462.099835	532.235257	2331.368264
  46.400	   0.000	       519.611	        75.928	     0.000	   336.230	   -20.364	    66.960	     0.000	    -1.789	450.364776	450.364776	520.168892	2330.681795
  46.600	   0.000	       518.675	        75.564	     0.000	   335.518	   -20.235	    66.950	     0.000	    -1.789	447.587113	447.587113	517.936974	2330.294884
  46.800	   0.000	       501.810	        75.622	     0.000	   334.810	   -20.107	    68.146	     0.000	    -1.853	432.310168	432.310168	502.105959	2330.381761
  47.000	   0.000	       508.721	        75.147	     0.000	   334.104	   -19.980	    67.344	     0.000	    -1.810	438.582426	438.582426	508.815340	2329.915106
  47.200	   0.000	       506.422	        76.093	     0.000	   333.401	   -19.854	    67.564	     0.000	    -1.822	436.422586	436.422586	506.270291	2330.851437
  47.400	   0.000	       518.450	        76.798	     0.000	   332.702	   -19.729	    66.508	     0.000	    -1.765	448.140556	448.140556	518.403403	2331.556774
  47.600	   0.000	       531.120	        77.006	     0.000	   332.005	   -19.606	    65.541	     0.000	    -1.714	461.237488	461.237488	531.167244	2331.761192
  47.800	   0.000	       541.693	        77.776	     0.000	   331.311	   -19.483	    64.640	     0.000	    -1.667	471.554853	471.554853	541.538163	2332.537903
  48.000	   0.000	       564.269	        77.152	     0.000	   330.620	   -19.361	    62.998	     0.000	    -1.584	493.890184	493.890184	564.191352	2331.895616
  48.200	   0.000	       569.085	        76.706	     0.000	   329.932	   -19.241	    62.501	     0.000	    -1.559	499.471746	499.471746	568.944672	2331.441400
  48.400	   0.000	       583.566	        76.796	     0.000	   329.247	   -19.121	    61.441	     0.000	    -1.506	513.225812	513.225812	583.687179	2331.541382
  48.600	   0.000	       581.584	        76.266	     0.000	   328.565	   -19.002	    61.439	     0.000	    -1.506	512.482592	512.482592	582.179088	2331.037652
  48.800	   0.000	       592.252	        77.172	     0.000	   327.885	   -18.885	    60.647	     0.000	    -1.468	521.487199	521.487199	591.712034	2331.918541
  49.000	   0.000	       597.717	        77.905	     0.000	   327.208	   -18.768	    60.359	     0.000	    -1.454	528.312140	528.312140	598.210450	2332.656339
  49.200	   0.000	       599.463	        78.046	     0.000	   326.534	   -18.652	    60.041	     0.000	    -1.438	529.734056	529.734056	599.417477	2332.811823
  49.400	   0.000	       604.350	        78.852	     0.000	   325.863	   -18.538	    59.685	     0.000	    -1.421	534.567531	534.567531	604.775436	2333.589297
  49.600	   0.000	       595.069	        78.219	     0.000	   325.195	   -18.424	    60.069	     0.000	    -1.440	525.317921	525.317921	595.092695	2332.969062
  49.800	   0.000	       589.628	        77.719	     0.000	   324.529	   -18.311	    60.200	     0.000	    -1.446	518.768442	518.768442	589.074237	2332.462137
  50.000	   0.000	       570.850	        77.836	     0.000	   323.866	   -18.199	    61.280	     0.000	    -1.498	501.660611	501.660611	571.432539	2332.569879
  50.200	   0.000	       557.622	        77.249	     0.000	   323.206	   -18.088	    61.810	     0.000	    -1.524	487.558644	487.558644	557.499931	2332.032546
  50.400	   0.000	       543.467	        78.117	     0.000	   322.548	   -17.978	    62.825	     0.000	    -1.575	473.330445	473.330445	543.469653	2332.866985
  50.600	   0.000	       525.421	        78.873	     0.000	   321.893	   -17.868	    63.870	     0.000	    -1.628	455.892558	455.892558	525.468836	2333.623962
  50.800	   0.000	       524.090	        78.971	     0.000	   321.241	   -17.760	    63.977	     0.000	    -1.633	453.282879	453.282879	523.593574	2333.734411
  51.000	   0.000	       512.775	        79.778	     0.000	   320.591	   -17.652	    64.682	     0.000	    -1.669	443.593342	443.593342	513.531941	2334.503341
  51.200	   0.000	       519.323	        79.151	     0.000	   319.944	   -17.546	    64.035	     0.000	    -1.636	448.430313	448.430313	518.586636	2333.907208
  51.400	   0.000	       509.441	        78.596	     0.000	   319.300	   -17.440	    64.671	     0.000	    -1.669	439.372357	439.372357	509.443543	2333.344413
  51.600	   0.000	       508.321	        78.722	     0.000	   318.658	   -17.335	    64.491	     0.000	    -1.660	438.321051	438.321051	508.225145	2333.447625
  51.800	   0.000	       511.082	        78.113	     0.000	   318.019	   -17.231	    64.267	     0.000	    -1.648	440.095976	440.095976	510.617066	2332.895972
  52.000	   0.000	       513.215	        78.921	     0.000	   317.382	   -17.128	    63.951	     0.000	    -1.632	443.694123	443.694123	513.553244	2333.668686
  52.200	   0.000	       529.154	        79.685	     0.000	   316.748	   -17.025	    62.856	     0.000	    -1.577	458.425717	458.425717	528.512940	2334.440651
  52.400	   0.000	       537.183	        79.752	     0.000	   316.117	   -16.923	    62.137	     0.000	    -1.541	467.480016	467.480016	537.342774	2334.518126
  52.600	   0.000	       559.638	        80.529	     0.000	   315.488	   -16.823	    60.553	     0.000	    -1.463	489.610370	489.610370	559.741985	2335.252490
  52.800	   0.000	       569.274	        79.927	     0.000	   314.861	   -16.723	    59.872	     0.000	    -1.430	498.859047	498.859047	568.900881	2334.689777
  53.000	   0.000	       583.470	        79.325	     0.000	   314.237	   -16.623	    58.777	     0.000	    -1.379	513.662526	513.662526	583.768222	2334.066673
  53.200	   0.000	       594.545	        79.433	     0.000	   313.615	   -16.525	    58.100	     0.000	    -1.347	524.063225	524.063225	594.052957	2334.158233
  53.400	   0.000	       590.666	        78.838	     0.000	   312.996	   -16.427	    58.092	     0.000	    -1.347	521.073963	521.073963	591.131483	2333.612071
  53.600	   0.000	       597.702	        79.548	     0.000	   312.379	   -16.330	    57.636	     0.000	    -1.326	527.421793	527.421793	597.651862	2334.298358
  53.800	   0.000	       586.128	        80.339	     0.000	   311.765	   -16.234	    58.232	     0.000	    -1.353	517.268745	517.268745	586.593103	2335.089112
  54.000	   0.000	       595.661	        80.382	     0.000	   311.153	   -16.139	    57.534	     0.000	    -1.321	525.385932	525.385932	595.769542	2335.141729
  54.200	   0.000	       589.121	        81.081	     0.000	   310.544	   -16.044	    57.913	     0.000	    -1.338	519.086386	519.086386	588.832630	2335.816474
  54.400	   0.000	       583.264	        80.550	     0.000	   309.936	   -15.950	    57.998	     0.000	    -1.342	513.260719	513.260719	583.615438	2335.305967
  54.600	   0.000	       572.289	        79.871	     0.000	   309.332	   -15.857	    58.547	     0.000	    -1.368	502.885786	502.885786	572.503576	2334.608503
  54.800	   0.000	       553.044	        79.949	     0.000	   308.729	   -15.765	    59.517	     0.000	    -1.413	482.540418	482.540418	552.756195	2334.678286
  55.000	   0.000	       543.764	        79.390	     0.000	   308.129	   -15.673	    60.026	     0.000	    -1.438	473.763649	473.763649	543.868390	2334.149492
  55.200	   0.000	       521.536	        79.974	     0.000	   307.532	   -15.582	    61.429	     0.000	    -1.506	451.847095	451.847095	521.550358	2334.730830
  55.400	   0.000	       517.440	        80.804	     0.000	   306.936	   -15.491	    61.619	     0.000	    -1.515	446.894943	446.894943	517.129190	2335.552605
  55.600	   0.000	       505.589	        80.832	     0.000	   306.343	   -15.402	    62.480	     0.000	    -1.558	435.778433	435.778433	505.754318	2335.581496
  55.800	   0.000	       503.026	        81.441	     0.000	   305.752	   -15.313	    62.481	     0.000	    -1.558	432.835549	432.835549	502.702144	2336.181285
  56.000	   0.000	       508.868	        80.995	     0.000	   305.164	   -15.225	    62.047	     0.000	    -1.536	438.950895	438.950895	509.166632	2335.729076
  56.200	   0.000	       507.741	        80.208	     0.000	   304.577	   -15.137	    61.831	     0.000	    -1.526	437.744959	437.744959	507.464686	2334.946526
  56.400	   0.000	       520.132	        80.247	     0.000	   303.993	   -15.050	    60.911	     0.000	    -1.480	449.273906	449.273906	519.952954	2334.991068
  56.600	   0.000	       514.273	        79.734	     0.000	   303.412	   -14.964	    61.167	     0.000	    -1.493	444.564607	444.564607	514.224655	2334.479328
  56.800	   0.000	       525.830	        80.184	     0.000	   302.832	   -14.878	    60.248	     0.000	    -1.448	455.371531	455.371531	525.360509	2334.947005
  57.000	   0.000	       534.282	        81.064	     0.000	   302.255	   -14.793	    59.710	     0.000	    -1.423	464.987167	464.987167	534.899327	2335.813221
  57.200	   0.000	       549.685	        81.058	     0.000	   301.679	   -14.709	    58.522	     0.000	    -1.367	479.765160	479.765160	549.522467	2335.809913
  57.400	   0.000	       571.612	        81.585	     0.000	   301.106	   -14.625	    57.253	     0.000	    -1.308	500.429714	500.429714	571.193465	2336.333758
  57.600	   0.000	       574.784	        81.210	     0.000	   300.536	   -14.542	    56.821	     0.000	    -1.288	506.254583	506.254583	575.437479	2335.932775
  57.800	   0.000	       595.426	        80.303	     0.000	   299.967	   -14.460	    55.560	     0.000	    -1.232	523.778439	523.778439	594.500221	2335.058315
  58.000	   0.000	       589.939	        80.331	     0.000	   299.400	   -14.378	    55.717	     0.000	    -1.239	521.309787	521.309787	590.876576	2335.082146
  58.200	   0.000	       598.091	        79.843	     0.000	   298.836	   -14.297	    55.113	     0.000	    -1.212	527.565464	527.565464	597.681207	2334.580102
  58.400	   0.000	       591.066	        80.177	     0.000	   298.274	   -14.216	    55.438	     0.000	    -1.226	521.350071	521.350071	591.211180	2334.950029
  58.600	   0.000	       583.943	        81.105	     0.000	   297.714	   -14.137	    55.706	     0.000	    -1.238	514.376584	514.376584	584.232091	2335.845292
  58.800	   0.000	       579.666	        81.049	     0.000	   297.156	   -14.057	    55.918	     0.000	    -1.248	509.148096	509.148096	579.358552	2335.798655
  59.000	   0.000	       566.001	        81.496	     0.000	   296.600	   -13.978	    56.555	     0.000	    -1.276	496.988147	496.988147	566.675467	2336.251912
  59.200	   0.000	       568.668	        81.153	     0.000	   296.046	   -13.900	    56.308	     0.000	    -1.265	497.282758	497.282758	567.584082	2335.876690
  59.400	   0.000	       550.733	        80.152	     0.000	   295.494	   -13.823	    57.202	     0.000	    -1.306	481.518285	481.518285	551.348214	2334.916547
  59.600	   0.000	       542.630	        80.159	     0.000	   294.944	   -13.746	    57.526	     0.000	    -1.320	472.115926	472.115926	542.394198	2334.911428
  59.800	   0.000	       521.894	        79.673	     0.000	   294.397	   -13.669	    58.808	     0.000	    -1.380	451.878059	451.878059	521.621920	2334.401967
  60.000	   0.000	       506.253	        79.918	     0.000	   293.851	   -13.593	    59.669	     0.000	    -1.421	436.890238	436.890238	506.635544	2334.690613
