  1	  2	  3	  4	  5	  6	  7	  8	  9	 10	 11	 12	 13	以上是沿线管道号
与进水口距离	  最大压力值	 最小压力值
    0.00	     2780.00	     2780.00
   10.77	     2780.31	     2779.61
   21.55	     2780.47	     2779.40
   32.32	     2780.64	     2779.19
   43.10	     2780.80	     2778.98
   53.87	     2780.97	     2778.77
   64.65	     2781.14	     2778.56
   75.42	     2781.27	     2778.34
   86.20	     2781.41	     2778.15
   96.97	     2781.54	     2777.95
  107.75	     2781.67	     2777.76
  118.53	     2781.81	     2777.56
  129.30	     2781.94	     2777.37
  140.08	     2781.96	     2777.36
  151.08	     2782.71	     2776.58
  162.09	     2782.92	     2776.30
  173.09	     2783.11	     2776.05
  184.10	     2783.32	     2775.78
  195.11	     2783.52	     2775.51
  206.11	     2783.73	     2775.23
  217.12	     2783.92	     2774.97
  228.13	     2784.14	     2774.70
  239.13	     2784.33	     2774.44
  250.14	     2784.53	     2774.18
  261.15	     2784.73	     2773.91
  272.15	     2784.94	     2773.64
  283.16	     2785.14	     2773.38
  294.17	     2785.34	     2773.10
  305.17	     2785.54	     2772.83
  316.18	     2785.75	     2772.56
  327.19	     2785.95	     2772.30
  338.19	     2786.14	     2772.02
  349.20	     2786.34	     2771.74
  360.21	     2786.55	     2771.47
  371.21	     2786.74	     2771.19
  382.22	     2786.93	     2770.92
  393.23	     2787.13	     2770.64
  404.23	     2787.33	     2770.36
  415.24	     2787.52	     2770.08
  426.25	     2787.72	     2769.80
  437.25	     2787.92	     2769.52
  448.26	     2788.13	     2769.23
  459.27	     2788.32	     2768.96
  470.27	     2788.51	     2768.67
  481.28	     2788.71	     2768.37
  492.29	     2788.91	     2768.09
  503.29	     2789.10	     2767.82
  514.30	     2789.28	     2767.53
  525.31	     2789.48	     2767.23
  536.31	     2789.68	     2766.95
  547.32	     2789.86	     2766.66
  558.33	     2790.05	     2766.37
  569.33	     2790.27	     2766.08
  580.34	     2790.45	     2765.79
  591.34	     2790.62	     2765.51
  602.35	     2790.83	     2765.22
  613.36	     2791.05	     2764.93
  624.36	     2791.21	     2764.65
  635.37	     2791.40	     2764.36
  646.38	     2791.58	     2764.07
  657.38	     2791.78	     2763.78
  668.39	     2791.97	     2763.50
  679.40	     2792.15	     2763.21
  690.40	     2792.33	     2762.92
  701.41	     2792.53	     2762.64
  712.42	     2792.72	     2762.36
  723.42	     2792.90	     2762.10
  734.43	     2793.09	     2761.83
  745.44	     2793.29	     2761.55
  756.44	     2793.48	     2761.28
  767.45	     2793.66	     2761.02
  778.46	     2793.84	     2760.76
  789.46	     2794.03	     2760.48
  800.47	     2794.22	     2760.21
  811.48	     2794.38	     2759.95
  822.48	     2794.49	     2759.68
  833.49	     2794.68	     2759.41
  844.50	     2794.86	     2759.14
  855.50	     2795.05	     2758.87
  866.51	     2795.25	     2758.60
  877.52	     2795.44	     2758.32
  888.52	     2795.62	     2758.03
  899.53	     2795.80	     2757.76
  910.54	     2795.99	     2757.52
  921.54	     2796.17	     2757.26
  932.55	     2796.35	     2756.98
  943.56	     2796.52	     2756.71
  954.56	     2796.68	     2756.46
  965.57	     2796.86	     2756.19
  976.58	     2797.03	     2755.92
  987.58	     2797.19	     2755.66
  998.59	     2797.36	     2755.39
 1009.59	     2797.53	     2755.08
 1020.60	     2797.70	     2754.85
 1031.61	     2797.88	     2754.60
 1042.61	     2798.06	     2754.32
 1053.62	     2798.22	     2754.03
 1064.63	     2798.40	     2753.79
 1075.63	     2798.57	     2753.52
 1086.64	     2798.74	     2753.25
 1097.65	     2798.92	     2752.98
 1108.65	     2799.09	     2752.73
 1119.66	     2799.27	     2752.46
 1130.67	     2799.46	     2752.20
 1141.67	     2799.63	     2751.93
 1152.68	     2799.80	     2751.68
 1163.69	     2799.99	     2751.41
 1174.69	     2800.17	     2751.15
 1185.70	     2800.35	     2750.90
 1196.71	     2800.55	     2750.64
 1207.71	     2800.74	     2750.38
 1218.72	     2800.94	     2750.12
 1229.73	     2801.14	     2749.86
 1240.73	     2801.32	     2749.60
 1251.74	     2801.49	     2749.34
 1262.75	     2801.69	     2749.09
 1273.75	     2801.88	     2748.83
 1284.76	     2802.07	     2748.58
 1295.77	     2802.25	     2748.32
 1306.77	     2802.44	     2748.06
 1317.78	     2802.64	     2747.81
 1328.79	     2802.83	     2747.56
 1339.79	     2803.01	     2747.30
 1350.80	     2803.21	     2747.05
 1361.81	     2803.41	     2746.80
 1372.81	     2803.60	     2746.56
 1383.82	     2803.79	     2746.30
 1394.83	     2803.97	     2746.05
 1405.83	     2804.16	     2745.80
 1416.84	     2804.35	     2745.55
 1427.85	     2804.54	     2745.30
 1438.85	     2804.70	     2745.05
 1449.86	     2804.88	     2744.80
 1460.86	     2805.06	     2744.53
 1471.87	     2805.23	     2744.30
 1482.88	     2805.06	     2744.72
 1493.54	     2805.91	     2744.30
 1504.21	     2806.00	     2744.17
 1514.88	     2806.58	     2743.49
 1526.03	     2806.91	     2743.01
 1537.17	     2807.18	     2742.57
 1548.32	     2807.63	     2742.01
 1559.47	     2807.76	     2741.52
 1570.61	     2808.11	     2741.07
 1581.76	     2808.19	     2740.64
 1592.91	     2808.52	     2740.41
 1604.06	     2808.57	     2739.72
 1615.20	     2808.91	     2739.60
 1626.35	     2809.18	     2739.16
 1637.50	     2809.56	     2738.96
 1648.65	     2809.79	     2738.62
 1659.79	     2810.43	     2738.44
 1670.94	     2810.63	     2738.19
 1682.09	     2810.82	     2737.93
 1693.24	     2811.13	     2737.59
 1704.38	     2811.26	     2737.25
 1715.53	     2811.69	     2736.58
 1726.68	     2811.85	     2736.37
 1737.82	     2812.08	     2735.78
 1748.97	     2812.20	     2735.38
 1760.12	     2812.70	     2735.01
 1771.27	     2813.31	     2734.64
 1782.41	     2813.50	     2734.09
 1793.56	     2813.90	     2733.83
 1804.71	     2814.10	     2733.35
 1815.86	     2814.44	     2732.64
 1827.00	     2814.72	     2731.96
 1838.15	     2815.15	     2730.34
 1849.30	     2815.32	     2730.03
 1860.45	     2815.52	     2728.42
 1871.59	     2815.67	     2728.23
 1882.74	     2816.08	     2725.61
 1893.89	     2816.01	     2725.76
 1905.04	     2816.31	     2723.67
 1916.02	     2816.44	     2723.95
 1927.01	     2816.95	     2722.08
 1938.00	     2816.90	     2721.07
 1948.99	     2817.40	     2718.85
 1959.98	     2817.67	     2717.21
 1970.97	     2818.11	     2715.87
 1981.96	     2818.42	     2714.44
 1992.95	     2818.73	     2713.28
 2003.94	     2819.05	     2712.10
 2014.93	     2819.33	     2710.28
 2025.92	     2820.15	     2709.34
 2036.91	     2820.23	     2708.41
 2047.90	     2820.78	     2707.04
 2058.89	     2820.91	     2705.16
 2069.88	     2821.81	     2703.50
 2080.87	     2821.89	     2701.84
 2091.86	     2822.44	     2699.52
 2102.85	     2822.58	     2697.85
 2113.84	     2823.03	     2695.82
 2124.83	     2823.23	     2694.72
 2135.82	     2823.63	     2693.32
 2146.81	     2823.74	     2691.78
 2157.80	     2824.23	     2690.27
 2168.79	     2824.36	     2688.69
 2179.78	     2824.55	     2687.15
 2190.77	     2824.65	     2685.80
 2201.76	     2825.08	     2684.89
 2212.75	     2825.22	     2683.26
 2223.74	     2825.42	     2682.01
 2234.73	     2825.52	     2680.13
 2245.72	     2825.83	     2679.36
 2256.71	     2826.05	     2677.48
 2267.70	     2826.23	     2677.09
 2278.69	     2826.34	     2674.99
 2289.68	     2826.61	     2674.02
 2300.67	     2826.76	     2670.08
 2311.66	     2826.66	     2670.73
 2322.65	     2826.85	     2670.28
 2333.64	     2827.00	     2670.09
 2344.63	     2827.27	     2666.67
 2355.62	     2827.30	     2665.87
 2366.61	     2827.44	     2664.28
 2377.59	     2827.72	     2662.87
 2388.58	     2827.86	     2660.70
 2399.57	     2827.97	     2659.16
 2410.56	     2828.10	     2658.71
 2421.55	     2828.30	     2658.32
 2432.54	     2828.27	     2657.18
 2443.53	     2828.57	     2656.60
 2454.52	     2828.97	     2655.33
 2465.51	     2829.28	     2653.81
 2476.50	     2829.54	     2653.28
 2487.49	     2829.99	     2652.20
 2498.48	     2830.30	     2650.91
 2509.47	     2830.44	     2649.46
 2520.46	     2830.60	     2648.54
 2531.45	     2830.79	     2647.52
 2542.44	     2830.58	     2646.45
 2553.43	     2830.82	     2644.50
 2564.42	     2830.70	     2644.32
 2575.41	     2830.86	     2642.41
 2586.40	     2830.94	     2641.50
 2597.39	     2831.40	     2640.25
 2608.38	     2831.73	     2639.39
 2619.37	     2832.26	     2638.18
 2630.36	     2832.54	     2637.30
 2641.35	     2832.88	     2635.97
 2652.34	     2833.16	     2634.96
 2663.33	     2833.07	     2633.66
 2674.32	     2833.40	     2632.72
 2685.31	     2833.62	     2631.51
 2696.30	     2834.03	     2630.91
 2707.29	     2833.92	     2629.83
 2718.28	     2834.22	     2628.71
 2729.27	     2834.17	     2626.60
 2740.26	     2834.49	     2626.47
 2751.25	     2834.53	     2625.13
 2762.24	     2834.68	     2624.87
 2773.23	     2834.71	     2623.73
 2784.22	     2834.64	     2625.14
 2795.21	     2834.77	     2620.39
 2806.71	     2834.90	     2616.54
 2818.21	     2834.79	     2615.83
 2829.72	     2834.91	     2614.71
 2841.22	     2834.83	     2612.57
 2852.73	     2835.08	     2610.86
 2870.11	     2834.76	     2601.06
 2876.64	     2834.70	     2602.98
 2886.20	     2834.75	     2600.09
 2895.76	     2414.83	     2356.18
 2908.52	     2413.92	     2356.19
 2921.28	     2412.61	     2356.21
 2932.15	     2410.92	     2356.22
 2943.01	     2410.96	     2356.23
 2953.88	     2409.62	     2356.27
 2964.74	     2410.54	     2356.31
 2975.61	     2409.48	     2356.36
 2986.48	     2408.65	     2356.41
 2997.34	     2407.56	     2356.46
 3008.21	     2407.74	     2356.51
 3019.07	     2406.10	     2356.57
 3029.94	     2405.68	     2356.63
 3040.80	     2404.19	     2356.69
 3051.67	     2403.76	     2356.75
 3062.54	     2403.04	     2356.82
 3073.40	     2402.50	     2356.88
 3084.27	     2401.74	     2356.95
 3095.13	     2400.85	     2357.01
 3106.00	     2400.20	     2357.08
 3116.86	     2399.70	     2357.14
 3127.73	     2398.73	     2357.21
 3138.60	     2397.76	     2357.27
 3149.46	     2397.24	     2357.34
 3160.33	     2396.34	     2357.41
 3171.19	     2395.94	     2357.47
 3182.06	     2394.45	     2357.54
 3192.92	     2393.87	     2357.61
 3203.79	     2393.19	     2357.68
 3214.66	     2392.10	     2357.75
 3225.52	     2391.17	     2357.82
 3236.39	     2391.20	     2357.89
 3247.25	     2391.28	     2357.96
 3258.12	     2391.36	     2358.02
 3268.98	     2391.53	     2358.09
 3279.85	     2391.54	     2358.16
 3290.71	     2391.64	     2358.23
 3301.58	     2391.72	     2358.31
 3312.45	     2391.79	     2358.39
 3323.31	     2391.94	     2358.48
 3334.18	     2391.99	     2358.57
 3345.04	     2391.85	     2358.66
 3355.07	     2391.94	     2358.68
 3365.09	     2391.70	     2358.94
 3375.12	     2391.43	     2359.18
 3385.14	     2391.19	     2359.42
 3395.16	     2390.94	     2359.65
 3405.19	     2390.69	     2359.91
 3415.21	     2390.43	     2360.15
 3425.24	     2390.20	     2360.40
 3435.26	     2389.94	     2360.64
 3445.28	     2389.71	     2360.89
 3455.31	     2389.46	     2361.12
 3465.33	     2389.22	     2361.37
 3475.36	     2388.95	     2361.62
 3485.38	     2388.72	     2361.86
 3495.41	     2388.47	     2362.10
 3505.43	     2388.21	     2362.35
 3515.45	     2387.96	     2362.58
 3525.48	     2387.74	     2362.75
 3535.50	     2387.44	     2363.06
 3545.53	     2387.18	     2363.31
 3555.55	     2386.93	     2363.56
 3565.57	     2386.68	     2363.81
 3575.60	     2386.42	     2364.06
 3585.62	     2386.18	     2364.30
 3595.65	     2385.94	     2364.56
 3605.67	     2385.67	     2364.81
 3615.69	     2385.42	     2365.07
 3625.72	     2385.17	     2365.31
 3635.74	     2384.92	     2365.57
 3645.77	     2384.66	     2365.81
 3655.79	     2384.43	     2366.07
 3665.82	     2384.16	     2366.31
 3675.84	     2383.90	     2366.57
 3685.86	     2383.65	     2366.81
 3695.89	     2383.41	     2367.06
 3705.91	     2382.84	     2367.55
 3716.05	     2382.68	     2367.70
 3726.19	     2382.35	     2367.97
 3736.32	     2382.02	     2368.24
 3746.46	     2381.69	     2368.52
 3756.59	     2381.35	     2368.79
 3766.73	     2381.02	     2369.07
 3776.87	     2380.69	     2369.34
 3787.00	     2380.36	     2369.62
 3797.14	     2380.03	     2369.89
 3807.28	     2379.70	     2370.16
 3817.41	     2379.37	     2370.44
 3827.55	     2379.03	     2370.71
 3837.69	     2378.70	     2371.00
 3847.82	     2378.36	     2371.28
 3857.96	     2378.03	     2371.56
 3868.10	     2377.69	     2371.84
 3878.23	     2377.36	     2372.12
 3888.37	     2377.02	     2372.40
 3898.51	     2376.69	     2372.69
 3908.64	     2376.35	     2372.97
 3918.78	     2376.02	     2373.25
 3928.92	     2375.68	     2373.53
 3939.05	     2375.34	     2373.81
 3949.19	     2375.01	     2374.09
 3959.33	     2374.50	     2374.50
