    时间	    开度值	      蜗壳压力	      尾水管压力	    流量	      转速	      出力	  单位转速	  单位流量	  单位力矩	球阀前压力	球阀后压力	蜗壳进口压力	尾水管出口压力
   0.000	   0.495	       508.399	        81.093	   -72.568	  -428.600	  -341.581	   -88.183	    -0.202	    25.128	415.789704	416.268382	508.398916	2352.471573
   0.200	   0.495	       498.258	        86.383	   -71.680	  -419.401	  -320.881	   -88.571	    -0.204	    25.415	400.691224	400.691224	500.521096	2356.281099
   0.400	   0.491	       485.372	        92.338	   -70.415	  -410.576	  -301.394	   -88.782	    -0.206	    25.566	388.443118	388.443118	488.063546	2361.486884
   0.600	   0.487	       474.088	        98.736	   -69.191	  -402.105	  -283.447	   -88.995	    -0.207	    25.718	377.000763	377.000763	476.645170	2367.443704
   0.800	   0.483	       463.050	       104.236	   -68.000	  -393.968	  -266.890	   -89.201	    -0.208	    25.867	365.836076	365.836076	465.454090	2372.697925
   1.000	   0.479	       448.897	       104.083	   -66.517	  -386.148	  -251.248	   -89.179	    -0.207	    25.848	351.847564	351.847564	451.370866	2371.813839
   1.200	   0.475	       432.771	       100.465	   -64.942	  -378.637	  -236.655	   -89.055	    -0.206	    25.752	336.784725	336.784725	436.328916	2367.546643
   1.400	   0.471	       418.783	        97.485	   -63.251	  -371.424	  -222.989	   -88.807	    -0.204	    25.563	322.582262	322.582262	422.017887	2363.862205
   1.600	   0.468	       404.886	        94.433	   -61.728	  -364.492	  -210.449	   -88.632	    -0.203	    25.429	308.600600	308.600600	408.043876	2359.970266
   1.800	   0.464	       394.517	        94.942	   -60.393	  -357.822	  -198.886	   -88.561	    -0.202	    25.360	298.347747	298.347747	398.125038	2360.948858
   2.000	   0.460	       387.408	        98.576	   -59.210	  -351.396	  -188.233	   -88.568	    -0.201	    25.347	290.293626	290.293626	389.628934	2363.254560
   2.200	   0.456	       379.484	       100.617	   -58.019	  -345.202	  -178.278	   -88.538	    -0.201	    25.304	282.417657	282.417657	381.694654	2364.962475
   2.400	   0.452	       372.774	       103.297	   -56.858	  -339.229	  -168.996	   -88.498	    -0.200	    25.254	275.536862	275.536862	374.843517	2367.403102
   2.600	   0.448	       363.529	       102.162	   -55.539	  -333.470	  -160.147	   -88.307	    -0.199	    25.084	268.466669	268.466669	367.005556	2366.635787
   2.800	   0.444	       366.401	       107.813	   -53.023	  -327.938	  -150.597	   -87.173	    -0.190	    24.169	273.148946	273.148946	370.981925	2369.254676
   3.000	   0.440	       369.610	       113.094	   -50.428	  -322.654	  -141.457	   -85.979	    -0.181	    23.187	275.963218	275.963218	373.621857	2373.870569
   3.200	   0.436	       372.492	       117.762	   -47.845	  -317.611	  -132.892	   -84.802	    -0.172	    22.217	278.668026	278.668026	376.455330	2377.593738
   3.400	   0.432	       375.506	       123.365	   -45.578	  -312.793	  -125.201	   -83.841	    -0.165	    21.419	280.388985	280.388985	376.287749	2383.568909
   3.600	   0.428	       375.719	       123.273	   -42.730	  -308.198	  -117.135	   -82.424	    -0.154	    20.247	281.718613	281.718613	379.423630	2381.179017
   3.800	   0.424	       374.112	       121.036	   -39.779	  -303.849	  -108.869	   -81.030	    -0.143	    18.979	281.799932	281.799932	379.202759	2378.277488
   4.000	   0.420	       371.144	       120.731	   -36.620	  -299.764	  -100.585	   -80.248	    -0.132	    17.911	279.093228	279.093228	376.592466	2377.405850
   4.200	   0.417	       365.444	       121.036	   -33.344	  -295.945	   -92.692	   -80.088	    -0.122	    17.085	272.384261	272.384261	370.209609	2377.055503
   4.400	   0.413	       360.086	       122.265	   -30.727	  -292.366	   -86.261	   -80.133	    -0.114	    16.509	265.990817	265.990817	363.357488	2378.589354
   4.600	   0.409	       356.457	       123.289	   -28.418	  -288.990	   -80.507	   -79.929	    -0.106	    15.873	261.957473	261.957473	360.247390	2378.668388
   4.800	   0.405	       350.964	       121.247	   -26.079	  -285.809	   -74.728	   -79.576	    -0.098	    15.097	254.866875	254.866875	353.628679	2376.916147
   5.000	   0.401	       345.190	       118.422	   -23.768	  -282.831	   -69.055	   -79.198	    -0.090	    14.259	251.162952	251.162952	348.560193	2373.227309
   5.200	   0.397	       338.963	       114.739	   -21.590	  -280.051	   -63.898	   -78.811	    -0.082	    13.459	245.682321	245.682321	344.172429	2370.171024
   5.400	   0.393	       339.721	       117.070	   -19.179	  -277.456	   -58.753	   -78.302	    -0.073	    12.562	246.918170	246.918170	344.027278	2371.016417
   5.600	   0.389	       339.189	       119.178	   -16.762	  -275.061	   -53.483	   -78.044	    -0.064	    11.659	246.303787	246.303787	343.989497	2373.605735
   5.800	   0.385	       341.199	       124.656	   -14.294	  -272.876	   -48.072	   -78.000	    -0.055	    10.721	246.374686	246.374686	344.364959	2378.028006
   6.000	   0.381	       342.345	       128.674	   -12.158	  -270.892	   -43.451	   -77.920	    -0.047	     9.885	249.752760	249.752760	347.277361	2381.586535
   6.200	   0.377	       341.946	       129.895	    -9.353	  -269.116	   -38.191	   -77.670	    -0.036	     8.805	245.727016	245.727016	346.365903	2382.198520
   6.400	   0.373	       341.333	       130.732	    -6.274	  -267.535	   -33.115	   -77.451	    -0.025	     7.727	249.728260	249.728260	347.014943	2383.295714
   6.600	   0.369	       338.936	       130.165	    -2.894	  -266.220	   -26.954	   -77.390	    -0.011	     6.373	247.830108	247.830108	343.782802	2383.619361
   6.800	   0.365	       336.801	       136.252	     1.234	  -265.175	   -20.925	   -78.646	     0.005	     5.170	245.768977	245.768977	343.241930	2388.200261
   7.000	   0.362	       337.842	       139.313	     4.620	  -264.279	   -20.001	   -78.791	     0.019	     5.010	243.787328	243.787328	341.097896	2390.643155
   7.200	   0.358	       335.833	       135.938	     7.006	  -263.391	   -20.820	   -78.274	     0.028	     5.200	244.296272	244.296272	341.751083	2389.313584
   7.400	   0.354	       336.573	       132.956	     9.917	  -262.419	   -22.784	   -77.298	     0.039	     5.611	241.258603	241.258603	339.904812	2385.987492
   7.600	   0.350	       333.140	       123.536	    12.744	  -261.328	   -25.928	   -75.905	     0.050	     6.235	239.183897	239.183897	336.648255	2377.004030
   7.800	   0.346	       332.522	       116.500	    15.065	  -260.088	   -29.579	   -74.447	     0.058	     6.940	243.881023	243.881023	336.904944	2371.619644
   8.000	   0.342	       338.738	       115.530	    17.180	  -258.640	   -34.121	   -72.863	     0.065	     7.798	245.237544	245.237544	342.783460	2370.271234
   8.200	   0.338	       345.465	       115.861	    18.893	  -256.981	   -38.552	   -71.407	     0.071	     8.627	250.463514	250.463514	347.256061	2370.531813
   8.400	   0.334	       356.525	       119.907	    20.384	  -255.093	   -43.663	   -69.846	     0.075	     9.558	259.342973	259.342973	357.343376	2374.413565
   8.600	   0.330	       368.165	       121.800	    21.625	  -252.945	   -49.649	   -67.889	     0.078	    10.532	272.489275	272.489275	370.316013	2377.017749
   8.800	   0.326	       387.768	       121.018	    23.403	  -250.439	   -59.370	   -64.613	     0.081	    11.753	283.743487	283.743487	382.825666	2375.151252
   9.000	   0.322	       397.506	       118.400	    24.340	  -247.553	   -64.944	   -62.446	     0.083	    12.434	301.291467	301.291467	398.902408	2374.075443
   9.200	   0.318	       415.821	       115.029	    25.846	  -244.223	   -74.230	   -59.353	     0.085	    13.371	319.588294	319.588294	415.993266	2370.309190
   9.400	   0.314	       443.018	       115.433	    27.594	  -240.340	   -85.156	   -55.979	     0.087	    14.317	348.464009	348.464009	445.469649	2372.838507
   9.600	   0.311	       462.156	       116.034	    28.790	  -235.950	   -92.164	   -53.471	     0.088	    14.941	363.446136	363.446136	462.004264	2373.093548
   9.800	   0.307	       475.588	       116.337	    29.636	  -231.183	   -96.556	   -51.428	     0.089	    15.395	378.715899	378.715899	476.763256	2372.928140
  10.000	   0.303	       487.916	       116.162	    30.416	  -226.105	  -100.221	   -49.449	     0.090	    15.791	390.573241	390.573241	488.402338	2372.980413
  10.200	   0.299	       499.834	       112.236	    31.384	  -220.681	  -104.691	   -47.270	     0.091	    16.212	403.992773	403.992773	503.081970	2370.126663
  10.400	   0.295	       507.087	       111.035	    32.003	  -214.945	  -106.223	   -45.551	     0.092	    16.530	410.839540	410.839540	509.439124	2367.289691
  10.600	   0.291	       512.464	       108.318	    32.597	  -209.000	  -107.217	   -43.848	     0.092	    16.818	414.320734	414.320734	513.380950	2366.270101
  10.800	   0.287	       512.697	       107.176	    32.833	  -202.900	  -105.703	   -42.498	     0.093	    17.023	412.579921	412.579921	512.442537	2364.293670
  11.000	   0.283	       510.683	       106.843	    32.904	  -196.753	  -103.040	   -41.298	     0.093	    17.185	411.828409	411.828409	513.148784	2363.051867
  11.200	   0.279	       504.319	       105.325	    32.807	  -190.601	   -99.349	   -40.250	     0.094	    17.313	407.431214	407.431214	505.489104	2364.160452
  11.400	   0.275	       500.271	       105.757	    32.724	  -184.465	   -95.721	   -39.176	     0.094	    17.432	401.681145	401.681145	501.688590	2364.056360
  11.600	   0.271	       495.970	       106.860	    32.589	  -178.372	   -91.858	   -38.145	     0.094	    17.541	396.248318	396.248318	495.659948	2364.180219
  11.800	   0.267	       488.638	       105.859	    32.398	  -172.338	   -87.759	   -37.159	     0.094	    17.633	387.811842	387.811842	487.776506	2364.096557
  12.000	   0.263	       485.117	       106.423	    32.060	  -166.379	   -83.715	   -36.065	     0.094	    17.609	385.607646	385.607646	486.376041	2363.913735
  12.200	   0.260	       484.689	       105.545	    31.898	  -160.464	   -80.736	   -34.761	     0.093	    17.586	382.828932	382.828932	482.599023	2363.766788
  12.400	   0.256	       481.032	       105.493	    31.519	  -154.587	   -76.790	   -33.646	     0.093	    17.527	380.968360	380.968360	480.960346	2363.159116
  12.600	   0.252	       480.341	       106.347	    31.237	  -148.758	   -73.362	   -32.442	     0.092	    17.471	380.975182	380.975182	479.613640	2363.642508
  12.800	   0.248	       482.243	       106.430	    31.118	  -142.946	   -70.676	   -31.097	     0.091	    17.429	382.292270	382.292270	481.480258	2365.261355
  13.000	   0.244	       485.826	       109.281	    30.938	  -137.130	   -67.728	   -29.801	     0.091	    17.374	385.175974	385.175974	484.770648	2366.257251
  13.200	   0.240	       488.989	       110.202	    30.821	  -131.305	   -65.029	   -28.449	     0.090	    17.317	390.025974	390.025974	488.333308	2367.476596
  13.400	   0.236	       493.560	       110.578	    30.785	  -125.446	   -62.614	   -27.029	     0.090	    17.259	394.511949	394.511949	492.781593	2368.767699
  13.600	   0.232	       497.489	       111.002	    30.758	  -119.550	   -60.081	   -25.641	     0.089	    17.219	397.757512	397.757512	497.137879	2368.673755
  13.800	   0.228	       500.030	       111.042	    30.772	  -113.616	   -57.449	   -24.289	     0.089	    17.212	400.310485	400.310485	499.335253	2368.224478
  14.000	   0.224	       502.172	       110.179	    30.794	  -107.639	   -54.802	   -22.922	     0.089	    17.197	403.048584	403.048584	501.887200	2367.774484
  14.200	   0.220	       505.595	       110.209	    30.811	  -101.625	   -52.093	   -21.548	     0.088	    17.165	406.251740	406.251740	505.696506	2367.754762
  14.400	   0.216	       508.375	       110.221	    30.787	   -95.576	   -49.210	   -20.194	     0.088	    17.121	408.321581	408.321581	507.155139	2368.033413
  14.600	   0.212	       506.331	       110.066	    30.544	   -89.535	   -45.694	   -18.962	     0.087	    17.049	407.677834	407.677834	506.779194	2367.646718
  14.800	   0.209	       506.034	       109.778	    30.368	   -83.530	   -42.438	   -17.690	     0.087	    16.972	406.707442	406.707442	506.312371	2367.684899
  15.000	   0.205	       505.426	       109.576	    30.158	   -77.563	   -39.153	   -16.434	     0.086	    16.878	405.471995	405.471995	504.893111	2367.382554
  15.200	   0.201	       502.859	       108.887	    29.874	   -71.648	   -35.774	   -15.216	     0.086	    16.772	402.622111	402.622111	502.461763	2365.903960
  15.400	   0.197	       502.946	       109.099	    29.513	   -65.798	   -32.472	   -13.974	     0.085	    16.581	402.562929	402.562929	502.205373	2366.451433
  15.600	   0.193	       500.891	       107.773	    29.093	   -60.026	   -29.192	   -12.759	     0.083	    16.366	400.349365	400.349365	500.290626	2365.516823
  15.800	   0.189	       499.637	       107.637	    28.655	   -54.347	   -26.010	   -11.567	     0.082	    16.149	399.228435	399.228435	499.003618	2365.666377
  16.000	   0.185	       499.273	       108.512	    28.211	   -48.764	   -22.953	   -10.394	     0.081	    15.930	398.067935	398.067935	497.957623	2365.799068
  16.200	   0.181	       498.990	       108.687	    27.792	   -43.266	   -20.063	    -9.227	     0.080	    15.709	398.964940	398.964940	498.671225	2366.140429
  16.400	   0.177	       501.522	       110.325	    27.420	   -37.838	   -17.341	    -8.060	     0.079	    15.487	400.549047	400.549047	500.117172	2367.328516
  16.600	   0.173	       501.945	       110.526	    27.016	   -32.480	   -14.678	    -6.916	     0.078	    15.259	401.809087	401.809087	501.496188	2367.984435
  16.800	   0.169	       502.944	       110.685	    26.629	   -27.191	   -12.131	    -5.783	     0.076	    15.030	402.635200	402.635200	501.817509	2367.723221
  17.000	   0.165	       505.413	       111.377	    26.284	   -21.967	    -9.694	    -4.661	     0.075	    14.797	404.754072	404.754072	504.490650	2368.536827
  17.200	   0.161	       506.908	       110.399	    25.983	   -16.803	    -7.341	    -3.554	     0.074	    14.555	405.642843	405.642843	505.132662	2367.253969
  17.400	   0.157	       507.990	       110.285	    25.627	   -11.703	    -5.041	    -2.471	     0.073	    14.305	407.647218	407.647218	507.277128	2367.662509
  17.600	   0.154	       509.985	       110.876	    25.268	    -6.669	    -2.831	    -1.406	     0.072	    14.047	409.499524	409.499524	509.257366	2367.507357
  17.800	   0.150	       511.805	       110.640	    24.922	    -1.701	    -0.712	    -0.358	     0.071	    13.785	411.272185	411.272185	511.294877	2367.870955
  18.000	   0.146	       511.726	       111.345	    24.481	     3.179	     1.303	     0.669	     0.070	    13.517	411.587730	411.587730	511.153640	2368.183308
  18.200	   0.142	       512.142	       111.033	    24.072	     7.962	     3.203	     1.674	     0.068	    13.240	411.935416	411.935416	511.408838	2368.239135
  18.400	   0.138	       511.907	       110.788	    23.638	    12.650	     4.983	     2.659	     0.067	    12.960	410.857890	410.857890	510.976392	2367.329474
  18.600	   0.134	       511.490	       110.917	    23.183	    17.234	     6.632	     3.624	     0.066	    12.675	410.588859	410.588859	510.167423	2367.490476
  18.800	   0.130	       510.688	       110.483	    22.701	    21.708	     8.141	     4.567	     0.064	    12.363	409.826175	409.826175	509.684137	2366.779386
  19.000	   0.126	       509.211	       109.884	    22.189	    26.063	     9.501	     5.489	     0.063	    12.041	408.644093	408.644093	508.736034	2366.815221
  19.200	   0.122	       508.982	       110.504	    21.672	    30.294	    10.724	     6.386	     0.062	    11.717	408.327866	408.327866	508.171644	2366.780915
  19.400	   0.118	       508.285	       110.384	    21.155	    34.403	    11.824	     7.257	     0.060	    11.389	407.363375	407.363375	507.317358	2366.917392
  19.600	   0.114	       508.467	       111.005	    20.629	    38.387	    12.797	     8.101	     0.059	    11.058	407.654988	407.654988	507.355531	2367.422337
  19.800	   0.110	       508.630	       111.461	    20.102	    42.252	    13.653	     8.919	     0.057	    10.724	408.145339	408.145339	507.909046	2367.897262
  20.000	   0.106	       507.891	       111.148	    19.566	    45.999	    14.387	     9.714	     0.056	    10.390	406.906068	406.906068	507.150452	2367.111368
  20.200	   0.103	       507.739	       111.274	    19.029	    49.624	    15.011	    10.483	     0.054	    10.054	407.315241	407.315241	506.806171	2367.343585
  20.400	   0.099	       508.859	       110.814	    18.486	    53.132	    15.569	    11.200	     0.053	     9.699	408.099255	408.099255	507.832289	2366.982457
  20.600	   0.095	       510.225	       109.795	    17.880	    56.525	    16.000	    11.879	     0.051	     9.311	409.493672	409.493672	508.924117	2366.279505
  20.800	   0.091	       512.472	       110.302	    17.243	    59.795	    16.293	    12.538	     0.049	     8.923	411.711526	411.711526	511.671468	2366.273018
  21.000	   0.087	       514.309	       109.817	    16.609	    62.944	    16.506	    13.159	     0.047	     8.536	413.482332	413.482332	513.346555	2365.820793
  21.200	   0.083	       515.962	       109.749	    15.959	    65.970	    16.589	    13.761	     0.045	     8.150	415.017487	415.017487	515.140004	2365.930724
  21.400	   0.079	       517.285	       110.434	    15.289	    68.864	    16.527	    14.352	     0.043	     7.765	416.656533	416.656533	516.451402	2366.507402
  21.600	   0.075	       518.063	       110.159	    14.638	    71.625	    16.388	    14.907	     0.041	     7.382	416.696543	416.696543	516.953919	2365.957839
  21.800	   0.071	       519.096	       110.850	    13.969	    74.250	    16.131	    15.446	     0.039	     7.003	418.023964	418.023964	517.143991	2366.395428
  22.000	   0.067	       519.616	       110.580	    13.287	    76.743	    15.813	    15.948	     0.037	     6.628	418.462251	418.462251	518.807484	2366.384537
  22.200	   0.063	       520.415	       109.441	    12.539	    79.103	    15.370	    16.398	     0.035	     6.220	419.371047	419.371047	519.398361	2365.333236
  22.400	   0.059	       521.788	       109.292	    11.778	    81.318	    14.806	    16.825	     0.033	     5.806	420.563173	420.563173	520.701369	2365.178607
  22.600	   0.055	       522.872	       108.533	    11.019	    83.391	    14.176	    17.214	     0.031	     5.396	421.759681	421.759681	521.545028	2364.208315
  22.800	   0.052	       523.696	       108.228	    10.258	    85.319	    13.438	    17.587	     0.029	     4.985	422.189490	422.189490	522.113566	2363.949404
  23.000	   0.048	       522.936	       108.986	     9.472	    87.095	    12.547	    17.985	     0.026	     4.576	421.909250	421.909250	521.977063	2364.726542
  23.200	   0.044	       521.641	       109.042	     8.696	    88.714	    11.608	    18.349	     0.024	     4.169	420.494444	420.494444	520.327078	2364.545767
  23.400	   0.040	       519.917	       109.771	     7.910	    90.176	    10.592	    18.706	     0.022	     3.764	418.885936	418.885936	518.603257	2365.067604
  23.600	   0.036	       518.351	       109.921	     7.139	    91.484	     9.565	    19.016	     0.020	     3.365	417.337691	417.337691	517.328960	2365.373693
  23.800	   0.032	       517.882	       108.771	     6.368	    92.645	     8.609	    19.280	     0.018	     2.997	416.356336	416.356336	516.262700	2364.401587
  24.000	   0.028	       517.331	       108.460	     5.572	    93.661	     7.505	    19.486	     0.016	     2.583	416.092130	416.092130	516.263627	2364.117781
  24.200	   0.024	       517.358	       107.812	     4.810	    94.526	     6.371	    19.619	     0.013	     2.163	415.844937	415.844937	515.908081	2363.352479
  24.400	   0.020	       516.528	       107.412	     4.014	    95.247	     5.239	    19.779	     0.011	     1.767	415.336417	415.336417	515.517181	2362.784057
  24.600	   0.016	       516.733	       107.925	     3.220	    95.822	     4.100	    19.906	     0.009	     1.375	415.529305	415.529305	515.721339	2363.523481
  24.800	   0.012	       515.227	       108.080	     2.423	    96.254	     2.946	    20.036	     0.007	     0.988	414.039375	414.039375	514.005776	2363.362920
  25.000	   0.008	       513.590	       108.234	     1.638	    96.545	     1.804	    20.140	     0.005	     0.606	412.583486	412.583486	512.690089	2363.460919
  25.200	   0.004	       513.368	       108.589	     0.864	    96.696	     0.687	    20.186	     0.002	     0.230	411.907251	411.907251	511.881701	2363.905308
  25.400	   0.001	       512.641	       107.679	     0.101	    96.713	    -0.409	    20.185	     0.000	    -0.137	411.201361	411.201361	511.302849	2363.115639
  25.600	   0.000	       502.630	       109.440	     0.000	    96.654	    -0.484	    20.460	     0.000	    -0.167	403.210069	403.210069	502.962337	2364.923052
  25.800	   0.000	       497.393	       111.440	     0.000	    96.595	    -0.483	    20.638	     0.000	    -0.170	398.343581	398.343581	497.900061	2367.271005
  26.000	   0.000	       490.836	       113.440	     0.000	    96.536	    -0.482	    20.863	     0.000	    -0.174	391.601288	391.601288	491.300659	2369.634282
  26.200	   0.000	       485.422	       115.440	     0.000	    96.478	    -0.481	    21.067	     0.000	    -0.177	385.374509	385.374509	485.494697	2372.811562
  26.400	   0.000	       477.190	       117.440	     0.000	    96.419	    -0.480	    21.343	     0.000	    -0.182	377.823642	377.823642	477.861984	2372.243111
  26.600	   0.000	       470.293	       115.840	     0.000	    96.360	    -0.479	    21.507	     0.000	    -0.185	370.392741	370.392741	470.372167	2370.231390
  26.800	   0.000	       462.510	       113.840	     0.000	    96.302	    -0.478	    21.650	     0.000	    -0.187	362.956011	362.956011	462.579138	2367.866472
  27.000	   0.000	       455.179	       111.840	     0.000	    96.243	    -0.478	    21.810	     0.000	    -0.190	355.293020	355.293020	455.371749	2365.287151
  27.200	   0.000	       447.725	       109.840	     0.000	    96.185	    -0.477	    21.983	     0.000	    -0.193	348.312333	348.312333	448.158965	2363.806019
  27.400	   0.000	       444.923	       109.716	     0.000	    96.127	    -0.476	    22.047	     0.000	    -0.194	345.575546	345.575546	445.204108	2364.351536
  27.600	   0.000	       440.418	       111.414	     0.000	    96.068	    -0.475	    22.235	     0.000	    -0.197	340.727613	340.727613	440.708694	2366.081712
  27.800	   0.000	       436.170	       113.157	     0.000	    96.010	    -0.474	    22.432	     0.000	    -0.201	336.332394	336.332394	436.072182	2367.809512
  28.000	   0.000	       432.317	       114.347	     0.000	    95.952	    -0.473	    22.608	     0.000	    -0.204	333.829631	333.829631	432.548455	2369.038238
  28.200	   0.000	       446.368	       113.888	     0.000	    95.894	    -0.472	    22.094	     0.000	    -0.195	346.618839	346.618839	445.947593	2368.575376
  28.400	   0.000	       452.686	       111.888	     0.000	    95.836	    -0.472	    21.818	     0.000	    -0.190	353.227582	353.227582	452.042694	2366.445232
  28.600	   0.000	       460.943	       109.888	     0.000	    95.778	    -0.471	    21.468	     0.000	    -0.184	361.607121	361.607121	460.926247	2364.291401
  28.800	   0.000	       468.569	       107.888	     0.000	    95.720	    -0.470	    21.182	     0.000	    -0.179	368.918521	368.918521	468.083354	2362.467253
  29.000	   0.000	       475.882	       107.446	     0.000	    95.663	    -0.469	    20.944	     0.000	    -0.175	376.294969	376.294969	475.782270	2362.102548
  29.200	   0.000	       481.275	       108.932	     0.000	    95.605	    -0.468	    20.804	     0.000	    -0.173	382.143555	382.143555	481.100587	2363.607536
  29.400	   0.000	       488.759	       110.413	     0.000	    95.547	    -0.467	    20.649	     0.000	    -0.170	389.212802	389.212802	488.486914	2365.087570
  29.600	   0.000	       495.707	       111.736	     0.000	    95.490	    -0.466	    20.476	     0.000	    -0.167	395.676632	395.676632	495.090038	2366.418313
  29.800	   0.000	       498.854	       111.592	     0.000	    95.432	    -0.466	    20.369	     0.000	    -0.166	399.425975	399.425975	498.895976	2366.393500
  30.000	   0.000	       498.152	       109.592	     0.000	    95.375	    -0.465	    20.327	     0.000	    -0.165	399.296050	399.296050	498.306700	2364.357865
  30.200	   0.000	       500.860	       107.592	     0.000	    95.317	    -0.464	    20.186	     0.000	    -0.163	401.384604	401.384604	500.714899	2362.325212
  30.400	   0.000	       501.849	       105.592	     0.000	    95.260	    -0.463	    20.094	     0.000	    -0.161	402.411625	402.411625	501.837764	2360.390113
  30.600	   0.000	       494.686	       105.060	     0.000	    95.203	    -0.462	    20.231	     0.000	    -0.163	394.656635	394.656635	495.724624	2359.726963
  30.800	   0.000	       483.204	       106.437	     0.000	    95.146	    -0.461	    20.575	     0.000	    -0.169	383.648445	383.648445	483.224395	2361.118031
  31.000	   0.000	       473.703	       107.815	     0.000	    95.089	    -0.461	    20.873	     0.000	    -0.174	374.006085	374.006085	474.119337	2362.497045
  31.200	   0.000	       464.726	       109.143	     0.000	    95.032	    -0.460	    21.151	     0.000	    -0.179	365.228379	365.228379	465.116257	2363.827738
  31.400	   0.000	       459.117	       109.166	     0.000	    94.975	    -0.459	    21.335	     0.000	    -0.182	359.638247	359.638247	459.680051	2363.937010
  31.600	   0.000	       452.547	       107.166	     0.000	    94.918	    -0.458	    21.445	     0.000	    -0.184	353.410892	353.410892	453.232044	2361.943781
  31.800	   0.000	       449.595	       105.166	     0.000	    94.861	    -0.457	    21.473	     0.000	    -0.184	349.773601	349.773601	449.606145	2359.948368
  32.000	   0.000	       443.271	       103.166	     0.000	    94.804	    -0.456	    21.583	     0.000	    -0.186	343.953425	343.953425	443.567345	2357.982086
  32.200	   0.000	       438.597	       102.450	     0.000	    94.748	    -0.456	    21.699	     0.000	    -0.188	339.442013	339.442013	438.840723	2357.130970
  32.400	   0.000	       441.621	       103.784	     0.000	    94.691	    -0.455	    21.646	     0.000	    -0.187	342.400193	342.400193	441.711791	2358.467307
  32.600	   0.000	       442.885	       105.113	     0.000	    94.635	    -0.454	    21.639	     0.000	    -0.187	343.528597	343.528597	442.889115	2359.797123
  32.800	   0.000	       444.727	       106.416	     0.000	    94.578	    -0.453	    21.608	     0.000	    -0.186	345.217094	345.217094	444.537296	2361.101045
  33.000	   0.000	       448.811	       106.498	     0.000	    94.522	    -0.452	    21.467	     0.000	    -0.184	349.930773	349.930773	448.669316	2361.333543
  33.200	   0.000	       462.853	       104.498	     0.000	    94.465	    -0.452	    20.987	     0.000	    -0.176	363.252068	363.252068	461.776888	2359.348527
  33.400	   0.000	       470.517	       102.522	     0.000	    94.409	    -0.451	    20.676	     0.000	    -0.171	371.722169	371.722169	470.477188	2357.370374
  33.600	   0.000	       483.450	       100.569	     0.000	    94.353	    -0.450	    20.270	     0.000	    -0.164	384.025622	384.025622	483.027996	2355.415217
  33.800	   0.000	       489.499	        99.794	     0.000	    94.297	    -0.449	    20.074	     0.000	    -0.161	390.416247	390.416247	489.487745	2354.489522
  34.000	   0.000	       493.094	       101.114	     0.000	    94.241	    -0.448	    20.012	     0.000	    -0.160	393.275963	393.275963	492.791929	2355.798371
  34.200	   0.000	       496.973	       102.400	     0.000	    94.185	    -0.448	    19.912	     0.000	    -0.158	397.721668	397.721668	497.144949	2357.085119
  34.400	   0.000	       500.419	       103.653	     0.000	    94.129	    -0.447	    19.870	     0.000	    -0.158	400.583042	400.583042	499.850225	2358.340540
  34.600	   0.000	       503.232	       103.783	     0.000	    94.073	    -0.446	    19.768	     0.000	    -0.156	404.279299	404.279299	503.765321	2358.623048
  34.800	   0.000	       503.729	       101.804	     0.000	    94.017	    -0.445	    19.691	     0.000	    -0.155	404.155926	404.155926	504.109524	2356.650714
  35.000	   0.000	       497.155	        99.858	     0.000	    93.962	    -0.444	    19.797	     0.000	    -0.156	397.490068	397.490068	497.436319	2354.706227
  35.200	   0.000	       496.624	        97.953	     0.000	    93.906	    -0.444	    19.752	     0.000	    -0.156	396.951900	396.951900	496.579570	2352.799980
  35.400	   0.000	       489.442	        97.135	     0.000	    93.850	    -0.443	    19.887	     0.000	    -0.158	390.036671	390.036671	489.761034	2351.836906
  35.600	   0.000	       480.882	        98.433	     0.000	    93.795	    -0.442	    20.133	     0.000	    -0.162	381.350528	381.350528	481.854662	2353.120728
  35.800	   0.000	       467.503	        99.685	     0.000	    93.739	    -0.441	    20.502	     0.000	    -0.168	368.436054	368.436054	468.278875	2354.372598
  36.000	   0.000	       461.590	       100.901	     0.000	    93.684	    -0.440	    20.720	     0.000	    -0.171	362.020334	362.020334	462.410756	2355.591358
  36.200	   0.000	       451.171	       101.101	     0.000	    93.629	    -0.440	    21.027	     0.000	    -0.176	351.502107	351.502107	451.168190	2355.922875
  36.400	   0.000	       449.705	        99.136	     0.000	    93.573	    -0.439	    21.009	     0.000	    -0.176	350.021823	350.021823	449.877726	2353.982286
  36.600	   0.000	       449.682	        97.243	     0.000	    93.518	    -0.438	    20.931	     0.000	    -0.175	349.830623	349.830623	449.543905	2352.086286
  36.800	   0.000	       449.067	        95.398	     0.000	    93.463	    -0.437	    20.892	     0.000	    -0.174	349.774133	349.774133	449.235678	2350.236742
  37.000	   0.000	       446.304	        94.532	     0.000	    93.408	    -0.437	    20.900	     0.000	    -0.174	347.008828	347.008828	446.687877	2349.240529
  37.200	   0.000	       448.250	        95.822	     0.000	    93.353	    -0.436	    20.887	     0.000	    -0.174	348.666734	348.666734	447.950856	2350.509393
  37.400	   0.000	       455.297	        97.055	     0.000	    93.298	    -0.435	    20.733	     0.000	    -0.172	355.429243	355.429243	454.277274	2351.742258
  37.600	   0.000	       461.800	        98.244	     0.000	    93.243	    -0.434	    20.544	     0.000	    -0.168	362.187647	362.187647	461.543604	2352.934026
  37.800	   0.000	       466.083	        98.514	     0.000	    93.188	    -0.434	    20.428	     0.000	    -0.167	366.683335	366.683335	465.657643	2353.321237
  38.000	   0.000	       476.523	        96.581	     0.000	    93.133	    -0.433	    20.074	     0.000	    -0.161	377.138870	377.138870	476.601989	2351.422730
  38.200	   0.000	       487.691	        94.739	     0.000	    93.079	    -0.432	    19.735	     0.000	    -0.155	388.030313	388.030313	486.782080	2349.582428
  38.400	   0.000	       497.827	        92.952	     0.000	    93.024	    -0.431	    19.430	     0.000	    -0.151	398.335940	398.335940	497.482449	2347.791085
  38.600	   0.000	       505.090	        92.055	     0.000	    92.970	    -0.430	    19.219	     0.000	    -0.147	405.499569	405.499569	504.632887	2346.776489
  38.800	   0.000	       510.356	        93.357	     0.000	    92.915	    -0.430	    19.105	     0.000	    -0.146	410.817442	410.817442	510.595086	2348.045289
  39.000	   0.000	       508.910	        94.579	     0.000	    92.861	    -0.429	    19.165	     0.000	    -0.147	409.176800	409.176800	509.025851	2349.268784
  39.200	   0.000	       506.902	        95.749	     0.000	    92.806	    -0.428	    19.225	     0.000	    -0.147	407.479728	407.479728	506.910907	2350.441705
  39.400	   0.000	       505.190	        96.090	     0.000	    92.752	    -0.427	    19.264	     0.000	    -0.148	405.704506	405.704506	505.531262	2350.884350
  39.600	   0.000	       507.724	        94.201	     0.000	    92.698	    -0.427	    19.131	     0.000	    -0.146	407.947499	407.947499	507.834605	2349.037274
  39.800	   0.000	       501.287	        92.420	     0.000	    92.644	    -0.426	    19.240	     0.000	    -0.148	401.650467	401.650467	501.454328	2347.257529
  40.000	   0.000	       491.045	        90.693	     0.000	    92.590	    -0.425	    19.425	     0.000	    -0.151	392.208343	392.208343	492.109459	2345.529644
  40.200	   0.000	       487.832	        89.783	     0.000	    92.535	    -0.424	    19.465	     0.000	    -0.151	388.447654	388.447654	488.246297	2344.513285
  40.400	   0.000	       478.352	        91.097	     0.000	    92.481	    -0.424	    19.717	     0.000	    -0.155	379.255977	379.255977	479.051694	2345.784659
  40.600	   0.000	       470.787	        92.309	     0.000	    92.428	    -0.423	    19.947	     0.000	    -0.159	370.619840	370.619840	470.726798	2346.998260
  40.800	   0.000	       461.162	        93.471	     0.000	    92.374	    -0.422	    20.213	     0.000	    -0.163	362.024106	362.024106	461.924235	2348.160973
  41.000	   0.000	       456.200	        93.882	     0.000	    92.320	    -0.422	    20.384	     0.000	    -0.166	356.757168	356.757168	456.717555	2348.662535
  41.200	   0.000	       450.974	        92.037	     0.000	    92.266	    -0.421	    20.447	     0.000	    -0.167	351.645766	351.645766	451.500932	2346.874362
  41.400	   0.000	       453.779	        90.322	     0.000	    92.213	    -0.420	    20.325	     0.000	    -0.165	354.144778	354.144778	453.385537	2345.157292
  41.600	   0.000	       458.625	        88.664	     0.000	    92.159	    -0.419	    20.127	     0.000	    -0.162	358.963877	358.963877	458.687903	2343.494474
  41.800	   0.000	       463.478	        87.751	     0.000	    92.105	    -0.419	    19.965	     0.000	    -0.159	364.032656	364.032656	463.454573	2342.485510
  42.000	   0.000	       465.665	        89.072	     0.000	    92.052	    -0.418	    19.920	     0.000	    -0.158	365.990780	365.990780	465.471836	2343.757772
  42.200	   0.000	       467.410	        90.279	     0.000	    91.998	    -0.417	    19.897	     0.000	    -0.158	368.025161	368.025161	466.894092	2344.971422
  42.400	   0.000	       477.258	        91.446	     0.000	    91.945	    -0.416	    19.659	     0.000	    -0.154	377.939408	377.939408	477.053912	2346.138077
  42.600	   0.000	       487.892	        91.925	     0.000	    91.892	    -0.416	    19.406	     0.000	    -0.150	388.356738	388.356738	487.673128	2346.696305
  42.800	   0.000	       491.983	        90.134	     0.000	    91.839	    -0.415	    19.263	     0.000	    -0.148	392.586839	392.586839	491.147562	2344.972041
  43.000	   0.000	       503.875	        88.481	     0.000	    91.785	    -0.414	    18.931	     0.000	    -0.143	404.324069	404.324069	503.840141	2343.314646
  43.200	   0.000	       507.922	        86.885	     0.000	    91.732	    -0.414	    18.781	     0.000	    -0.141	408.557556	408.557556	507.438202	2341.714491
  43.400	   0.000	       514.932	        85.979	     0.000	    91.679	    -0.413	    18.603	     0.000	    -0.138	415.529643	415.529643	514.987976	2340.717684
  43.600	   0.000	       517.028	        87.307	     0.000	    91.626	    -0.412	    18.565	     0.000	    -0.138	417.596135	417.596135	516.917697	2341.992180
  43.800	   0.000	       518.565	        88.528	     0.000	    91.573	    -0.411	    18.548	     0.000	    -0.137	419.156060	419.156060	518.562916	2343.217564
  44.000	   0.000	       510.980	        89.704	     0.000	    91.520	    -0.411	    18.724	     0.000	    -0.140	411.631186	411.631186	511.557552	2344.394499
  44.200	   0.000	       504.880	        90.241	     0.000	    91.468	    -0.410	    18.866	     0.000	    -0.142	405.035470	405.035470	505.102499	2345.003213
  44.400	   0.000	       499.427	        88.514	     0.000	    91.415	    -0.409	    18.946	     0.000	    -0.143	400.094078	400.094078	499.744713	2343.345155
  44.600	   0.000	       497.726	        86.920	     0.000	    91.362	    -0.409	    18.932	     0.000	    -0.143	398.400838	398.400838	497.882391	2341.744993
  44.800	   0.000	       491.046	        85.379	     0.000	    91.310	    -0.408	    19.034	     0.000	    -0.145	391.475088	391.475088	491.310240	2340.204966
  45.000	   0.000	       482.505	        84.480	     0.000	    91.257	    -0.407	    19.203	     0.000	    -0.147	382.979596	382.979596	482.950487	2339.225288
  45.200	   0.000	       473.695	        85.815	     0.000	    91.204	    -0.406	    19.440	     0.000	    -0.151	374.794183	374.794183	474.378298	2340.504279
  45.400	   0.000	       467.318	        87.056	     0.000	    91.152	    -0.406	    19.615	     0.000	    -0.154	368.118432	368.118432	468.235441	2341.745825
  45.600	   0.000	       460.964	        88.246	     0.000	    91.100	    -0.405	    19.816	     0.000	    -0.157	361.162392	361.162392	460.896016	2342.934730
  45.800	   0.000	       460.012	        88.839	     0.000	    91.047	    -0.404	    19.838	     0.000	    -0.157	360.635388	360.635388	460.480503	2343.594820
  46.000	   0.000	       457.595	        87.177	     0.000	    90.995	    -0.404	    19.876	     0.000	    -0.158	357.863429	357.863429	457.719448	2342.006043
  46.200	   0.000	       460.033	        85.636	     0.000	    90.943	    -0.403	    19.760	     0.000	    -0.156	360.013183	360.013183	459.639995	2340.457952
  46.400	   0.000	       464.074	        84.152	     0.000	    90.891	    -0.402	    19.616	     0.000	    -0.154	364.419145	364.419145	463.345637	2338.974663
  46.600	   0.000	       474.607	        83.267	     0.000	    90.839	    -0.402	    19.301	     0.000	    -0.149	375.308808	375.308808	474.338993	2338.014729
  46.800	   0.000	       481.517	        84.612	     0.000	    90.787	    -0.401	    19.141	     0.000	    -0.146	382.078537	382.078537	481.437404	2339.300677
  47.000	   0.000	       486.572	        85.875	     0.000	    90.735	    -0.400	    19.031	     0.000	    -0.145	387.262944	387.262944	486.575016	2340.563203
  47.200	   0.000	       490.783	        87.077	     0.000	    90.683	    -0.400	    18.964	     0.000	    -0.144	391.290173	391.290173	490.287795	2341.767854
  47.400	   0.000	       500.425	        87.731	     0.000	    90.631	    -0.399	    18.748	     0.000	    -0.140	400.786264	400.786264	499.902259	2342.479317
  47.600	   0.000	       506.459	        86.134	     0.000	    90.579	    -0.398	    18.569	     0.000	    -0.138	406.693456	406.693456	505.845121	2340.954621
  47.800	   0.000	       513.606	        84.630	     0.000	    90.527	    -0.397	    18.354	     0.000	    -0.134	414.084798	414.084798	513.621285	2339.453571
  48.000	   0.000	       522.533	        83.201	     0.000	    90.476	    -0.397	    18.142	     0.000	    -0.131	422.649803	422.649803	522.052119	2338.023563
  48.200	   0.000	       520.460	        82.335	     0.000	    90.424	    -0.396	    18.137	     0.000	    -0.131	420.928011	420.928011	520.694543	2337.084561
  48.400	   0.000	       521.532	        83.695	     0.000	    90.373	    -0.395	    18.142	     0.000	    -0.131	421.627660	421.627660	521.410946	2338.379317
  48.600	   0.000	       519.522	        84.983	     0.000	    90.321	    -0.395	    18.187	     0.000	    -0.132	419.750687	419.750687	519.734792	2339.666979
  48.800	   0.000	       514.368	        86.204	     0.000	    90.270	    -0.394	    18.307	     0.000	    -0.134	415.252400	415.252400	514.672473	2340.892532
  49.000	   0.000	       506.210	        86.912	     0.000	    90.218	    -0.393	    18.483	     0.000	    -0.136	406.551964	406.551964	507.132383	2341.655078
  49.200	   0.000	       495.644	        85.373	     0.000	    90.167	    -0.393	    18.697	     0.000	    -0.139	396.031332	396.031332	495.924161	2340.188290
  49.400	   0.000	       490.619	        83.912	     0.000	    90.116	    -0.392	    18.762	     0.000	    -0.140	390.802933	390.802933	490.824332	2338.734269
  49.600	   0.000	       486.622	        82.534	     0.000	    90.065	    -0.391	    18.812	     0.000	    -0.141	387.335825	387.335825	487.125226	2337.354448
  49.800	   0.000	       481.023	        81.681	     0.000	    90.013	    -0.391	    18.906	     0.000	    -0.143	381.101417	381.101417	480.863157	2336.435002
  50.000	   0.000	       474.719	        83.055	     0.000	    89.962	    -0.390	    19.085	     0.000	    -0.145	375.233319	375.233319	475.146536	2337.741146
  50.200	   0.000	       470.317	        84.371	     0.000	    89.911	    -0.389	    19.207	     0.000	    -0.147	370.962616	370.962616	470.709850	2339.054608
  50.400	   0.000	       465.300	        85.617	     0.000	    89.860	    -0.389	    19.363	     0.000	    -0.150	365.693560	365.693560	465.568212	2340.304761
  50.600	   0.000	       460.888	        86.383	     0.000	    89.809	    -0.388	    19.494	     0.000	    -0.152	361.807647	361.807647	460.795838	2341.119120
  50.800	   0.000	       469.687	        84.895	     0.000	    89.759	    -0.387	    19.229	     0.000	    -0.148	369.810192	369.810192	469.349644	2339.707779
  51.000	   0.000	       470.601	        83.479	     0.000	    89.708	    -0.387	    19.168	     0.000	    -0.147	371.159730	371.159730	470.337245	2338.300404
  51.200	   0.000	       477.266	        82.150	     0.000	    89.657	    -0.386	    18.958	     0.000	    -0.143	377.719224	377.719224	476.844982	2336.962728
  51.400	   0.000	       484.575	        81.308	     0.000	    89.606	    -0.385	    18.750	     0.000	    -0.140	385.387540	385.387540	484.454639	2336.061304
  51.600	   0.000	       497.123	        82.700	     0.000	    89.556	    -0.385	    18.486	     0.000	    -0.136	397.146886	397.146886	496.122743	2337.383494
  51.800	   0.000	       504.571	        84.040	     0.000	    89.505	    -0.384	    18.326	     0.000	    -0.134	405.428931	405.428931	504.714861	2338.725045
  52.000	   0.000	       508.784	        85.315	     0.000	    89.455	    -0.383	    18.250	     0.000	    -0.133	409.516148	409.516148	508.714706	2340.004335
  52.200	   0.000	       512.745	        86.137	     0.000	    89.404	    -0.383	    18.170	     0.000	    -0.132	413.323964	413.323964	512.589278	2340.869727
  52.400	   0.000	       519.460	        84.697	     0.000	    89.354	    -0.382	    17.994	     0.000	    -0.129	419.604425	419.604425	519.088776	2339.509721
  52.600	   0.000	       521.327	        83.326	     0.000	    89.303	    -0.382	    17.924	     0.000	    -0.128	421.813088	421.813088	521.089599	2338.145388
  52.800	   0.000	       526.998	        82.033	     0.000	    89.253	    -0.381	    17.786	     0.000	    -0.126	427.367105	427.367105	526.522784	2336.843581
  53.000	   0.000	       528.535	        81.206	     0.000	    89.203	    -0.380	    17.709	     0.000	    -0.125	428.962177	428.962177	528.558376	2335.961300
  53.200	   0.000	       525.742	        82.625	     0.000	    89.153	    -0.380	    17.774	     0.000	    -0.126	426.230918	426.230918	526.356725	2337.303425
  53.400	   0.000	       516.680	        83.995	     0.000	    89.103	    -0.379	    17.982	     0.000	    -0.129	417.775824	417.775824	517.461669	2338.676868
  53.600	   0.000	       513.103	        85.307	     0.000	    89.053	    -0.378	    18.074	     0.000	    -0.130	413.449694	413.449694	513.578806	2339.993163
  53.800	   0.000	       505.469	        86.184	     0.000	    89.003	    -0.378	    18.250	     0.000	    -0.133	406.082173	406.082173	505.600007	2340.913068
  54.000	   0.000	       497.673	        84.792	     0.000	    88.953	    -0.377	    18.386	     0.000	    -0.135	398.119952	398.119952	498.015338	2339.608867
  54.200	   0.000	       485.191	        83.478	     0.000	    88.903	    -0.376	    18.623	     0.000	    -0.138	385.640636	385.640636	485.358396	2338.291479
  54.400	   0.000	       483.096	        82.226	     0.000	    88.853	    -0.376	    18.648	     0.000	    -0.139	383.458389	383.458389	483.164383	2337.033986
  54.600	   0.000	       479.556	        81.423	     0.000	    88.803	    -0.375	    18.693	     0.000	    -0.139	379.991793	379.991793	479.853658	2336.183235
  54.800	   0.000	       477.731	        82.876	     0.000	    88.753	    -0.375	    18.769	     0.000	    -0.141	378.019805	378.019805	477.256523	2337.551032
  55.000	   0.000	       475.230	        84.281	     0.000	    88.704	    -0.374	    18.836	     0.000	    -0.142	375.987511	375.987511	475.202911	2338.960822
  55.200	   0.000	       474.775	        85.634	     0.000	    88.654	    -0.373	    18.858	     0.000	    -0.142	375.264708	375.264708	475.117100	2340.314832
  55.400	   0.000	       472.177	        86.566	     0.000	    88.605	    -0.373	    18.959	     0.000	    -0.143	372.825643	372.825643	472.213924	2341.288076
  55.600	   0.000	       476.217	        85.230	     0.000	    88.555	    -0.372	    18.819	     0.000	    -0.141	376.737108	376.737108	476.025955	2340.047737
  55.800	   0.000	       486.445	        83.970	     0.000	    88.506	    -0.371	    18.560	     0.000	    -0.137	386.698340	386.698340	485.394759	2338.778960
  56.000	   0.000	       493.338	        82.764	     0.000	    88.456	    -0.371	    18.344	     0.000	    -0.134	393.555473	393.555473	492.951300	2337.571422
  56.200	   0.000	       502.145	        81.998	     0.000	    88.407	    -0.370	    18.129	     0.000	    -0.131	402.283219	402.283219	501.310860	2336.756146
  56.400	   0.000	       509.354	        83.472	     0.000	    88.358	    -0.370	    17.998	     0.000	    -0.129	409.813235	409.813235	508.799419	2338.142678
  56.600	   0.000	       517.366	        84.905	     0.000	    88.308	    -0.369	    17.840	     0.000	    -0.127	417.997417	417.997417	517.186673	2339.585996
  56.800	   0.000	       526.572	        86.292	     0.000	    88.259	    -0.368	    17.652	     0.000	    -0.124	427.136494	427.136494	526.650696	2340.973556
  57.000	   0.000	       526.515	        87.276	     0.000	    88.210	    -0.368	    17.691	     0.000	    -0.125	426.759913	426.759913	526.109932	2341.995690
  57.200	   0.000	       529.690	        86.003	     0.000	    88.161	    -0.367	    17.577	     0.000	    -0.123	429.938419	429.938419	528.969868	2340.824535
  57.400	   0.000	       529.230	        84.802	     0.000	    88.112	    -0.366	    17.559	     0.000	    -0.123	429.727401	429.727401	529.347318	2339.605274
  57.600	   0.000	       527.204	        83.647	     0.000	    88.063	    -0.366	    17.552	     0.000	    -0.123	428.036011	428.036011	527.500225	2338.455041
  57.800	   0.000	       529.986	        82.920	     0.000	    88.014	    -0.365	    17.490	     0.000	    -0.122	430.274618	430.274618	529.725648	2337.676557
  58.000	   0.000	       527.383	        84.413	     0.000	    87.965	    -0.365	    17.548	     0.000	    -0.123	428.056110	428.056110	527.883553	2339.074258
  58.200	   0.000	       519.949	        85.875	     0.000	    87.917	    -0.364	    17.716	     0.000	    -0.125	420.226769	420.226769	520.375684	2340.551170
  58.400	   0.000	       507.722	        87.287	     0.000	    87.868	    -0.363	    17.984	     0.000	    -0.129	408.590357	408.590357	508.636622	2341.967235
  58.600	   0.000	       502.670	        88.314	     0.000	    87.819	    -0.363	    18.109	     0.000	    -0.131	402.718880	402.718880	502.659065	2343.032618
  58.800	   0.000	       493.110	        87.109	     0.000	    87.771	    -0.362	    18.283	     0.000	    -0.133	394.084156	394.084156	493.789514	2341.935569
  59.000	   0.000	       488.394	        85.963	     0.000	    87.722	    -0.362	    18.351	     0.000	    -0.134	389.049942	389.049942	489.097451	2340.765066
  59.200	   0.000	       482.610	        84.870	     0.000	    87.674	    -0.361	    18.452	     0.000	    -0.136	382.492179	382.492179	482.376300	2339.674500
  59.400	   0.000	       480.610	        84.179	     0.000	    87.625	    -0.360	    18.492	     0.000	    -0.136	380.801213	380.801213	480.008543	2338.933214
  59.600	   0.000	       480.347	        85.682	     0.000	    87.577	    -0.360	    18.496	     0.000	    -0.137	380.419658	380.419658	480.774495	2340.332271
  59.800	   0.000	       482.118	        87.170	     0.000	    87.528	    -0.359	    18.503	     0.000	    -0.137	382.712692	382.712692	481.903229	2341.844126
  60.000	   0.000	       486.203	        88.603	     0.000	    87.480	    -0.359	    18.421	     0.000	    -0.135	386.466093	386.466093	485.886169	2343.280963
  60.200	   0.000	       489.400	        89.672	     0.000	    87.432	    -0.358	    18.360	     0.000	    -0.135	389.901304	389.901304	489.407825	2344.385053
  60.400	   0.000	       488.998	        88.543	     0.000	    87.384	    -0.357	    18.346	     0.000	    -0.134	389.537924	389.537924	488.603388	2343.371488
  60.600	   0.000	       497.099	        87.443	     0.000	    87.335	    -0.357	    18.131	     0.000	    -0.131	397.985769	397.985769	497.135113	2342.246677
  60.800	   0.000	       508.038	        86.411	     0.000	    87.287	    -0.356	    17.872	     0.000	    -0.127	407.985651	407.985651	507.050879	2341.212969
  61.000	   0.000	       519.518	        85.754	     0.000	    87.239	    -0.356	    17.606	     0.000	    -0.124	419.453072	419.453072	518.700965	2340.507770
  61.200	   0.000	       524.638	        87.252	     0.000	    87.191	    -0.355	    17.512	     0.000	    -0.122	425.153792	425.153792	524.143261	2341.895862
  61.400	   0.000	       532.395	        88.769	     0.000	    87.143	    -0.355	    17.388	     0.000	    -0.121	432.548286	432.548286	531.847686	2343.442150
  61.600	   0.000	       534.910	        90.214	     0.000	    87.096	    -0.354	    17.343	     0.000	    -0.120	435.510887	435.510887	534.569951	2344.892661
  61.800	   0.000	       537.704	        91.322	     0.000	    87.048	    -0.353	    17.293	     0.000	    -0.119	438.569294	438.569294	537.818762	2346.029563
  62.000	   0.000	       535.348	        90.285	     0.000	    87.000	    -0.353	    17.321	     0.000	    -0.120	435.984801	435.984801	535.614291	2345.106245
  62.200	   0.000	       537.121	        89.213	     0.000	    86.952	    -0.352	    17.244	     0.000	    -0.119	437.669663	437.669663	536.940567	2344.014795
  62.400	   0.000	       529.724	        88.241	     0.000	    86.905	    -0.352	    17.359	     0.000	    -0.120	430.611350	430.611350	530.239686	2343.034417
  62.600	   0.000	       524.640	        87.612	     0.000	    86.857	    -0.351	    17.442	     0.000	    -0.121	425.190023	425.190023	524.626463	2342.368068
  62.800	   0.000	       523.385	        89.089	     0.000	    86.809	    -0.350	    17.494	     0.000	    -0.122	423.797253	423.797253	523.320464	2343.735242
  63.000	   0.000	       519.423	        90.634	     0.000	    86.762	    -0.350	    17.589	     0.000	    -0.123	419.906545	419.906545	520.085834	2345.307646
  63.200	   0.000	       509.526	        92.085	     0.000	    86.714	    -0.349	    17.818	     0.000	    -0.127	410.289959	410.289959	510.153293	2346.764443
  63.400	   0.000	       499.425	        93.217	     0.000	    86.667	    -0.349	    18.041	     0.000	    -0.130	399.984595	399.984595	499.916574	2347.923904
  63.600	   0.000	       492.178	        92.261	     0.000	    86.620	    -0.348	    18.196	     0.000	    -0.132	392.442200	392.442200	492.009487	2347.081042
  63.800	   0.000	       488.082	        91.218	     0.000	    86.572	    -0.348	    18.246	     0.000	    -0.133	388.650930	388.650930	488.101435	2346.022035
  64.000	   0.000	       484.960	        90.304	     0.000	    86.525	    -0.347	    18.299	     0.000	    -0.134	385.555214	385.555214	485.120999	2345.093387
  64.200	   0.000	       485.496	        89.707	     0.000	    86.478	    -0.346	    18.248	     0.000	    -0.133	386.097838	386.097838	485.166141	2344.464927
  64.400	   0.000	       487.876	        91.152	     0.000	    86.431	    -0.346	    18.232	     0.000	    -0.133	388.028717	388.028717	487.589527	2345.798465
  64.600	   0.000	       492.126	        92.718	     0.000	    86.384	    -0.345	    18.158	     0.000	    -0.132	392.708731	392.708731	492.019436	2347.387308
  64.800	   0.000	       493.585	        94.164	     0.000	    86.337	    -0.345	    18.166	     0.000	    -0.132	394.171462	394.171462	493.116740	2348.842125
  65.000	   0.000	       504.846	        95.309	     0.000	    86.290	    -0.344	    17.916	     0.000	    -0.128	405.190499	405.190499	504.399908	2350.011737
  65.200	   0.000	       510.202	        94.430	     0.000	    86.243	    -0.344	    17.771	     0.000	    -0.126	410.393326	410.393326	509.643075	2349.248322
  65.400	   0.000	       511.441	        93.407	     0.000	    86.196	    -0.343	    17.712	     0.000	    -0.125	412.213471	412.213471	511.354460	2348.217008
  65.600	   0.000	       520.656	        92.543	     0.000	    86.149	    -0.343	    17.498	     0.000	    -0.122	421.303412	421.303412	520.308621	2347.329422
  65.800	   0.000	       529.806	        91.969	     0.000	    86.102	    -0.342	    17.300	     0.000	    -0.119	430.161335	430.161335	529.054017	2346.728687
  66.000	   0.000	       539.383	        93.374	     0.000	    86.055	    -0.341	    17.125	     0.000	    -0.117	439.675020	439.675020	538.481717	2348.019860
  66.200	   0.000	       542.318	        94.950	     0.000	    86.009	    -0.341	    17.074	     0.000	    -0.116	442.730343	442.730343	542.276645	2349.610072
  66.400	   0.000	       545.055	        96.379	     0.000	    85.962	    -0.340	    17.046	     0.000	    -0.116	445.321167	445.321167	544.802322	2351.057123
  66.600	   0.000	       543.494	        97.524	     0.000	    85.915	    -0.340	    17.076	     0.000	    -0.116	443.973269	443.973269	543.519961	2352.225880
  66.800	   0.000	       540.071	        96.712	     0.000	    85.869	    -0.339	    17.121	     0.000	    -0.117	441.216184	441.216184	540.476671	2351.529878
  67.000	   0.000	       535.848	        95.721	     0.000	    85.822	    -0.339	    17.181	     0.000	    -0.118	435.831940	435.831940	535.758601	2350.528261
  67.200	   0.000	       532.007	        94.880	     0.000	    85.776	    -0.338	    17.228	     0.000	    -0.118	432.830873	432.830873	532.268005	2349.668029
  67.400	   0.000	       525.332	        94.326	     0.000	    85.730	    -0.338	    17.328	     0.000	    -0.120	425.379806	425.379806	525.770412	2349.087568
  67.600	   0.000	       516.980	        95.685	     0.000	    85.683	    -0.337	    17.537	     0.000	    -0.123	417.372251	417.372251	516.639649	2350.330914
  67.800	   0.000	       512.595	        97.245	     0.000	    85.637	    -0.336	    17.645	     0.000	    -0.124	413.276038	413.276038	512.552854	2351.908133
  68.000	   0.000	       509.588	        98.659	     0.000	    85.591	    -0.336	    17.735	     0.000	    -0.126	409.936517	409.936517	510.112966	2353.339977
  68.200	   0.000	       500.927	        99.794	     0.000	    85.545	    -0.335	    17.945	     0.000	    -0.129	401.100136	401.100136	500.857214	2354.497261
  68.400	   0.000	       493.808	        99.042	     0.000	    85.498	    -0.335	    18.062	     0.000	    -0.130	394.702461	394.702461	494.531125	2353.860646
  68.600	   0.000	       488.262	        98.076	     0.000	    85.452	    -0.334	    18.166	     0.000	    -0.132	388.996443	388.996443	488.527713	2352.880765
  68.800	   0.000	       489.943	        97.252	     0.000	    85.406	    -0.334	    18.094	     0.000	    -0.131	390.365709	390.365709	489.732210	2352.036193
  69.000	   0.000	       490.477	        96.714	     0.000	    85.360	    -0.333	    18.063	     0.000	    -0.130	391.122450	391.122450	490.719649	2351.471036
  69.200	   0.000	       498.231	        98.011	     0.000	    85.314	    -0.333	    17.919	     0.000	    -0.128	398.521397	398.521397	497.434692	2352.658721
  69.400	   0.000	       503.085	        99.542	     0.000	    85.268	    -0.332	    17.844	     0.000	    -0.127	403.525786	403.525786	502.753888	2354.208450
  69.600	   0.000	       509.078	       100.935	     0.000	    85.223	    -0.332	    17.709	     0.000	    -0.125	409.061358	409.061358	508.637294	2355.619368
  69.800	   0.000	       513.825	       102.053	     0.000	    85.177	    -0.331	    17.642	     0.000	    -0.124	414.368742	414.368742	513.523560	2356.756510
  70.000	   0.000	       524.941	       101.349	     0.000	    85.131	    -0.331	    17.373	     0.000	    -0.120	425.753434	425.753434	524.736742	2356.168594
  70.200	   0.000	       529.016	       100.405	     0.000	    85.085	    -0.330	    17.258	     0.000	    -0.119	429.743838	429.743838	529.098415	2355.203674
  70.400	   0.000	       533.670	        99.575	     0.000	    85.040	    -0.329	    17.139	     0.000	    -0.117	434.244070	434.244070	533.613790	2354.365661
  70.600	   0.000	       539.119	        99.051	     0.000	    84.994	    -0.329	    17.021	     0.000	    -0.116	439.686805	439.686805	538.804755	2353.806035
  70.800	   0.000	       544.872	       100.279	     0.000	    84.949	    -0.328	    16.920	     0.000	    -0.114	445.251992	445.251992	544.418298	2354.930971
  71.000	   0.000	       550.425	       101.772	     0.000	    84.903	    -0.328	    16.840	     0.000	    -0.113	450.474322	450.474322	549.943856	2356.447792
  71.200	   0.000	       551.196	       103.152	     0.000	    84.858	    -0.327	    16.828	     0.000	    -0.113	451.616058	451.616058	551.134677	2357.834684
  71.400	   0.000	       546.667	       104.242	     0.000	    84.812	    -0.327	    16.939	     0.000	    -0.114	447.275081	447.275081	546.825250	2358.945420
  71.600	   0.000	       542.103	       103.575	     0.000	    84.767	    -0.326	    16.986	     0.000	    -0.115	442.538019	442.538019	542.396267	2358.395882
  71.800	   0.000	       531.621	       102.641	     0.000	    84.722	    -0.326	    17.167	     0.000	    -0.118	432.368448	432.368448	532.205230	2357.435544
  72.000	   0.000	       528.376	       101.807	     0.000	    84.676	    -0.325	    17.216	     0.000	    -0.118	428.640441	428.640441	528.501006	2356.600000
  72.200	   0.000	       522.554	       101.277	     0.000	    84.631	    -0.325	    17.313	     0.000	    -0.120	423.114164	423.114164	522.581282	2356.037181
  72.400	   0.000	       515.450	       102.439	     0.000	    84.586	    -0.324	    17.471	     0.000	    -0.122	416.032718	416.032718	515.989962	2357.094674
  72.600	   0.000	       506.213	       103.900	     0.000	    84.541	    -0.324	    17.690	     0.000	    -0.125	406.920259	406.920259	506.360148	2358.578322
  72.800	   0.000	       505.857	       105.251	     0.000	    84.496	    -0.323	    17.727	     0.000	    -0.125	406.308460	406.308460	505.847050	2359.929965
  73.000	   0.000	       502.008	       106.307	     0.000	    84.451	    -0.323	    17.827	     0.000	    -0.127	402.537698	402.537698	502.178876	2361.007174
  73.200	   0.000	       497.696	       105.671	     0.000	    84.406	    -0.322	    17.909	     0.000	    -0.128	398.033046	398.033046	497.741985	2360.489899
  73.400	   0.000	       496.557	       104.736	     0.000	    84.361	    -0.322	    17.893	     0.000	    -0.128	397.590250	397.590250	497.083226	2359.525984
  73.600	   0.000	       494.551	       103.896	     0.000	    84.316	    -0.321	    17.925	     0.000	    -0.128	394.878480	394.878480	494.236396	2358.691241
  73.800	   0.000	       498.526	       103.361	     0.000	    84.271	    -0.321	    17.812	     0.000	    -0.127	399.133737	399.133737	497.862293	2358.118683
  74.000	   0.000	       505.210	       104.446	     0.000	    84.226	    -0.320	    17.670	     0.000	    -0.125	405.648177	405.648177	504.968237	2359.106367
  74.200	   0.000	       515.974	       105.871	     0.000	    84.182	    -0.320	    17.483	     0.000	    -0.122	416.413226	416.413226	515.051662	2360.554164
  74.400	   0.000	       525.078	       107.182	     0.000	    84.137	    -0.319	    17.293	     0.000	    -0.119	425.342790	425.342790	524.510404	2361.860891
  74.600	   0.000	       527.953	       108.198	     0.000	    84.092	    -0.319	    17.249	     0.000	    -0.119	428.407059	428.407059	527.600213	2362.905752
  74.800	   0.000	       534.167	       107.597	     0.000	    84.048	    -0.318	    17.107	     0.000	    -0.117	434.860713	434.860713	533.788339	2362.417120
  75.000	   0.000	       542.404	       106.652	     0.000	    84.003	    -0.318	    16.913	     0.000	    -0.114	442.949106	442.949106	542.033686	2361.441570
  75.200	   0.000	       546.315	       105.811	     0.000	    83.959	    -0.317	    16.800	     0.000	    -0.113	446.912836	446.912836	546.210045	2360.606318
  75.400	   0.000	       547.657	       105.254	     0.000	    83.914	    -0.317	    16.768	     0.000	    -0.112	448.260512	448.260512	547.383526	2360.015191
  75.600	   0.000	       548.778	       106.273	     0.000	    83.870	    -0.316	    16.738	     0.000	    -0.112	450.079282	450.079282	549.344553	2360.930179
  75.800	   0.000	       551.981	       107.657	     0.000	    83.826	    -0.316	    16.715	     0.000	    -0.111	451.970055	451.970055	551.181099	2362.343924
  76.000	   0.000	       549.277	       108.918	     0.000	    83.781	    -0.315	    16.778	     0.000	    -0.112	449.970870	449.970870	549.168343	2363.602291
  76.200	   0.000	       547.536	       109.910	     0.000	    83.737	    -0.315	    16.795	     0.000	    -0.113	447.867952	447.867952	547.804759	2364.618962
  76.400	   0.000	       541.128	       109.332	     0.000	    83.693	    -0.314	    16.909	     0.000	    -0.114	441.539192	441.539192	541.752157	2364.152372
  76.600	   0.000	       532.573	       108.366	     0.000	    83.649	    -0.314	    17.050	     0.000	    -0.116	432.900295	432.900295	532.745167	2363.154354
  76.800	   0.000	       518.781	       107.525	     0.000	    83.605	    -0.313	    17.304	     0.000	    -0.119	419.868914	419.868914	519.749696	2362.315358
  77.000	   0.000	       516.255	       106.937	     0.000	    83.560	    -0.313	    17.347	     0.000	    -0.120	416.688449	416.688449	516.093250	2361.701478
  77.200	   0.000	       511.832	       107.881	     0.000	    83.516	    -0.312	    17.437	     0.000	    -0.121	412.435908	412.435908	512.275417	2362.542337
  77.400	   0.000	       507.605	       109.235	     0.000	    83.472	    -0.312	    17.559	     0.000	    -0.123	407.946304	407.946304	507.861141	2363.925412
  77.600	   0.000	       502.051	       110.446	     0.000	    83.429	    -0.311	    17.712	     0.000	    -0.125	402.557450	402.557450	502.010988	2365.136151
  77.800	   0.000	       502.506	       111.413	     0.000	    83.385	    -0.311	    17.711	     0.000	    -0.125	403.255031	403.255031	502.493849	2366.122579
  78.000	   0.000	       501.126	       110.857	     0.000	    83.341	    -0.310	    17.720	     0.000	    -0.125	401.625035	401.625035	501.329945	2365.672090
  78.200	   0.000	       503.284	       109.859	     0.000	    83.297	    -0.310	    17.646	     0.000	    -0.124	403.488184	403.488184	502.932551	2364.648000
  78.400	   0.000	       505.339	       109.015	     0.000	    83.253	    -0.309	    17.579	     0.000	    -0.123	405.709101	405.709101	505.324160	2363.802264
  78.600	   0.000	       509.552	       108.393	     0.000	    83.210	    -0.309	    17.459	     0.000	    -0.122	410.120483	410.120483	509.567322	2363.163994
  78.800	   0.000	       515.860	       109.268	     0.000	    83.166	    -0.308	    17.334	     0.000	    -0.120	415.850174	415.850174	514.909429	2363.931584
  79.000	   0.000	       523.616	       110.587	     0.000	    83.122	    -0.308	    17.181	     0.000	    -0.118	424.199189	424.199189	523.067222	2365.286752
  79.200	   0.000	       534.297	       111.754	     0.000	    83.079	    -0.307	    16.988	     0.000	    -0.115	434.933526	434.933526	533.764832	2366.449504
  79.400	   0.000	       546.070	       112.697	     0.000	    83.035	    -0.307	    16.758	     0.000	    -0.112	446.372442	446.372442	545.849235	2367.401982
  79.600	   0.000	       543.992	       112.151	     0.000	    82.992	    -0.306	    16.774	     0.000	    -0.112	444.986146	444.986146	544.276232	2366.965141
  79.800	   0.000	       549.888	       111.125	     0.000	    82.948	    -0.306	    16.636	     0.000	    -0.110	450.244711	450.244711	549.718785	2365.911632
  80.000	   0.000	       551.220	       110.271	     0.000	    82.905	    -0.305	    16.582	     0.000	    -0.110	452.060660	452.060660	551.315816	2365.053671
  80.200	   0.000	       553.115	       109.617	     0.000	    82.862	    -0.305	    16.525	     0.000	    -0.109	453.723988	453.723988	553.258537	2364.391278
  80.400	   0.000	       551.717	       110.420	     0.000	    82.818	    -0.304	    16.560	     0.000	    -0.109	452.451343	452.451343	551.757479	2365.085003
  80.600	   0.000	       550.619	       111.717	     0.000	    82.775	    -0.304	    16.584	     0.000	    -0.110	451.067907	451.067907	550.656579	2366.415297
  80.800	   0.000	       546.351	       112.832	     0.000	    82.732	    -0.303	    16.683	     0.000	    -0.111	446.851557	446.851557	546.579899	2367.532827
  81.000	   0.000	       541.032	       113.743	     0.000	    82.689	    -0.303	    16.792	     0.000	    -0.113	441.306625	441.306625	541.269293	2368.447268
  81.200	   0.000	       535.484	       113.210	     0.000	    82.646	    -0.302	    16.882	     0.000	    -0.114	436.351194	436.351194	535.901656	2368.024759
  81.400	   0.000	       527.633	       112.145	     0.000	    82.603	    -0.302	    17.009	     0.000	    -0.115	427.975454	427.975454	527.977236	2366.936318
  81.600	   0.000	       518.316	       111.276	     0.000	    82.560	    -0.301	    17.176	     0.000	    -0.118	418.711110	418.711110	519.019056	2366.058669
  81.800	   0.000	       508.793	       110.599	     0.000	    82.517	    -0.301	    17.352	     0.000	    -0.120	409.437456	409.437456	509.467667	2365.375932
  82.000	   0.000	       504.354	       111.327	     0.000	    82.474	    -0.301	    17.484	     0.000	    -0.122	405.057342	405.057342	504.266284	2365.995649
  82.200	   0.000	       505.921	       112.601	     0.000	    82.431	    -0.300	    17.443	     0.000	    -0.121	406.647871	406.647871	506.258423	2367.301584
  82.400	   0.000	       503.742	       113.677	     0.000	    82.388	    -0.300	    17.524	     0.000	    -0.123	404.142961	404.142961	503.632104	2368.377606
  82.600	   0.000	       505.028	       114.545	     0.000	    82.345	    -0.299	    17.499	     0.000	    -0.122	405.724034	405.724034	505.301053	2369.252482
  82.800	   0.000	       506.742	       114.026	     0.000	    82.302	    -0.299	    17.447	     0.000	    -0.121	407.256992	407.256992	506.737011	2368.844037
  83.000	   0.000	       509.221	       112.926	     0.000	    82.260	    -0.298	    17.362	     0.000	    -0.120	409.543330	409.543330	509.141895	2367.716268
  83.200	   0.000	       514.726	       112.030	     0.000	    82.217	    -0.298	    17.226	     0.000	    -0.118	414.925960	414.925960	513.690428	2366.814705
  83.400	   0.000	       520.190	       111.335	     0.000	    82.174	    -0.297	    17.078	     0.000	    -0.116	421.080276	421.080276	520.426400	2366.111496
  83.600	   0.000	       527.503	       111.982	     0.000	    82.132	    -0.297	    16.920	     0.000	    -0.114	428.168742	428.168742	527.461920	2366.655179
  83.800	   0.000	       533.163	       113.237	     0.000	    82.089	    -0.296	    16.834	     0.000	    -0.113	433.666376	433.666376	532.843760	2367.938217
  84.000	   0.000	       542.589	       114.269	     0.000	    82.047	    -0.296	    16.654	     0.000	    -0.111	443.005876	443.005876	541.986176	2368.976466
  84.200	   0.000	       551.942	       115.101	     0.000	    82.004	    -0.295	    16.491	     0.000	    -0.109	452.178388	452.178388	551.188827	2369.810942
  84.400	   0.000	       557.079	       114.600	     0.000	    81.962	    -0.295	    16.375	     0.000	    -0.107	457.910355	457.910355	556.917674	2369.415560
  84.600	   0.000	       554.719	       113.455	     0.000	    81.920	    -0.295	    16.374	     0.000	    -0.107	455.223193	455.223193	554.949570	2368.243390
  84.800	   0.000	       556.081	       112.531	     0.000	    81.877	    -0.294	    16.348	     0.000	    -0.107	456.333412	456.333412	555.397074	2367.314449
  85.000	   0.000	       551.587	       111.814	     0.000	    81.835	    -0.294	    16.390	     0.000	    -0.107	452.174610	452.174610	551.956456	2366.588503
  85.200	   0.000	       549.161	       112.377	     0.000	    81.793	    -0.293	    16.432	     0.000	    -0.108	449.996678	449.996678	549.422682	2367.056492
  85.400	   0.000	       546.470	       113.618	     0.000	    81.751	    -0.293	    16.507	     0.000	    -0.109	446.712553	446.712553	546.258785	2368.320124
  85.600	   0.000	       541.822	       114.615	     0.000	    81.708	    -0.292	    16.592	     0.000	    -0.110	442.392056	442.392056	541.912729	2369.325209
  85.800	   0.000	       534.104	       115.401	     0.000	    81.666	    -0.292	    16.760	     0.000	    -0.112	434.712939	434.712939	534.693206	2370.119792
  86.000	   0.000	       527.010	       114.921	     0.000	    81.624	    -0.291	    16.891	     0.000	    -0.114	427.293339	427.293339	527.258154	2369.731801
  86.200	   0.000	       520.401	       113.725	     0.000	    81.582	    -0.291	    16.981	     0.000	    -0.115	420.852171	420.852171	520.648003	2368.511492
  86.400	   0.000	       515.680	       112.764	     0.000	    81.540	    -0.290	    17.058	     0.000	    -0.116	416.282410	416.282410	516.055507	2367.551011
  86.600	   0.000	       506.383	       112.027	     0.000	    81.498	    -0.290	    17.238	     0.000	    -0.119	407.058634	407.058634	506.869424	2366.797550
  86.800	   0.000	       500.794	       112.511	     0.000	    81.457	    -0.290	    17.362	     0.000	    -0.120	401.604119	401.604119	501.196645	2367.195736
  87.000	   0.000	       500.962	       113.739	     0.000	    81.415	    -0.289	    17.383	     0.000	    -0.121	401.580378	401.580378	501.195664	2368.442074
  87.200	   0.000	       507.099	       114.705	     0.000	    81.373	    -0.289	    17.253	     0.000	    -0.119	407.631014	407.631014	506.739957	2369.414789
  87.400	   0.000	       506.162	       115.454	     0.000	    81.331	    -0.288	    17.285	     0.000	    -0.119	407.434942	407.434942	506.553369	2370.171929
  87.600	   0.000	       515.814	       114.975	     0.000	    81.289	    -0.288	    17.060	     0.000	    -0.116	415.930104	415.930104	515.516823	2369.784135
  87.800	   0.000	       517.590	       113.720	     0.000	    81.248	    -0.287	    16.989	     0.000	    -0.115	418.479279	418.479279	517.665009	2368.510740
  88.000	   0.000	       521.798	       112.721	     0.000	    81.206	    -0.287	    16.869	     0.000	    -0.114	422.403619	422.403619	521.706385	2367.513038
  88.200	   0.000	       529.150	       111.947	     0.000	    81.165	    -0.286	    16.704	     0.000	    -0.111	429.466706	429.466706	528.615206	2366.721190
  88.400	   0.000	       537.769	       112.358	     0.000	    81.123	    -0.286	    16.528	     0.000	    -0.109	437.879146	437.879146	537.287170	2367.047259
  88.600	   0.000	       544.755	       113.564	     0.000	    81.082	    -0.286	    16.412	     0.000	    -0.107	445.276152	445.276152	544.661753	2368.266819
  88.800	   0.000	       548.456	       114.487	     0.000	    81.040	    -0.285	    16.347	     0.000	    -0.107	449.077795	449.077795	548.229926	2369.196996
  89.000	   0.000	       552.637	       115.187	     0.000	    80.999	    -0.285	    16.269	     0.000	    -0.106	453.167917	453.167917	552.568739	2369.908425
  89.200	   0.000	       559.499	       114.705	     0.000	    80.957	    -0.284	    16.122	     0.000	    -0.104	459.897575	459.897575	559.445909	2369.510010
  89.400	   0.000	       559.579	       113.390	     0.000	    80.916	    -0.284	    16.096	     0.000	    -0.103	459.954454	459.954454	559.525265	2368.185654
  89.600	   0.000	       555.298	       112.352	     0.000	    80.875	    -0.283	    16.131	     0.000	    -0.104	455.666205	455.666205	555.588627	2367.149187
  89.800	   0.000	       548.687	       111.544	     0.000	    80.834	    -0.283	    16.237	     0.000	    -0.105	449.289730	449.289730	548.802223	2366.318091
  90.000	   0.000	       543.967	       111.881	     0.000	    80.792	    -0.283	    16.309	     0.000	    -0.106	444.395346	444.395346	545.094715	2366.574944
  90.200	   0.000	       535.531	       113.054	     0.000	    80.751	    -0.282	    16.494	     0.000	    -0.109	436.239722	436.239722	535.729250	2367.759193
  90.400	   0.000	       533.396	       113.933	     0.000	    80.710	    -0.282	    16.554	     0.000	    -0.109	433.516756	433.516756	533.506440	2368.642924
  90.600	   0.000	       527.985	       114.585	     0.000	    80.669	    -0.281	    16.644	     0.000	    -0.111	428.795708	428.795708	528.418374	2369.309957
  90.800	   0.000	       520.071	       114.089	     0.000	    80.628	    -0.281	    16.802	     0.000	    -0.113	420.556973	420.556973	520.619446	2368.898745
  91.000	   0.000	       511.326	       112.732	     0.000	    80.587	    -0.280	    16.945	     0.000	    -0.115	412.065212	412.065212	511.856339	2367.528468
  91.200	   0.000	       506.921	       111.660	     0.000	    80.546	    -0.280	    17.018	     0.000	    -0.116	407.366586	407.366586	507.172473	2366.456079
  91.400	   0.000	       505.971	       110.810	     0.000	    80.505	    -0.280	    17.008	     0.000	    -0.115	406.824960	406.824960	506.462796	2365.586967
  91.600	   0.000	       502.296	       111.085	     0.000	    80.464	    -0.279	    17.084	     0.000	    -0.116	402.371828	402.371828	502.220990	2365.776642
  91.800	   0.000	       501.253	       112.213	     0.000	    80.423	    -0.279	    17.118	     0.000	    -0.117	402.028822	402.028822	501.333988	2366.922315
  92.000	   0.000	       505.632	       113.048	     0.000	    80.383	    -0.278	    17.051	     0.000	    -0.116	406.228696	406.228696	505.633087	2367.757839
  92.200	   0.000	       512.147	       113.654	     0.000	    80.342	    -0.278	    16.909	     0.000	    -0.114	413.154304	413.154304	512.048671	2368.382421
  92.400	   0.000	       519.185	       113.149	     0.000	    80.301	    -0.277	    16.745	     0.000	    -0.112	419.703136	419.703136	519.031213	2367.959271
  92.600	   0.000	       528.625	       111.747	     0.000	    80.261	    -0.277	    16.525	     0.000	    -0.109	428.818544	428.818544	527.695575	2366.547790
  92.800	   0.000	       532.223	       110.648	     0.000	    80.220	    -0.277	    16.411	     0.000	    -0.107	432.798458	432.798458	532.346339	2365.444478
  93.000	   0.000	       536.481	       109.761	     0.000	    80.179	    -0.276	    16.308	     0.000	    -0.106	436.926140	436.926140	536.337156	2364.541819
  93.200	   0.000	       541.560	       109.970	     0.000	    80.139	    -0.276	    16.219	     0.000	    -0.105	442.130027	442.130027	541.208652	2364.664284
  93.400	   0.000	       548.375	       111.060	     0.000	    80.098	    -0.275	    16.088	     0.000	    -0.103	448.906287	448.906287	548.221588	2365.772242
  93.600	   0.000	       554.979	       111.851	     0.000	    80.058	    -0.275	    15.973	     0.000	    -0.102	455.509390	455.509390	555.234610	2366.560697
  93.800	   0.000	       556.147	       112.416	     0.000	    80.017	    -0.274	    15.961	     0.000	    -0.102	455.900389	455.900389	555.635728	2367.143905
  94.000	   0.000	       554.606	       111.903	     0.000	    79.977	    -0.274	    15.966	     0.000	    -0.102	455.254154	455.254154	554.730218	2366.712388
  94.200	   0.000	       556.331	       110.471	     0.000	    79.937	    -0.274	    15.899	     0.000	    -0.101	456.678129	456.678129	556.126973	2365.266163
  94.400	   0.000	       549.339	       109.340	     0.000	    79.896	    -0.273	    15.989	     0.000	    -0.102	450.182965	450.182965	549.967088	2364.140627
  94.600	   0.000	       544.393	       108.422	     0.000	    79.856	    -0.273	    16.054	     0.000	    -0.103	445.104380	445.104380	544.720260	2363.208713
  94.800	   0.000	       535.325	       108.571	     0.000	    79.816	    -0.272	    16.218	     0.000	    -0.105	435.977375	435.977375	535.855163	2363.266490
  95.000	   0.000	       528.114	       109.624	     0.000	    79.776	    -0.272	    16.376	     0.000	    -0.107	428.151766	428.151766	528.311816	2364.341651
  95.200	   0.000	       517.739	       110.374	     0.000	    79.736	    -0.272	    16.582	     0.000	    -0.110	418.782363	418.782363	518.451407	2365.082261
  95.400	   0.000	       518.334	       110.900	     0.000	    79.696	    -0.271	    16.592	     0.000	    -0.110	418.371620	418.371620	518.063073	2365.627011
  95.600	   0.000	       512.722	       110.386	     0.000	    79.656	    -0.271	    16.679	     0.000	    -0.111	413.379801	413.379801	512.873587	2365.194132
  95.800	   0.000	       508.068	       108.921	     0.000	    79.616	    -0.270	    16.728	     0.000	    -0.112	408.484733	408.484733	508.412712	2363.718767
  96.000	   0.000	       503.174	       107.778	     0.000	    79.576	    -0.270	    16.806	     0.000	    -0.113	403.397790	403.397790	503.322741	2362.581440
  96.200	   0.000	       500.706	       106.836	     0.000	    79.536	    -0.270	    16.839	     0.000	    -0.113	401.335998	401.335998	500.678031	2361.629265
  96.400	   0.000	       502.731	       106.928	     0.000	    79.496	    -0.269	    16.781	     0.000	    -0.112	403.351856	403.351856	502.956823	2361.627952
  96.600	   0.000	       505.093	       107.960	     0.000	    79.456	    -0.269	    16.753	     0.000	    -0.112	405.570732	405.570732	505.006322	2362.676806
  96.800	   0.000	       508.925	       108.659	     0.000	    79.416	    -0.268	    16.683	     0.000	    -0.111	409.369802	409.369802	508.317162	2363.370237
  97.000	   0.000	       518.122	       109.153	     0.000	    79.376	    -0.268	    16.496	     0.000	    -0.109	418.570027	418.570027	517.994646	2363.879859
  97.200	   0.000	       523.044	       108.647	     0.000	    79.337	    -0.268	    16.383	     0.000	    -0.107	423.810953	423.810953	522.476773	2363.454933
  97.400	   0.000	       533.043	       107.157	     0.000	    79.297	    -0.267	    16.148	     0.000	    -0.104	433.846809	433.846809	533.246500	2361.958617
  97.600	   0.000	       540.628	       106.011	     0.000	    79.257	    -0.267	    15.978	     0.000	    -0.102	441.214126	441.214126	540.121455	2360.820680
  97.800	   0.000	       545.977	       105.067	     0.000	    79.218	    -0.266	    15.850	     0.000	    -0.100	446.284775	446.284775	545.952869	2359.856893
  98.000	   0.000	       544.625	       105.101	     0.000	    79.178	    -0.266	    15.862	     0.000	    -0.100	445.258413	445.258413	544.670195	2359.802591
  98.200	   0.000	       549.028	       106.114	     0.000	    79.139	    -0.266	    15.809	     0.000	    -0.100	448.976280	448.976280	548.574165	2360.827494
  98.400	   0.000	       552.343	       106.769	     0.000	    79.099	    -0.265	    15.743	     0.000	    -0.099	452.765203	452.765203	552.085581	2361.478540
  98.600	   0.000	       553.405	       107.236	     0.000	    79.060	    -0.265	    15.723	     0.000	    -0.099	453.862031	453.862031	553.435598	2361.961628
  98.800	   0.000	       550.264	       106.747	     0.000	    79.020	    -0.264	    15.763	     0.000	    -0.099	450.927612	450.927612	550.753736	2361.553094
  99.000	   0.000	       546.681	       105.241	     0.000	    78.981	    -0.264	    15.776	     0.000	    -0.099	447.475967	447.475967	547.195261	2360.046750
  99.200	   0.000	       541.737	       104.110	     0.000	    78.942	    -0.264	    15.842	     0.000	    -0.100	442.197566	442.197566	541.928789	2358.918266
  99.400	   0.000	       532.194	       103.157	     0.000	    78.902	    -0.263	    15.988	     0.000	    -0.102	432.747036	432.747036	532.896919	2357.949759
  99.600	   0.000	       525.441	       103.141	     0.000	    78.863	    -0.263	    16.104	     0.000	    -0.103	425.999883	425.999883	525.767607	2357.848346
  99.800	   0.000	       518.215	       104.143	     0.000	    78.824	    -0.262	    16.262	     0.000	    -0.106	418.903119	418.903119	518.957238	2358.854089
 100.000	   0.000	       508.918	       104.757	     0.000	    78.785	    -0.262	    16.449	     0.000	    -0.108	409.349070	409.349070	509.337252	2359.472523
