  1	  2	  3	  4	  5	 14	 15	 16	 17	 18	 19	 20	 21	以上是沿线管道号
与进水口距离	  最大压力值	 最小压力值
    0.00	     2807.00	     2807.00
   10.77	     2807.27	     2806.70
   21.55	     2807.42	     2806.53
   32.32	     2807.57	     2806.36
   43.10	     2807.73	     2806.20
   53.87	     2807.88	     2806.03
   64.65	     2808.04	     2805.87
   75.42	     2808.17	     2805.70
   86.20	     2808.30	     2805.55
   96.97	     2808.43	     2805.39
  107.75	     2808.55	     2805.24
  118.53	     2808.68	     2805.08
  129.30	     2808.82	     2804.93
  140.08	     2808.84	     2804.92
  151.08	     2809.45	     2804.35
  162.09	     2809.62	     2804.12
  173.09	     2809.82	     2803.89
  184.10	     2810.05	     2803.67
  195.11	     2810.23	     2803.45
  206.11	     2810.43	     2803.20
  217.12	     2810.65	     2802.98
  228.13	     2810.87	     2802.75
  239.13	     2811.04	     2802.53
  250.14	     2811.24	     2802.32
  261.15	     2811.42	     2802.09
  272.15	     2811.64	     2801.86
  283.16	     2811.85	     2801.60
  294.17	     2812.06	     2801.37
  305.17	     2812.26	     2801.15
  316.18	     2812.45	     2800.93
  327.19	     2812.65	     2800.70
  338.19	     2812.86	     2800.45
  349.20	     2813.06	     2800.24
  360.21	     2813.25	     2800.02
  371.21	     2813.46	     2799.78
  382.22	     2813.66	     2799.54
  393.23	     2813.86	     2799.30
  404.23	     2814.06	     2799.07
  415.24	     2814.26	     2798.84
  426.25	     2814.47	     2798.61
  437.25	     2814.67	     2798.37
  448.26	     2814.86	     2798.13
  459.27	     2815.06	     2797.92
  470.27	     2815.27	     2797.67
  481.28	     2815.46	     2797.46
  492.29	     2815.67	     2797.24
  503.29	     2815.89	     2797.01
  514.30	     2816.09	     2796.77
  525.31	     2816.29	     2796.49
  536.31	     2816.51	     2796.21
  547.32	     2816.67	     2796.02
  558.33	     2816.86	     2795.82
  569.33	     2817.09	     2795.58
  580.34	     2817.33	     2795.32
  591.34	     2817.53	     2795.09
  602.35	     2817.72	     2794.84
  613.36	     2817.88	     2794.61
  624.36	     2818.08	     2794.38
  635.37	     2818.33	     2794.15
  646.38	     2818.54	     2793.92
  657.38	     2818.73	     2793.67
  668.39	     2818.96	     2793.42
  679.40	     2819.24	     2793.19
  690.40	     2819.36	     2792.97
  701.41	     2819.55	     2792.72
  712.42	     2819.75	     2792.47
  723.42	     2819.97	     2792.23
  734.43	     2820.17	     2791.98
  745.44	     2820.38	     2791.75
  756.44	     2820.59	     2791.51
  767.45	     2820.80	     2791.25
  778.46	     2821.01	     2791.01
  789.46	     2821.21	     2790.78
  800.47	     2821.41	     2790.55
  811.48	     2821.62	     2790.27
  822.48	     2821.72	     2790.01
  833.49	     2821.90	     2789.78
  844.50	     2822.11	     2789.54
  855.50	     2822.31	     2789.31
  866.51	     2822.49	     2789.09
  877.52	     2822.66	     2788.87
  888.52	     2822.86	     2788.64
  899.53	     2823.06	     2788.38
  910.54	     2823.23	     2788.17
  921.54	     2823.41	     2787.96
  932.55	     2823.61	     2787.69
  943.56	     2823.79	     2787.39
  954.56	     2823.98	     2787.24
  965.57	     2824.19	     2787.06
  976.58	     2824.39	     2786.81
  987.58	     2824.58	     2786.59
  998.59	     2824.77	     2786.42
 1009.59	     2824.96	     2786.19
 1020.60	     2825.15	     2785.91
 1031.61	     2825.38	     2785.66
 1042.61	     2825.52	     2785.42
 1053.62	     2825.72	     2785.24
 1064.63	     2825.91	     2785.05
 1075.63	     2826.10	     2784.81
 1086.64	     2826.30	     2784.53
 1097.65	     2826.50	     2784.31
 1108.65	     2826.68	     2784.10
 1119.66	     2826.87	     2783.86
 1130.67	     2827.08	     2783.64
 1141.67	     2827.28	     2783.43
 1152.68	     2827.48	     2783.19
 1163.69	     2827.66	     2782.97
 1174.69	     2827.86	     2782.74
 1185.70	     2828.05	     2782.50
 1196.71	     2828.26	     2782.28
 1207.71	     2828.46	     2782.06
 1218.72	     2828.66	     2781.82
 1229.73	     2828.85	     2781.60
 1240.73	     2829.01	     2781.37
 1251.74	     2829.21	     2781.14
 1262.75	     2829.42	     2780.91
 1273.75	     2829.62	     2780.68
 1284.76	     2829.83	     2780.45
 1295.77	     2830.01	     2780.23
 1306.77	     2830.21	     2779.99
 1317.78	     2830.42	     2779.76
 1328.79	     2830.59	     2779.53
 1339.79	     2830.79	     2779.31
 1350.80	     2830.99	     2779.09
 1361.81	     2831.19	     2778.88
 1372.81	     2831.40	     2778.64
 1383.82	     2831.59	     2778.40
 1394.83	     2831.79	     2778.13
 1405.83	     2832.00	     2777.93
 1416.84	     2832.20	     2777.73
 1427.85	     2832.39	     2777.50
 1438.85	     2832.58	     2777.24
 1449.86	     2832.78	     2777.06
 1460.86	     2832.98	     2776.83
 1471.87	     2833.18	     2776.56
 1482.88	     2833.18	     2776.81
 1493.54	     2834.37	     2775.76
 1504.21	     2834.35	     2775.93
 1514.88	     2835.11	     2775.28
 1526.03	     2835.32	     2774.64
 1537.17	     2836.01	     2773.60
 1548.32	     2836.54	     2773.14
 1559.47	     2837.19	     2772.59
 1570.61	     2837.83	     2771.83
 1581.76	     2838.27	     2770.84
 1592.91	     2839.01	     2770.38
 1604.06	     2839.72	     2769.59
 1615.20	     2840.25	     2768.85
 1626.35	     2840.89	     2767.90
 1637.50	     2841.47	     2767.43
 1648.65	     2841.99	     2766.64
 1659.79	     2842.62	     2766.04
 1670.94	     2843.10	     2765.31
 1682.09	     2843.87	     2764.61
 1693.24	     2844.50	     2763.74
 1704.38	     2845.32	     2762.98
 1715.53	     2845.44	     2761.99
 1726.68	     2846.50	     2761.62
 1737.82	     2846.77	     2760.72
 1748.97	     2847.57	     2760.36
 1760.12	     2847.53	     2759.93
 1771.27	     2848.33	     2759.10
 1782.41	     2848.69	     2758.84
 1793.56	     2849.40	     2757.84
 1804.71	     2849.87	     2757.56
 1815.86	     2850.39	     2756.80
 1827.00	     2850.94	     2756.65
 1838.15	     2851.46	     2756.01
 1849.30	     2851.80	     2755.70
 1860.45	     2852.48	     2755.43
 1871.59	     2852.76	     2754.91
 1882.74	     2853.56	     2754.00
 1893.89	     2853.38	     2753.14
 1905.04	     2854.23	     2752.84
 1916.02	     2854.68	     2750.16
 1927.01	     2855.16	     2746.34
 1938.00	     2855.99	     2745.32
 1948.99	     2856.40	     2742.90
 1959.98	     2857.42	     2739.83
 1970.97	     2857.22	     2737.63
 1981.96	     2858.36	     2738.85
 1992.95	     2858.73	     2737.75
 2003.94	     2859.12	     2737.99
 2014.93	     2859.86	     2736.42
 2025.92	     2859.83	     2735.54
 2036.91	     2860.61	     2733.55
 2047.90	     2860.71	     2732.65
 2058.89	     2861.35	     2731.62
 2069.88	     2861.54	     2730.14
 2080.87	     2862.29	     2728.22
 2091.86	     2862.66	     2726.84
 2102.85	     2863.00	     2725.37
 2113.84	     2863.78	     2723.87
 2124.83	     2863.76	     2722.33
 2135.82	     2864.34	     2721.17
 2146.81	     2864.69	     2719.66
 2157.80	     2865.06	     2717.97
 2168.79	     2865.40	     2716.08
 2179.78	     2866.19	     2714.79
 2190.77	     2866.29	     2713.29
 2201.76	     2866.85	     2712.00
 2212.75	     2867.13	     2710.40
 2223.74	     2867.56	     2709.11
 2234.73	     2867.37	     2707.54
 2245.72	     2867.93	     2705.63
 2256.71	     2868.09	     2703.96
 2267.70	     2868.37	     2702.24
 2278.69	     2868.35	     2701.06
 2289.68	     2869.04	     2699.62
 2300.67	     2869.23	     2697.99
 2311.66	     2869.51	     2696.30
 2322.65	     2869.84	     2695.18
 2333.64	     2869.84	     2693.97
 2344.63	     2870.07	     2692.57
 2355.62	     2870.33	     2691.01
 2366.61	     2870.65	     2689.47
 2377.59	     2870.87	     2687.80
 2388.58	     2870.83	     2686.26
 2399.57	     2871.14	     2684.90
 2410.56	     2871.36	     2683.50
 2421.55	     2871.67	     2681.88
 2432.54	     2871.81	     2680.33
 2443.53	     2872.18	     2678.77
 2454.52	     2872.61	     2677.33
 2465.51	     2872.99	     2675.90
 2476.50	     2873.37	     2674.37
 2487.49	     2873.59	     2672.91
 2498.48	     2874.06	     2671.35
 2509.47	     2874.27	     2669.79
 2520.46	     2874.50	     2668.19
 2531.45	     2874.96	     2666.94
 2542.44	     2875.05	     2665.49
 2553.43	     2875.51	     2664.06
 2564.42	     2875.56	     2662.42
 2575.41	     2875.96	     2661.07
 2586.40	     2876.15	     2659.71
 2597.39	     2876.75	     2658.37
 2608.38	     2877.02	     2656.85
 2619.37	     2877.32	     2655.38
 2630.36	     2877.80	     2653.91
 2641.35	     2878.40	     2652.56
 2652.34	     2878.67	     2651.23
 2663.33	     2878.67	     2649.84
 2674.32	     2879.42	     2648.36
 2685.31	     2879.85	     2647.08
 2696.30	     2880.16	     2645.90
 2707.29	     2879.93	     2644.71
 2718.28	     2880.88	     2643.12
 2729.27	     2880.84	     2641.65
 2740.26	     2881.62	     2640.37
 2751.25	     2881.71	     2639.18
 2762.24	     2881.60	     2637.77
 2773.23	     2882.46	     2636.43
 2784.22	     2882.34	     2635.15
 2795.21	     2883.19	     2633.97
 2806.71	     2882.54	     2632.29
 2818.21	     2883.43	     2630.71
 2829.72	     2883.25	     2628.62
 2841.22	     2883.05	     2627.04
 2852.73	     2883.87	     2625.38
 2870.11	     2883.13	     2594.37
 2876.64	     2883.01	     2607.94
 2886.20	     2883.04	     2608.76
 2895.76	     2388.97	     2325.64
 2908.52	     2388.31	     2325.64
 2921.28	     2381.95	     2325.64
 2932.15	     2381.20	     2325.65
 2943.01	     2380.37	     2325.66
 2953.88	     2379.51	     2325.67
 2964.74	     2378.57	     2325.68
 2975.61	     2378.61	     2325.70
 2986.48	     2376.93	     2325.70
 2997.34	     2376.15	     2325.70
 3008.21	     2378.92	     2325.70
 3019.07	     2381.88	     2325.72
 3029.94	     2377.97	     2325.73
 3040.80	     2372.88	     2325.75
 3051.67	     2375.13	     2325.76
 3062.54	     2376.39	     2325.77
 3073.40	     2376.91	     2325.76
 3084.27	     2375.58	     2325.77
 3095.13	     2374.89	     2325.77
 3106.00	     2375.25	     2325.78
 3116.86	     2376.17	     2325.80
 3127.73	     2375.33	     2325.81
 3138.60	     2375.28	     2325.83
 3149.46	     2374.50	     2325.85
 3160.33	     2374.07	     2325.87
 3171.19	     2373.30	     2325.91
 3182.06	     2372.71	     2325.94
 3192.92	     2372.83	     2325.98
 3203.79	     2372.68	     2326.03
 3214.66	     2372.42	     2326.09
 3225.52	     2371.38	     2326.14
 3236.39	     2371.05	     2326.20
 3247.25	     2370.71	     2326.25
 3258.12	     2370.49	     2326.30
 3268.98	     2370.14	     2326.36
 3279.85	     2369.73	     2326.44
 3290.71	     2369.60	     2326.51
 3301.58	     2369.25	     2326.58
 3312.45	     2369.38	     2326.66
 3323.31	     2369.06	     2326.74
 3334.18	     2368.62	     2326.81
 3345.04	     2363.11	     2326.87
 3355.07	     2363.09	     2326.96
 3365.09	     2362.80	     2327.26
 3375.12	     2362.52	     2327.57
 3385.14	     2362.30	     2327.84
 3395.16	     2362.04	     2328.14
 3405.19	     2361.75	     2328.46
 3415.21	     2361.53	     2328.74
 3425.24	     2361.29	     2329.02
 3435.26	     2361.00	     2329.33
 3445.28	     2360.75	     2329.61
 3455.31	     2360.50	     2329.88
 3465.33	     2360.24	     2330.21
 3475.36	     2359.96	     2330.51
 3485.38	     2359.74	     2330.78
 3495.41	     2359.49	     2331.09
 3505.43	     2359.18	     2331.41
 3515.45	     2358.96	     2331.68
 3525.48	     2358.73	     2331.93
 3535.50	     2358.45	     2332.30
 3545.53	     2358.14	     2332.62
 3555.55	     2357.95	     2332.90
 3565.57	     2357.68	     2333.18
 3575.60	     2357.39	     2333.52
 3585.62	     2357.14	     2333.81
 3595.65	     2356.92	     2334.08
 3605.67	     2356.62	     2334.39
 3615.69	     2356.34	     2334.69
 3625.72	     2356.10	     2334.97
 3635.74	     2355.82	     2335.28
 3645.77	     2355.54	     2335.61
 3655.79	     2355.30	     2335.90
 3665.82	     2355.05	     2336.20
 3675.84	     2354.74	     2336.52
 3685.86	     2354.50	     2336.79
 3695.89	     2354.25	     2337.07
 3705.91	     2353.67	     2337.53
 3716.05	     2353.45	     2337.73
 3726.19	     2353.10	     2338.03
 3736.32	     2352.75	     2338.33
 3746.46	     2352.41	     2338.62
 3756.59	     2352.06	     2338.92
 3766.73	     2351.72	     2339.22
 3776.87	     2351.37	     2339.51
 3787.00	     2351.03	     2339.81
 3797.14	     2350.68	     2340.11
 3807.28	     2350.34	     2340.40
 3817.41	     2349.99	     2340.70
 3827.55	     2349.65	     2340.99
 3837.69	     2349.30	     2341.30
 3847.82	     2348.95	     2341.60
 3857.96	     2348.61	     2341.90
 3868.10	     2348.26	     2342.20
 3878.23	     2347.91	     2342.50
 3888.37	     2347.56	     2342.80
 3898.51	     2347.21	     2343.10
 3908.64	     2346.87	     2343.41
 3918.78	     2346.52	     2343.71
 3928.92	     2346.17	     2344.01
 3939.05	     2345.82	     2344.31
 3949.19	     2345.48	     2344.61
 3959.33	     2345.00	     2345.00
